# SQEE Animation Format


################################################################################

SECTION Header

BoneCount 56
PoseCount 23
TotalTime 22

Times 1 1 1 1 1 1 1 1 1 1 1 1 1 1 1 1 1 1 1 1 1 1 0


################################################################################

SECTION Poses


##### Pose: 0 ##############################################

0.0 -0.00032 0.0 1.0 0.0 0.0 0.707107 0.707107
0.0 0.0 0.6234 1.0 0.0 0.0 0.0 1.0
0.0 0.0 0.0 1.0 0.0 0.0 0.0 1.0
-0.14777 -0.01601 -0.05066 1.0 -0.028406 0.121184 -0.381123 0.916107
0.0 0.0 -0.6234 1.0 0.0 0.0 0.0 1.0
0.00313 0.12307 0.0005 1.0 0.331539 -0.617967 0.339449 0.626876
0.00313 -0.12307 0.0005 1.0 -0.05016 0.951124 -0.199406 0.2304
0.00295 0.0 0.10781 1.0 0.096264 0.146563 0.214943 0.960756
0.00295 0.0 0.10781 1.0 0.039554 0.078582 0.109402 0.990097
0.0 0.0 0.12763 1.0 -0.073304 0.053504 0.132737 0.986988
-0.0032 0.00172 -0.20993 1.0 -0.04487 0.549011 0.079338 0.83083
0.00398 -0.00156 0.20992 1.0 0.038871 0.703441 -0.048831 0.708008
-0.00508 0.00195 -0.15497 1.0 -0.007965 -0.001251 0.004748 0.999956
-0.00596 0.00184 -0.184 1.0 0.021661 -0.177517 0.009583 0.983833
-0.02319 0.09435 0.08792 1.0 0.02124 0.02493 0.155415 0.987306
-0.02727 0.0 0.12737 1.0 -0.04019 -0.034552 -0.038864 0.997838
0.0051 -0.0019 0.155 1.0 0.001105 0.000299 -0.105268 0.994443
0.00594 -0.00257 0.184 1.0 -0.031368 -0.139963 -0.054263 0.988171
-0.02319 -0.09435 0.08792 1.0 0.13063 0.991393 -0.004041 0.007703
0.01955 0.0 0.11236 1.0 -0.046193 -0.097207 0.052876 0.992785
-0.0012 0.0935 -0.00094 1.0 -0.164847 -0.049136 0.34161 0.923966
0.1367 0.00103 -0.07412 1.0 -0.004184 -0.034505 0.000122 0.999396
0.0012 -0.0935 0.00094 1.0 -0.081121 -0.144143 0.07127 0.983648
-0.1367 -0.00103 0.07412 1.0 0.002699 0.026899 -0.007721 0.999605
0.04184 0.0 0.29363 1.0 0.0 0.0 0.0 1.0
0.0 0.17528 0.00003 1.0 0.074076 -0.136721 -0.493393 0.855794
0.21175 -0.00194 0.03537 1.0 0.0 0.0 0.0 1.0
0.01545 -0.00217 0.03772 1.0 0.0 0.0 0.0 1.0
0.20253 -0.00433 0.07298 1.0 0.0 0.0 0.0 1.0
0.0 -0.17528 -0.00003 1.0 -0.042487 -0.146864 -0.571565 0.806188
0.21133 -0.00375 0.03157 1.0 0.0 0.0 0.0 1.0
0.00298 0.17235 0.00029 1.0 0.026273 -0.202053 0.084285 0.975387
0.00262 0.18335 0.00147 1.0 -0.001152 -0.180575 -0.000211 0.983561
0.00526 -0.17205 0.00275 1.0 -0.108387 -0.005686 -0.044176 0.993111
0.00647 -0.18302 0.00187 1.0 -0.012807 -0.091314 0.049058 0.994531
0.05434 0.14794 0.03756 1.0 -0.392478 -0.012715 -0.045611 0.918542
0.01196 0.15393 0.04553 1.0 -0.4455 0.005857 -0.013206 0.895165
-0.03124 0.14728 0.04113 1.0 -0.546889 -0.002285 0.022348 0.836904
-0.07001 0.1413 0.02956 1.0 -0.594665 -0.013827 0.055361 0.801946
0.09958 0.0939 -0.02147 1.0 -0.321654 0.011613 -0.067248 0.944395
-0.05434 -0.14794 -0.03756 1.0 -0.396039 0.001665 -0.011131 0.918165
-0.01196 -0.15393 -0.04553 1.0 -0.432777 -0.001802 -0.002163 0.901497
0.03124 -0.14728 -0.04113 1.0 -0.582784 0.019142 0.016218 0.81224
0.07001 -0.1413 -0.02956 1.0 -0.642204 0.016564 0.023385 0.765998
-0.0109 -0.15418 0.00369 1.0 0.717573 0.015677 0.014675 0.696153
-0.09958 -0.09391 0.02147 1.0 -0.263333 -0.044972 0.005671 0.96364
0.00074 0.05825 -0.00249 1.0 -0.607798 0.008988 -0.00061 0.794041
0.00034 0.05524 -0.00625 1.0 -0.545875 0.006099 -0.000772 0.837844
0.00033 0.0566 -0.00383 1.0 -0.519003 0.005563 -0.000566 0.854754
0.00078 0.0516 -0.00392 1.0 -0.578107 0.00981 -0.000752 0.815902
0.00086 0.05627 -0.00025 1.0 0.003526 0.00512 0.529461 0.848311
-0.00074 -0.05825 0.00249 1.0 -0.663392 0.014678 -0.0013 0.748127
-0.00034 -0.05524 0.00625 1.0 -0.69182 -0.004788 0.001059 0.722053
-0.00033 -0.0566 0.00383 1.0 -0.608183 0.007633 0.0 0.79376
-0.00078 -0.0516 0.00392 1.0 -0.606797 -0.004357 -0.000173 0.794845
-0.00086 -0.05627 0.00025 1.0 0.002205 0.001818 0.634421 0.772982


##### Pose: 1 ##############################################

0.0 -0.00032 0.0 1.0 0.0 0.0 0.707107 0.707107
0.0 0.0 0.6234 1.0 0.0 0.0 0.0 1.0
0.0 0.0 0.0 1.0 0.0 0.0 0.0 1.0
-0.15371 -0.03055 -0.1078 1.0 -0.040497 -0.158285 -0.37171 0.913859
0.0 0.0 -0.6234 1.0 0.0 0.0 0.0 1.0
0.00313 0.12307 0.0005 1.0 0.273355 -0.297202 0.389705 0.827694
0.00313 -0.12307 0.0005 1.0 -0.00691 0.933533 -0.278274 0.225902
0.00295 0.0 0.10781 1.0 0.151882 0.17326 0.076774 0.970061
0.00295 0.0 0.10781 1.0 0.072776 0.090039 0.039447 0.992492
0.0 0.0 0.12763 1.0 -0.035685 0.042402 0.082067 0.995085
-0.00347 0.00175 -0.20993 1.0 -0.003751 0.282922 0.018088 0.958965
0.00402 -0.00156 0.20992 1.0 -0.023117 0.796656 0.028472 0.603319
-0.00508 0.00195 -0.15497 1.0 -0.001119 -0.001402 0.077712 0.996974
-0.00596 0.00184 -0.184 1.0 0.046722 -0.00435 0.078737 0.99579
-0.02319 0.09435 0.08792 1.0 -0.017015 0.009542 0.107988 0.993961
-0.02727 0.0 0.12737 1.0 -0.069806 0.128185 0.005 0.989278
0.0051 -0.0019 0.155 1.0 -0.002231 0.000913 -0.118694 0.992928
0.00594 -0.00257 0.184 1.0 -0.127678 -0.370758 -0.097384 0.914742
-0.02319 -0.09435 0.08792 1.0 0.195285 0.980741 -0.00322 0.000664
0.01955 0.0 0.11236 1.0 -0.015847 0.011177 0.153958 0.987887
-0.0012 0.0935 -0.00094 1.0 -0.200391 -0.170482 0.175782 0.94862
0.1367 0.00103 -0.07412 1.0 -0.001839 -0.028677 0.000122 0.999587
0.0012 -0.0935 0.00094 1.0 -0.043746 0.011108 -0.124391 0.991206
-0.1367 -0.00103 0.07412 1.0 0.001629 -0.041779 -0.001475 0.999125
0.04184 0.0 0.29363 1.0 0.0 0.0 0.0 1.0
0.0 0.17528 0.00003 1.0 0.053001 -0.076231 -0.632337 0.76911
0.21175 -0.00194 0.03537 1.0 0.0 0.0 0.0 1.0
0.01545 -0.00217 0.03772 1.0 0.0 0.0 0.0 1.0
0.20253 -0.00433 0.07298 1.0 0.0 0.0 0.0 1.0
0.0 -0.17528 -0.00003 1.0 -0.075411 -0.283778 -0.333517 0.895851
0.21133 -0.00375 0.03157 1.0 0.0 0.0 0.0 1.0
0.00298 0.17235 0.00214 1.0 0.094911 0.158726 0.194142 0.963383
0.00269 0.18335 0.00364 1.0 0.01542 0.175199 0.002955 0.984408
0.0025 -0.17205 0.00248 1.0 -0.06548 0.272585 -0.079173 0.95663
0.00171 -0.18302 0.00157 1.0 -0.006412 -0.04629 0.016629 0.998769
0.05434 0.14794 0.03756 1.0 -0.128727 -0.007587 -0.097104 0.986885
0.01196 0.15393 0.04553 1.0 -0.319257 0.010479 -0.024072 0.947304
-0.03124 0.14728 0.04113 1.0 -0.474694 -0.012324 0.04388 0.87897
-0.07001 0.1413 0.02956 1.0 -0.522418 -0.046266 0.10689 0.844697
0.09958 0.0939 -0.02147 1.0 -0.334365 0.006415 -0.177104 0.925631
-0.05434 -0.14794 -0.03756 1.0 -0.150136 -0.006451 -0.025395 0.988318
-0.01196 -0.15393 -0.04553 1.0 -0.318398 0.004553 -0.003931 0.947938
0.03124 -0.14728 -0.04113 1.0 -0.490524 0.025051 0.034555 0.870382
0.07001 -0.1413 -0.02956 1.0 -0.575175 0.040748 0.051349 0.8154
-0.0103 -0.15375 0.00787 1.0 0.713382 0.008213 0.006961 0.700692
-0.09958 -0.09391 0.02147 1.0 -0.278122 -0.11632 -0.054588 0.951913
0.00074 0.05825 -0.00249 1.0 -0.470532 0.009056 0.001105 0.882336
0.00034 0.05524 -0.00625 1.0 -0.450292 0.006929 -0.000488 0.892854
0.00033 0.0566 -0.00383 1.0 -0.440601 0.005404 0.0 0.897687
0.00078 0.0516 -0.00392 1.0 -0.461331 0.008645 -0.000273 0.887186
0.00086 0.05627 -0.00025 1.0 0.00703 0.007884 0.368183 0.929693
-0.00074 -0.05825 0.00249 1.0 -0.633093 0.010204 -0.001135 0.774008
-0.00034 -0.05524 0.00625 1.0 -0.666385 -0.000086 0.001462 0.745606
-0.00033 -0.0566 0.00383 1.0 -0.565592 0.006167 0.00015 0.824662
-0.00078 -0.0516 0.00392 1.0 -0.564568 0.001043 -0.000273 0.825386
-0.00086 -0.05627 0.00025 1.0 0.004585 0.006241 0.651652 0.758479


##### Pose: 2 ##############################################

0.0 -0.00032 0.0 1.0 0.0 0.0 0.707107 0.707107
0.0 0.0 0.6234 1.0 0.0 0.0 0.0 1.0
0.0 0.0 0.0 1.0 0.0 0.0 0.0 1.0
-0.1563 -0.0323 -0.1598 1.0 -0.033263 -0.254384 -0.359987 0.89699
0.0 0.0 -0.6234 1.0 0.0 0.0 0.0 1.0
0.00313 0.12307 0.0005 1.0 0.248365 -0.193621 0.39498 0.863028
0.00313 -0.12307 0.0005 1.0 0.005437 0.963587 -0.1996 0.177849
0.00295 0.0 0.10781 1.0 0.1453 0.113544 0.010344 0.982796
0.00295 0.0 0.10781 1.0 0.072907 0.057359 0.005137 0.995675
0.0 0.0 0.12763 1.0 -0.018612 0.03638 0.046493 0.998082
-0.00374 0.00178 -0.20993 1.0 0.002837 0.200078 -0.03052 0.9793
0.00406 -0.00155 0.20992 1.0 -0.111843 0.767537 0.121356 0.619395
-0.00508 0.00195 -0.15497 1.0 0.003664 -0.001847 0.11097 0.993815
-0.00596 0.00184 -0.184 1.0 0.068713 0.070791 0.109829 0.989042
-0.02319 0.09435 0.08792 1.0 -0.026829 0.0 0.082016 0.99627
-0.02727 0.0 0.12737 1.0 -0.074094 0.195708 0.011474 0.977792
0.0051 -0.0019 0.155 1.0 -0.003042 0.001678 -0.091831 0.995769
0.00594 -0.00257 0.184 1.0 -0.032733 -0.431918 -0.086937 0.897116
-0.02319 -0.09435 0.08792 1.0 0.229995 0.973161 -0.006669 -0.003941
0.01955 0.0 0.11236 1.0 0.014996 0.048223 0.186271 0.9812
-0.0012 0.0935 -0.00094 1.0 -0.252816 -0.190989 -0.01364 0.948378
0.1367 0.00103 -0.07412 1.0 -0.000345 -0.025302 0.000173 0.99968
0.0012 -0.0935 0.00094 1.0 -0.075593 0.080486 -0.117764 0.986884
-0.1367 -0.00103 0.07412 1.0 0.001164 -0.075438 0.002241 0.997147
0.04184 0.0 0.29363 1.0 0.0 0.0 0.0 1.0
0.0 0.17528 0.00003 1.0 0.000323 -0.019527 -0.38007 0.924752
0.21175 -0.00194 0.03537 1.0 0.0 0.0 0.0 1.0
0.01545 -0.00217 0.03772 1.0 0.0 0.0 0.0 1.0
0.20253 -0.00433 0.07298 1.0 0.0 0.0 0.0 1.0
0.0 -0.17528 -0.00003 1.0 -0.111701 -0.381893 -0.358827 0.844348
0.21133 -0.00375 0.03157 1.0 0.0 0.0 0.0 1.0
0.00298 0.17235 -0.00006 1.0 0.032957 0.292471 0.019874 0.9555
0.00276 0.18335 0.00104 1.0 0.005074 0.293109 -0.000173 0.956066
-0.00027 -0.17205 0.00221 1.0 -0.022096 0.416705 -0.020273 0.908547
-0.00305 -0.18302 0.00126 1.0 -0.000386 -0.023453 -0.000173 0.999725
0.05434 0.14794 0.03756 1.0 -0.005051 0.003275 -0.119473 0.992819
0.01196 0.15393 0.04553 1.0 -0.260556 0.013891 -0.02966 0.964903
-0.03124 0.14728 0.04113 1.0 -0.44051 -0.018245 0.05256 0.896022
-0.07001 0.1413 0.02956 1.0 -0.488135 -0.0637 0.128295 0.860934
0.09958 0.0939 -0.02147 1.0 -0.341815 0.005585 -0.225603 0.912269
-0.05434 -0.14794 -0.03756 1.0 -0.034196 -0.011943 -0.025473 0.999019
-0.01196 -0.15393 -0.04553 1.0 -0.265118 0.008118 -0.004359 0.964172
0.03124 -0.14728 -0.04113 1.0 -0.44721 0.0264 0.043247 0.892993
0.07001 -0.1413 -0.02956 1.0 -0.543289 0.050346 0.064713 0.835533
-0.0097 -0.15333 0.01205 1.0 0.709082 0.000653 -0.000662 0.705125
-0.09958 -0.09391 0.02147 1.0 -0.287557 -0.146737 -0.079275 0.94313
0.00074 0.05825 -0.00249 1.0 -0.403863 0.009022 0.002017 0.914773
0.00034 0.05524 -0.00625 1.0 -0.40486 0.007364 -0.000323 0.914349
0.00033 0.0566 -0.00383 1.0 -0.403793 0.005205 0.000345 0.914836
0.00078 0.0516 -0.00392 1.0 -0.405131 0.008074 -0.000122 0.914223
0.00086 0.05627 -0.00025 1.0 0.008563 0.008759 0.290564 0.956777
-0.00074 -0.05825 0.00249 1.0 -0.618189 0.007768 -0.001185 0.78599
-0.00034 -0.05524 0.00625 1.0 -0.654939 0.002525 0.001777 0.755675
-0.00033 -0.0566 0.00383 1.0 -0.545837 0.005464 0.000086 0.837874
-0.00078 -0.0516 0.00392 1.0 -0.54554 0.004059 -0.000086 0.838075
-0.00086 -0.05627 0.00025 1.0 0.005565 0.008438 0.659084 0.752001


##### Pose: 3 ##############################################

0.0 -0.00032 0.0 1.0 0.0 0.0 0.707107 0.707107
0.0 0.0 0.6234 1.0 0.0 0.0 0.0 1.0
0.0 0.0 0.0 1.0 0.0 0.0 0.0 1.0
-0.06663 -0.03406 -0.21811 1.0 -0.008863 -0.187514 -0.359123 0.914216
0.0 0.0 -0.6234 1.0 0.0 0.0 0.0 1.0
0.00313 0.12307 0.0005 1.0 0.271776 -0.322148 0.428373 0.799284
0.00313 -0.12307 0.0005 1.0 0.221745 0.936926 -0.190303 0.19179
0.00295 0.0 0.10781 1.0 0.146443 0.051808 0.003707 0.987855
0.00295 0.0 0.10781 1.0 0.073569 0.025601 0.001987 0.99696
0.0 0.0 0.12763 1.0 -0.016646 0.043227 0.039178 0.998158
-0.00401 0.0018 -0.20993 1.0 0.013601 0.325779 -0.048575 0.944099
0.00749 -0.00379 0.20992 1.0 0.087358 0.804009 -0.038029 0.586934
-0.00508 0.00195 -0.15497 1.0 0.003307 -0.001444 0.064528 0.997909
-0.00596 0.00184 -0.184 1.0 0.012459 0.235583 0.037971 0.971032
-0.02319 0.09435 0.08792 1.0 -0.027999 -0.008188 0.0888 0.995622
-0.02727 0.0 0.12737 1.0 -0.076349 0.164848 0.018565 0.983184
0.0051 -0.0019 0.155 1.0 -0.005798 0.002072 -0.097219 0.995244
0.00594 -0.00257 0.184 1.0 -0.034355 -0.550857 -0.072992 0.830692
-0.02319 -0.09435 0.08792 1.0 0.229108 0.973374 -0.004498 -0.005686
0.01955 0.0 0.11236 1.0 0.013906 0.023993 0.194736 0.980464
-0.0012 0.0935 -0.00094 1.0 -0.177367 -0.229918 -0.017525 0.956751
0.1367 0.00103 -0.07412 1.0 0.000457 -0.024382 0.000299 0.999703
0.0012 -0.0935 0.00094 1.0 -0.05589 0.103394 -0.162816 0.979631
-0.1367 -0.00103 0.07412 1.0 0.000423 -0.001835 0.003054 0.999994
0.04184 0.0 0.29363 1.0 0.0 0.0 0.0 1.0
0.0 0.17528 0.00003 1.0 0.001726 -0.028337 -0.303571 0.952386
0.21175 -0.00194 0.03537 1.0 0.0 0.0 0.0 1.0
0.01545 -0.00217 0.03772 1.0 0.0 0.0 0.0 1.0
0.20253 -0.00433 0.07298 1.0 0.0 0.0 0.0 1.0
0.0 -0.17528 -0.00003 1.0 -0.058882 -0.372308 -0.413824 0.828655
0.21133 -0.00375 0.03157 1.0 0.0 0.0 0.0 1.0
0.00298 0.17235 -0.00007 1.0 0.033832 0.157358 0.035765 0.986314
0.00283 0.18335 0.00094 1.0 0.004172 0.155956 -0.000386 0.987755
-0.00303 -0.17205 0.00194 1.0 0.101811 0.359146 0.104049 0.921858
-0.00303 -0.18302 0.00096 1.0 -0.000984 -0.07099 -0.000366 0.997477
0.05434 0.14794 0.03756 1.0 -0.044851 -0.002297 -0.112155 0.992675
0.01196 0.15393 0.04553 1.0 -0.279745 0.013098 -0.028993 0.959547
-0.03124 0.14728 0.04113 1.0 -0.452203 -0.016254 0.050585 0.890331
-0.07001 0.1413 0.02956 1.0 -0.500227 -0.057428 0.12133 0.855426
0.09958 0.0939 -0.02147 1.0 -0.340577 0.006335 -0.211812 0.916026
-0.05434 -0.14794 -0.03756 1.0 -0.069652 -0.008723 -0.02511 0.997217
-0.01196 -0.15393 -0.04553 1.0 -0.280264 0.007708 -0.004355 0.959882
0.03124 -0.14728 -0.04113 1.0 -0.461406 0.026214 0.041366 0.885836
0.07001 -0.1413 -0.02956 1.0 -0.554279 0.048285 0.060347 0.828735
-0.00909 -0.15291 0.01623 1.0 0.70472 -0.000753 -0.001986 0.709483
-0.09958 -0.09391 0.02147 1.0 -0.284838 -0.140027 -0.074665 0.945349
0.00074 0.05825 -0.00249 1.0 -0.427085 0.009148 0.002028 0.904163
0.00034 0.05524 -0.00625 1.0 -0.420494 0.007451 -0.000488 0.907265
0.00033 0.0566 -0.00383 1.0 -0.416494 0.005018 0.000345 0.909125
0.00078 0.0516 -0.00392 1.0 -0.424508 0.007939 -0.000173 0.905389
0.00086 0.05627 -0.00025 1.0 0.00824 0.007807 0.317469 0.948201
-0.00074 -0.05825 0.00249 1.0 -0.624426 0.00783 -0.001242 0.781044
-0.00034 -0.05524 0.00625 1.0 -0.660161 0.002493 0.001797 0.751118
-0.00033 -0.0566 0.00383 1.0 -0.552928 0.005379 0.000086 0.833212
-0.00078 -0.0516 0.00392 1.0 -0.551916 0.003984 -0.000122 0.83389
-0.00086 -0.05627 0.00025 1.0 0.004942 0.007675 0.657782 0.753153


##### Pose: 4 ##############################################

0.0 -0.00032 0.0 1.0 0.0 0.0 0.707107 0.707107
0.0 0.0 0.6234 1.0 0.0 0.0 0.0 1.0
0.0 0.0 0.0 1.0 0.0 0.0 0.0 1.0
-0.00504 -0.03582 -0.25027 1.0 -0.000122 -0.141658 -0.350842 0.925658
0.0 0.0 -0.6234 1.0 0.0 0.0 0.0 1.0
0.00313 0.12307 0.0005 1.0 0.252188 -0.498883 0.519845 0.645971
0.00313 -0.12307 0.0005 1.0 0.319619 0.891203 -0.248203 0.20493
0.00295 0.0 0.10781 1.0 0.135559 0.066671 0.018163 0.988357
0.00295 0.0 0.10781 1.0 0.067679 0.034285 0.0087 0.99708
0.0 0.0 0.12763 1.0 -0.012631 0.054945 0.029853 0.997963
-0.00428 0.00183 -0.20993 1.0 0.086492 0.554192 -0.145536 0.814991
0.00751 -0.00603 0.20992 1.0 0.177067 0.807418 -0.126112 0.54847
-0.00508 0.00195 -0.15497 1.0 0.001769 -0.000946 0.031154 0.999513
-0.00596 0.00184 -0.184 1.0 0.034465 0.10217 -0.003664 0.994163
-0.02319 0.09435 0.08792 1.0 -0.030482 -0.03281 0.104904 0.993473
-0.02727 0.0 0.12737 1.0 -0.076298 0.102755 0.01717 0.991628
0.0051 -0.0019 0.155 1.0 -0.006048 0.002241 -0.16817 0.985737
0.00594 -0.00257 0.184 1.0 -0.136335 -0.594274 -0.118131 0.783771
-0.02319 -0.09435 0.08792 1.0 0.223758 0.974609 0.000691 -0.008315
0.01955 0.0 0.11236 1.0 0.017864 -0.022423 0.199127 0.979554
-0.0012 0.0935 -0.00094 1.0 -0.142905 -0.19809 0.162059 0.956073
0.1367 0.00103 -0.07412 1.0 0.000722 -0.024689 0.000366 0.999695
0.0012 -0.0935 0.00094 1.0 -0.09076 0.110975 -0.114846 0.982984
-0.1367 -0.00103 0.07412 1.0 0.0 -0.000598 0.002751 0.999996
0.04184 0.0 0.29363 1.0 0.0 0.0 0.0 1.0
0.0 0.17528 0.00003 1.0 0.005458 -0.034476 -0.526375 0.849536
0.21175 -0.00194 0.03537 1.0 0.0 0.0 0.0 1.0
0.01545 -0.00217 0.03772 1.0 0.0 0.0 0.0 1.0
0.20253 -0.00433 0.07298 1.0 0.0 0.0 0.0 1.0
0.0 -0.17528 -0.00003 1.0 -0.020987 -0.362792 -0.447248 0.817258
0.21133 -0.00375 0.03157 1.0 0.0 0.0 0.0 1.0
0.00298 0.17235 -0.00008 1.0 -0.006254 0.037378 0.130045 0.990784
0.0029 0.18335 0.00084 1.0 0.000503 0.041207 -0.000503 0.99915
-0.00303 -0.17205 0.00167 1.0 0.133745 0.267523 0.090438 0.949929
-0.00301 -0.18302 0.00065 1.0 -0.001953 -0.126511 -0.000386 0.991963
0.05434 0.14794 0.03756 1.0 -0.165993 -0.012949 -0.086602 0.982232
0.01196 0.15393 0.04553 1.0 -0.328663 0.010455 -0.02425 0.944078
-0.03124 0.14728 0.04113 1.0 -0.481296 -0.010932 0.041816 0.875492
-0.07001 0.1413 0.02956 1.0 -0.529919 -0.042664 0.101976 0.840813
0.09958 0.0939 -0.02147 1.0 -0.338032 0.008748 -0.175752 0.924537
-0.05434 -0.14794 -0.03756 1.0 -0.186586 -0.007539 -0.024469 0.982105
-0.01196 -0.15393 -0.04553 1.0 -0.320692 0.005061 -0.003999 0.947162
0.03124 -0.14728 -0.04113 1.0 -0.496449 0.024621 0.034113 0.867046
0.07001 -0.1413 -0.02956 1.0 -0.581296 0.040635 0.049621 0.811161
-0.00849 -0.15249 0.02041 1.0 0.704932 -0.002161 -0.003314 0.709264
-0.09958 -0.09391 0.02147 1.0 -0.275102 -0.119781 -0.060848 0.951982
0.00074 0.05825 -0.00249 1.0 -0.502011 0.009385 0.00148 0.864809
0.00034 0.05524 -0.00625 1.0 -0.459027 0.007273 -0.000732 0.888392
0.00033 0.0566 -0.00383 1.0 -0.456869 0.004845 0.000211 0.889521
0.00078 0.0516 -0.00392 1.0 -0.472093 0.00815 -0.000299 0.881511
0.00086 0.05627 -0.00025 1.0 0.006891 0.005781 0.404873 0.914329
-0.00074 -0.05825 0.00249 1.0 -0.638008 0.009874 -0.001249 0.769965
-0.00034 -0.05524 0.00625 1.0 -0.672563 0.000353 0.001552 0.740038
-0.00033 -0.0566 0.00383 1.0 -0.569784 0.00579 0.0 0.821774
-0.00078 -0.0516 0.00392 1.0 -0.568757 0.001561 -0.000259 0.822504
-0.00086 -0.05627 0.00025 1.0 0.004411 0.005791 0.650413 0.759546


##### Pose: 5 ##############################################

0.0 -0.00032 0.0 1.0 0.0 0.0 0.707107 0.707107
0.0 0.0 0.6234 1.0 0.0 0.0 0.0 1.0
0.0 0.0 0.0 1.0 0.0 0.0 0.0 1.0
0.03889 -0.03427 -0.2618 1.0 0.004507 -0.10385 -0.342686 0.933682
0.0 0.0 -0.6234 1.0 0.0 0.0 0.0 1.0
0.00313 0.12307 0.0005 1.0 0.164919 -0.61661 0.541699 0.546952
0.00313 -0.12307 0.0005 1.0 0.353875 0.862581 -0.298497 0.204024
0.00295 0.0 0.10781 1.0 0.119873 0.066044 0.034012 0.990006
0.00295 0.0 0.10781 1.0 0.059676 0.033846 0.016752 0.997503
0.0 0.0 0.12763 1.0 -0.00693 0.063177 0.017616 0.997823
-0.00455 0.00186 -0.20993 1.0 0.207952 0.640287 -0.236649 0.700561
0.00753 -0.00604 0.20992 1.0 0.264699 0.77549 -0.212328 0.532416
-0.00508 0.00195 -0.15497 1.0 0.002508 -0.000622 0.055998 0.998428
-0.00596 0.00184 -0.184 1.0 -0.006822 0.05157 0.020795 0.99843
-0.02319 0.09435 0.08792 1.0 -0.033025 -0.065034 0.128076 0.989079
-0.02727 0.0 0.12737 1.0 -0.07697 0.057166 0.014561 0.995287
0.0051 -0.0019 0.155 1.0 -0.005983 0.002713 -0.222487 0.974914
0.00594 -0.00257 0.184 1.0 -0.207102 -0.632907 -0.149209 0.730941
-0.02319 -0.09435 0.08792 1.0 -0.214821 -0.976552 -0.005824 0.012813
0.01955 0.0 0.11236 1.0 0.027946 -0.047607 0.203541 0.977509
-0.0012 0.0935 -0.00094 1.0 -0.091916 -0.151365 0.339236 0.923883
0.1367 0.00103 -0.07412 1.0 0.000701 -0.025303 0.000473 0.99968
0.0012 -0.0935 0.00094 1.0 -0.147292 0.116115 -0.090506 0.978075
-0.1367 -0.00103 0.07412 1.0 -0.00044 -0.008078 0.002414 0.999964
0.04184 0.0 0.29363 1.0 0.0 0.0 0.0 1.0
0.0 0.17528 0.00003 1.0 0.007286 -0.036918 -0.672895 0.73878
0.21175 -0.00194 0.03537 1.0 0.0 0.0 0.0 1.0
0.01545 -0.00217 0.03772 1.0 0.0 0.0 0.0 1.0
0.20253 -0.00433 0.07298 1.0 0.0 0.0 0.0 1.0
0.0 -0.17528 -0.00003 1.0 0.007787 -0.348767 -0.445898 0.824303
0.21133 -0.00375 0.03157 1.0 0.0 0.0 0.0 1.0
0.00298 0.17235 -0.00009 1.0 -0.031471 -0.059571 0.150232 0.986353
0.00297 0.18335 0.00074 1.0 -0.003129 -0.044771 -0.000323 0.998992
-0.00303 -0.17205 0.00141 1.0 0.11976 0.192464 0.038237 0.973218
-0.00299 -0.18302 0.00035 1.0 -0.002985 -0.152512 -0.000173 0.988297
0.05434 0.14794 0.03756 1.0 -0.285021 -0.017449 -0.060435 0.956455
0.01196 0.15393 0.04553 1.0 -0.395102 0.007215 -0.017729 0.918438
-0.03124 0.14728 0.04113 1.0 -0.521711 -0.00539 0.030009 0.852577
-0.07001 0.1413 0.02956 1.0 -0.570206 -0.024107 0.073676 0.817836
0.09958 0.0939 -0.02147 1.0 -0.335287 0.011746 -0.123492 0.933914
-0.05434 -0.14794 -0.03756 1.0 -0.300981 -0.004262 -0.017738 0.953456
-0.01196 -0.15393 -0.04553 1.0 -0.377428 0.001215 -0.003105 0.926033
0.03124 -0.14728 -0.04113 1.0 -0.545102 0.022361 0.025263 0.837691
0.07001 -0.1413 -0.02956 1.0 -0.619527 0.028832 0.035753 0.783631
-0.00789 -0.15206 0.02 1.0 0.705142 -0.003569 -0.004644 0.709042
-0.09958 -0.09391 0.02147 1.0 -0.264929 -0.091605 -0.040263 0.959062
0.00074 0.05825 -0.00249 1.0 -0.57334 0.009593 0.000901 0.819261
0.00034 0.05524 -0.00625 1.0 -0.513644 0.006887 -0.000999 0.857975
0.00033 0.0566 -0.00383 1.0 -0.496323 0.004667 0.0 0.868125
0.00078 0.0516 -0.00392 1.0 -0.538998 0.008637 -0.000457 0.842263
0.00086 0.05627 -0.00025 1.0 0.004631 0.005444 0.488728 0.872407
-0.00074 -0.05825 0.00249 1.0 -0.657413 0.01266 -0.001302 0.753423
-0.00034 -0.05524 0.00625 1.0 -0.689815 -0.002629 0.001349 0.72398
-0.00033 -0.0566 0.00383 1.0 -0.593256 0.006518 0.000122 0.804987
-0.00078 -0.0516 0.00392 1.0 -0.592556 -0.001806 -0.000323 0.805527
-0.00086 -0.05627 0.00025 1.0 0.003256 0.003109 0.640574 0.767883


##### Pose: 6 ##############################################

0.0 -0.00032 0.0 1.0 0.0 0.0 0.707107 0.707107
0.0 0.0 0.6234 1.0 0.0 0.0 0.0 1.0
0.0 0.0 0.0 1.0 0.0 0.0 0.0 1.0
0.06298 -0.03273 -0.27333 1.0 0.008256 -0.0654 -0.334788 0.939985
0.0 0.0 -0.6234 1.0 0.0 0.0 0.0 1.0
0.00313 0.12307 0.0005 1.0 0.095099 -0.691036 0.537557 0.47377
0.00313 -0.12307 0.0005 1.0 0.385173 0.833273 -0.328696 0.221939
0.00295 0.0 0.10781 1.0 0.107111 0.024596 0.042296 0.993042
0.00295 0.0 0.10781 1.0 0.053221 0.013723 0.021291 0.998261
0.0 0.0 0.12763 1.0 0.000122 0.070118 0.001376 0.997538
-0.00482 0.00189 -0.20993 1.0 0.281406 0.67557 -0.269476 0.625938
0.00755 -0.00605 0.20992 1.0 0.28448 0.767632 -0.245363 0.519239
-0.00508 0.00195 -0.15497 1.0 0.003862 -0.000323 0.059102 0.998244
-0.00596 0.00184 -0.184 1.0 -0.022912 0.00132 0.022393 0.999486
-0.02319 0.09435 0.08792 1.0 -0.034573 -0.097792 0.152651 0.982822
-0.02727 0.0 0.12737 1.0 -0.078368 0.036983 0.011611 0.996171
0.0051 -0.0019 0.155 1.0 -0.007854 0.00295 -0.269632 0.962927
0.00594 -0.00257 0.184 1.0 -0.23948 -0.623793 -0.184238 0.720825
-0.02319 -0.09435 0.08792 1.0 -0.204934 -0.978558 -0.010979 0.017483
0.01955 0.0 0.11236 1.0 0.042965 -0.042707 0.212093 0.97537
-0.0012 0.0935 -0.00094 1.0 -0.031219 -0.109986 0.479963 0.869807
0.1367 0.00103 -0.07412 1.0 0.00044 -0.025303 0.000532 0.99968
0.0012 -0.0935 0.00094 1.0 -0.197467 0.108458 -0.110333 0.968024
-0.1367 -0.00103 0.07412 1.0 -0.000657 -0.039284 0.002438 0.999225
0.04184 0.0 0.29363 1.0 0.0 0.0 0.0 1.0
0.0 0.17528 0.00003 1.0 0.001355 -0.03271 -0.760016 0.649079
0.21175 -0.00194 0.03537 1.0 0.0 0.0 0.0 1.0
0.01545 -0.00217 0.03772 1.0 0.0 0.0 0.0 1.0
0.20253 -0.00433 0.07298 1.0 0.0 0.0 0.0 1.0
0.0 -0.17528 -0.00003 1.0 0.025333 -0.327742 -0.425624 0.843082
0.21133 -0.00375 0.03157 1.0 0.0 0.0 0.0 1.0
0.00298 0.17235 -0.0001 1.0 -0.065193 -0.097891 0.128564 0.984702
0.00305 0.18335 0.00076 1.0 -0.002358 -0.068485 -0.000211 0.997649
-0.00303 -0.17205 0.00114 1.0 0.075678 0.160032 -0.001221 0.984206
-0.00297 -0.18302 0.00005 1.0 -0.00392 -0.131395 -0.000323 0.991322
0.05434 0.14794 0.03756 1.0 -0.422351 -0.016696 -0.03438 0.905626
0.01196 0.15393 0.04553 1.0 -0.465798 0.004493 -0.01046 0.884818
-0.03124 0.14728 0.04113 1.0 -0.564636 0.000086 0.01699 0.825165
-0.07001 0.1413 0.02956 1.0 -0.611679 -0.00644 0.041056 0.790014
0.09958 0.09391 -0.02147 1.0 -0.33544 0.01501 -0.066457 0.939595
-0.05434 -0.14794 -0.03756 1.0 -0.411255 0.0 -0.01207 0.91144
-0.01196 -0.15393 -0.04553 1.0 -0.436051 -0.002863 -0.001674 0.899916
0.03124 -0.14728 -0.04113 1.0 -0.596558 0.018859 0.015835 0.802192
0.07001 -0.1413 -0.02956 1.0 -0.659154 0.014739 0.022176 0.751536
-0.00729 -0.15164 0.01959 1.0 0.705348 -0.004976 -0.005972 0.708818
-0.09958 -0.09391 0.02147 1.0 -0.255389 -0.060651 -0.018175 0.964763
0.00074 0.05825 -0.00249 1.0 -0.640563 0.009772 0.000293 0.767843
0.00034 0.05524 -0.00625 1.0 -0.570288 0.006374 -0.001155 0.821419
0.00033 0.0566 -0.00383 1.0 -0.534778 0.004488 0.0 0.844981
0.00078 0.0516 -0.00392 1.0 -0.607504 0.009307 -0.000634 0.794262
0.00086 0.05627 -0.00025 1.0 0.002521 0.004641 0.568284 0.822816
-0.00074 -0.05825 0.00249 1.0 -0.677562 0.015769 -0.001479 0.735295
-0.00034 -0.05524 0.00625 1.0 -0.707663 -0.005896 0.001322 0.706524
-0.00033 -0.0566 0.00383 1.0 -0.618905 0.007447 -0.000086 0.785431
-0.00078 -0.0516 0.00392 1.0 -0.616851 -0.005525 -0.00015 0.787061
-0.00086 -0.05627 0.00025 1.0 0.001885 0.000566 0.629491 0.777005


##### Pose: 7 ##############################################

0.0 -0.00032 0.0 1.0 0.0 0.0 0.707107 0.707107
0.0 0.0 0.6234 1.0 0.0 0.0 0.0 1.0
0.0 0.0 0.0 1.0 0.0 0.0 0.0 1.0
0.06221 -0.03119 -0.28486 1.0 0.012011 -0.026075 -0.328195 0.944174
0.0 0.0 -0.6234 1.0 0.0 0.0 0.0 1.0
0.00313 0.12307 0.0005 1.0 0.062069 -0.740539 0.51539 0.426758
0.00313 -0.12307 0.0005 1.0 0.419594 0.809365 -0.337294 0.234738
0.00295 0.0 0.10781 1.0 0.094245 -0.015298 0.05101 0.994124
0.00295 0.0 0.10781 1.0 0.046951 -0.005709 0.024873 0.998571
0.0 0.0 0.12763 1.0 0.008025 0.077259 -0.01887 0.9968
-0.00508 0.00191 -0.20993 1.0 0.309802 0.70718 -0.262695 0.578714
0.00758 -0.00606 0.20992 1.0 0.289722 0.763407 -0.255139 0.517856
-0.00508 0.00195 -0.15497 1.0 0.004712 0.0 0.052896 0.998589
-0.00596 0.00184 -0.184 1.0 -0.024599 -0.024372 0.024331 0.999104
-0.02319 0.09435 0.08792 1.0 -0.033751 -0.131285 0.17627 0.974964
-0.02727 0.0 0.12737 1.0 -0.085722 0.015898 0.008706 0.996154
0.0051 -0.0019 0.155 1.0 -0.011779 0.00286 -0.304598 0.952404
0.00594 -0.00257 0.184 1.0 -0.257944 -0.616919 -0.203386 0.715199
-0.02319 -0.09435 0.08792 1.0 -0.19409 -0.980597 -0.016097 0.022348
0.01955 0.0 0.11236 1.0 0.058453 -0.034361 0.223593 0.972321
-0.0012 0.0935 -0.00094 1.0 0.005937 -0.09062 0.569435 0.817005
0.1367 0.00103 -0.07412 1.0 0.000173 -0.025302 0.000598 0.99968
0.0012 -0.0935 0.00094 1.0 -0.227541 0.098328 -0.139007 0.958767
-0.1367 -0.00103 0.07412 1.0 -0.000791 -0.076678 0.002478 0.997053
0.04184 0.0 0.29363 1.0 0.0 0.0 0.0 1.0
0.0 0.17528 0.00003 1.0 -0.012109 -0.025857 -0.789009 0.613718
0.21175 -0.00194 0.03537 1.0 0.0 0.0 0.0 1.0
0.01545 -0.00217 0.03772 1.0 0.0 0.0 0.0 1.0
0.20253 -0.00433 0.07298 1.0 0.0 0.0 0.0 1.0
0.0 -0.17528 -0.00003 1.0 0.036036 -0.305427 -0.384014 0.870603
0.21133 -0.00375 0.03157 1.0 0.0 0.0 0.0 1.0
0.00298 0.17235 -0.0001 1.0 -0.095692 -0.091648 0.051837 0.989827
0.00312 0.18335 0.00079 1.0 -0.001568 -0.047692 -0.000273 0.998861
-0.00303 -0.17205 0.00087 1.0 0.024126 0.126377 -0.05431 0.990201
-0.00292 -0.18302 -0.00026 1.0 -0.004598 -0.108585 -0.000323 0.994076
0.05434 0.14794 0.03756 1.0 -0.550546 -0.008665 -0.010463 0.834694
0.01196 0.15393 0.04553 1.0 -0.526334 0.003051 -0.003649 0.850265
-0.03124 0.14728 0.04113 1.0 -0.60292 0.003821 0.004571 0.797779
-0.07001 0.1413 0.02956 1.0 -0.64669 0.006642 0.009817 0.762661
0.09958 0.0939 -0.02147 1.0 -0.336407 0.018987 -0.01475 0.94141
-0.05434 -0.14794 -0.03756 1.0 -0.507586 0.005773 -0.007697 0.861547
-0.01196 -0.15393 -0.04553 1.0 -0.489709 -0.006197 -0.000122 0.871864
0.03124 -0.14728 -0.04113 1.0 -0.642155 0.014876 0.007742 0.766391
0.07001 -0.1413 -0.02956 1.0 -0.693603 0.000682 0.010853 0.720275
-0.00669 -0.15122 0.01918 1.0 0.705553 -0.006382 -0.007304 0.708591
-0.09958 -0.09391 0.02147 1.0 -0.248683 -0.031774 0.003298 0.968058
0.00074 0.05825 -0.00249 1.0 -0.698398 0.009919 -0.000241 0.715641
0.00034 0.05524 -0.00625 1.0 -0.618578 0.005841 -0.001185 0.785701
0.00033 0.0566 -0.00383 1.0 -0.572156 0.004312 0.0 0.820133
0.00078 0.0516 -0.00392 1.0 -0.66497 0.010064 -0.000823 0.746802
0.00086 0.05627 -0.00025 1.0 0.000946 0.003638 0.637154 0.770727
-0.00074 -0.05825 0.00249 1.0 -0.696069 0.018664 -0.001868 0.71773
-0.00034 -0.05524 0.00625 1.0 -0.724114 -0.008982 0.001391 0.68962
-0.00033 -0.0566 0.00383 1.0 -0.641309 0.008408 -0.000136 0.767237
-0.00078 -0.0516 0.00392 1.0 -0.639596 -0.008961 0.00015 0.768659
-0.00086 -0.05627 0.00025 1.0 0.000477 -0.001704 0.619585 0.784928


##### Pose: 8 ##############################################

0.0 -0.00032 0.0 1.0 0.0 0.0 0.707107 0.707107
0.0 0.0 0.6234 1.0 0.0 0.0 0.0 1.0
0.0 0.0 0.0 1.0 0.0 0.0 0.0 1.0
0.06145 -0.02964 -0.29639 1.0 0.01514 0.013647 -0.321922 0.946547
0.0 0.0 -0.6234 1.0 0.0 0.0 0.0 1.0
0.00313 0.12307 0.0005 1.0 0.065376 -0.769513 0.482191 0.413603
0.00313 -0.12307 0.0005 1.0 0.42381 0.801347 -0.347939 0.239095
0.00295 0.0 0.10781 1.0 0.080959 -0.035494 0.058378 0.994373
0.00295 0.0 0.10781 1.0 0.0406 -0.016563 0.02947 0.998603
0.0 0.0 0.12763 1.0 0.016379 0.090221 -0.037871 0.995067
-0.00535 0.00194 -0.20993 1.0 0.291175 0.732232 -0.233195 0.569801
0.00728 -0.00606 0.20992 1.0 0.289159 0.761658 -0.261324 0.517662
-0.00508 0.00195 -0.15497 1.0 0.004761 0.000122 0.052121 0.998629
-0.00596 0.00184 -0.184 1.0 -0.021228 -0.012862 0.030967 0.999212
-0.02319 0.09435 0.08792 1.0 -0.031247 -0.160036 0.198533 0.966435
-0.02727 0.0 0.12737 1.0 -0.093222 -0.005236 0.006123 0.995613
0.0051 -0.0019 0.155 1.0 -0.015935 0.002652 -0.318753 0.9477
0.00594 -0.00257 0.184 1.0 -0.279498 -0.605612 -0.220295 0.711748
-0.02319 -0.09435 0.08792 1.0 -0.18319 -0.982485 -0.020856 0.027013
0.01955 0.0 0.11236 1.0 0.067994 -0.035536 0.233581 0.969306
-0.0012 0.0935 -0.00094 1.0 0.003856 -0.071249 0.663602 0.744675
0.1367 0.00103 -0.07412 1.0 0.0 -0.025302 0.000646 0.99968
0.0012 -0.0935 0.00094 1.0 -0.2569 0.086894 -0.167147 0.9479
-0.1367 -0.00103 0.07412 1.0 -0.000872 -0.10776 0.002432 0.994174
0.04184 0.0 0.29363 1.0 0.0 0.0 0.0 1.0
0.0 0.17528 0.00003 1.0 -0.027251 -0.020674 -0.814439 0.57924
0.21175 -0.00194 0.03537 1.0 0.0 0.0 0.0 1.0
0.01545 -0.00217 0.03772 1.0 0.0 0.0 0.0 1.0
0.20253 -0.00433 0.07298 1.0 0.0 0.0 0.0 1.0
0.0 -0.17528 -0.00003 1.0 0.041134 -0.284615 -0.342121 0.89457
0.21133 -0.00375 0.03157 1.0 0.0 0.0 0.0 1.0
0.00298 0.17235 -0.00011 1.0 -0.112333 -0.087877 -0.027864 0.989385
0.00319 0.18335 0.00082 1.0 -0.000782 -0.026879 -0.000273 0.999638
-0.00303 -0.17205 0.0006 1.0 -0.009489 0.0891 -0.10539 0.990386
-0.00287 -0.18302 -0.00056 1.0 -0.004704 -0.09389 -0.000405 0.995571
0.05434 0.14794 0.03756 1.0 -0.633036 0.005283 0.010163 0.774038
0.01196 0.15393 0.04553 1.0 -0.569155 0.002797 0.00152 0.822224
-0.03124 0.14728 0.04113 1.0 -0.628295 0.005468 -0.004717 0.777942
-0.07001 0.1413 0.02956 1.0 -0.670242 0.013929 -0.012934 0.741899
0.09958 0.0939 -0.02147 1.0 -0.337609 0.02156 0.02353 0.940745
-0.05434 -0.14794 -0.03756 1.0 -0.597952 0.012286 -0.00474 0.801424
-0.01196 -0.15393 -0.04553 1.0 -0.526209 -0.008383 0.001003 0.850313
0.03124 -0.14728 -0.04113 1.0 -0.672182 0.011505 0.002081 0.740294
0.07001 -0.1413 -0.02956 1.0 -0.716748 -0.009897 0.003372 0.697254
-0.00609 -0.1508 0.01877 1.0 0.705779 -0.005438 -0.006294 0.708383
-0.09958 -0.09391 0.02147 1.0 -0.244718 -0.010536 0.01843 0.969362
0.00074 0.05825 -0.00249 1.0 -0.751993 0.010037 -0.000837 0.659094
0.00034 0.05524 -0.00625 1.0 -0.652644 0.005346 -0.001064 0.757645
0.00033 0.0566 -0.00383 1.0 -0.60838 0.00414 -0.000173 0.793635
0.00078 0.0516 -0.00392 1.0 -0.704852 0.010776 -0.000982 0.709272
0.00086 0.05627 -0.00025 1.0 -0.000541 0.002109 0.701298 0.712865
-0.00074 -0.05825 0.00249 1.0 -0.70853 0.020909 -0.002125 0.705368
-0.00034 -0.05524 0.00625 1.0 -0.735484 -0.011362 0.001563 0.677445
-0.00033 -0.0566 0.00383 1.0 -0.658082 0.009288 -0.000252 0.752889
-0.00078 -0.0516 0.00392 1.0 -0.655096 -0.011617 0.000556 0.755456
-0.00086 -0.05627 0.00025 1.0 -0.000418 -0.003605 0.613367 0.78979


##### Pose: 9 ##############################################

0.0 -0.00032 0.0 1.0 0.0 0.0 0.707107 0.707107
0.0 0.0 0.6234 1.0 0.0 0.0 0.0 1.0
0.0 0.0 0.0 1.0 0.0 0.0 0.0 1.0
0.06068 -0.0281 -0.30792 1.0 0.017684 0.053673 -0.316018 0.947069
0.0 0.0 -0.6234 1.0 0.0 0.0 0.0 1.0
0.00313 0.12307 0.0005 1.0 0.067698 -0.79664 0.447544 0.400607
0.00313 -0.12307 0.0005 1.0 0.42419 0.815265 -0.316897 0.234482
0.00295 0.0 0.10781 1.0 0.06612 -0.026999 0.07063 0.994942
0.00295 0.0 0.10781 1.0 0.033857 -0.012585 0.035962 0.9987
0.0 0.0 0.12763 1.0 0.025162 0.109632 -0.056525 0.992045
-0.00562 0.00197 -0.20993 1.0 0.271031 0.756155 -0.20434 0.559479
0.00698 -0.00607 0.20992 1.0 0.281244 0.763204 -0.263133 0.518828
-0.00508 0.00195 -0.15497 1.0 0.004761 0.0 0.056 0.998419
-0.00596 0.00184 -0.184 1.0 -0.018013 -0.001402 0.037683 0.999126
-0.02319 0.09435 0.08792 1.0 -0.027483 -0.188109 0.21963 0.956882
-0.02727 0.0 0.12737 1.0 -0.100723 -0.052099 0.006465 0.993528
0.0051 -0.0019 0.155 1.0 -0.018495 0.002528 -0.317495 0.948076
0.00594 -0.00257 0.184 1.0 -0.287158 -0.598046 -0.219522 0.715326
-0.02319 -0.09435 0.08792 1.0 -0.17314 -0.98407 -0.025123 0.031584
0.01955 0.0 0.11236 1.0 0.072415 -0.051519 0.241374 0.966354
-0.0012 0.0935 -0.00094 1.0 -0.076285 -0.06986 0.677979 0.727767
0.1367 0.00103 -0.07412 1.0 0.0 -0.025302 0.000669 0.99968
0.0012 -0.0935 0.00094 1.0 -0.285528 0.073545 -0.194497 0.93554
-0.1367 -0.00103 0.07412 1.0 -0.000913 -0.14121 0.002435 0.989976
0.04184 0.0 0.29363 1.0 0.0 0.0 0.0 1.0
0.0 0.17528 0.00003 1.0 -0.048994 -0.01082 -0.800536 0.597181
0.21175 -0.00194 0.03537 1.0 0.0 0.0 0.0 1.0
0.01545 -0.00217 0.03772 1.0 0.0 0.0 0.0 1.0
0.20253 -0.00433 0.07298 1.0 0.0 0.0 0.0 1.0
0.0 -0.17528 -0.00003 1.0 0.043258 -0.263579 -0.304797 0.914196
0.21133 -0.00375 0.03157 1.0 0.0 0.0 0.0 1.0
0.00298 0.17235 -0.00012 1.0 -0.12749 -0.043732 -0.079543 0.987677
0.00326 0.18335 0.00084 1.0 0.0 0.0308 -0.000244 0.999526
-0.00303 -0.17205 0.00033 1.0 -0.034526 0.042445 -0.1528 0.986741
-0.00283 -0.18302 -0.00087 1.0 -0.004036 -0.088988 -0.000657 0.996024
0.05434 0.14794 0.03756 1.0 -0.663228 0.007652 0.01348 0.748257
0.01196 0.15393 0.04553 1.0 -0.585399 0.002898 0.004093 0.81073
-0.03124 0.14728 0.04113 1.0 -0.638224 0.005565 -0.008933 0.769779
-0.07001 0.1413 0.02956 1.0 -0.679018 0.016544 -0.022051 0.733604
0.09958 0.0939 -0.02147 1.0 -0.338199 0.021521 0.03745 0.940083
-0.05434 -0.14794 -0.03756 1.0 -0.626031 0.019611 -0.001897 0.779549
-0.01196 -0.15393 -0.04553 1.0 -0.540549 -0.009681 0.001527 0.841255
0.03124 -0.14728 -0.04113 1.0 -0.683889 0.010219 -0.00024 0.729515
0.07001 -0.1413 -0.02956 1.0 -0.72577 -0.014413 0.000945 0.687786
-0.00549 -0.15037 0.01836 1.0 0.706004 -0.004494 -0.005283 0.708174
-0.09958 -0.09391 0.02147 1.0 -0.242879 -0.00259 0.025002 0.969731
0.00074 0.05825 -0.00249 1.0 -0.768573 0.010186 -0.000907 0.63968
0.00034 0.05524 -0.00625 1.0 -0.665552 0.004956 -0.000823 0.746335
0.00033 0.0566 -0.00383 1.0 -0.613892 0.003974 -0.000061 0.78938
0.00078 0.0516 -0.00392 1.0 -0.719797 0.011311 -0.000944 0.694092
0.00086 0.05627 -0.00025 1.0 -0.000934 0.001589 0.721102 0.692827
-0.00074 -0.05825 0.00249 1.0 -0.713007 0.022019 -0.002285 0.700807
-0.00034 -0.05524 0.00625 1.0 -0.739228 -0.01261 0.001636 0.673335
-0.00033 -0.0566 0.00383 1.0 -0.663179 0.009924 -0.000252 0.748395
-0.00078 -0.0516 0.00392 1.0 -0.660839 -0.013016 0.000757 0.750414
-0.00086 -0.05627 0.00025 1.0 -0.000953 -0.004376 0.609623 0.792679


##### Pose: 10 #############################################

0.0 -0.00032 0.0 1.0 0.0 0.0 0.707107 0.707107
0.0 0.0 0.6234 1.0 0.0 0.0 0.0 1.0
0.0 0.0 0.0 1.0 0.0 0.0 0.0 1.0
0.05991 -0.02656 -0.31945 1.0 0.012859 0.073111 -0.310885 0.947544
0.0 0.0 -0.6234 1.0 0.0 0.0 0.0 1.0
0.00313 0.12307 0.0005 1.0 0.064347 -0.817511 0.406592 0.402763
0.00313 -0.12307 0.0005 1.0 0.387932 0.838779 -0.29426 0.243658
0.00295 0.0 0.10781 1.0 0.052576 0.0048 0.094227 0.99415
0.00295 0.0 0.10781 1.0 0.026012 0.003339 0.0473 0.998536
0.0 0.0 0.12763 1.0 0.034902 0.136087 -0.07566 0.987187
-0.0055 0.00199 -0.20993 1.0 0.239899 0.749287 -0.188973 0.587628
0.00669 -0.00608 0.20992 1.0 0.289103 0.779847 -0.243001 0.499208
-0.00508 0.00195 -0.15497 1.0 0.004714 -0.000211 0.062981 0.998004
-0.00596 0.00184 -0.184 1.0 -0.014956 0.010002 0.044473 0.998849
-0.02319 0.09435 0.08792 1.0 -0.021167 -0.219016 0.242791 0.944794
-0.02727 0.0 0.12737 1.0 -0.10952 -0.100101 -0.004136 0.988923
0.0051 -0.0019 0.155 1.0 -0.019189 0.002466 -0.31237 0.949764
0.00594 -0.00257 0.184 1.0 -0.295691 -0.590733 -0.218254 0.718308
-0.02319 -0.09435 0.08792 1.0 -0.161262 -0.985833 -0.02872 0.036096
0.01955 0.0 0.11236 1.0 0.073179 -0.078197 0.246063 0.963319
-0.0012 0.0935 -0.00094 1.0 -0.185114 -0.070921 0.646853 0.7364
0.1367 0.00103 -0.07412 1.0 0.0 -0.025302 0.000669 0.99968
0.0012 -0.0935 0.00094 1.0 -0.2934 0.051817 -0.208864 0.931454
-0.1367 -0.00103 0.07412 1.0 -0.000889 -0.181872 0.002395 0.983319
0.04184 0.0 0.29363 1.0 0.0 0.0 0.0 1.0
0.0 0.17528 0.00003 1.0 -0.081463 0.010746 -0.763725 0.640291
0.21175 -0.00194 0.03537 1.0 0.0 0.0 0.0 1.0
0.01545 -0.00217 0.03772 1.0 0.0 0.0 0.0 1.0
0.20253 -0.00433 0.07298 1.0 0.0 0.0 0.0 1.0
0.0 -0.17528 -0.00003 1.0 0.044512 -0.243011 -0.275313 0.929068
0.21133 -0.00375 0.03157 1.0 0.0 0.0 0.0 1.0
0.00298 0.17235 -0.00013 1.0 -0.14125 0.000828 -0.132729 0.981036
0.00333 0.18335 0.00087 1.0 0.0 0.092222 -0.000173 0.995739
-0.00303 -0.17205 0.00006 1.0 -0.062528 -0.000622 -0.202014 0.977384
-0.00278 -0.18302 -0.00117 1.0 -0.002405 -0.077538 -0.000646 0.996986
0.05434 0.14794 0.03756 1.0 -0.663159 0.009622 0.017014 0.748223
0.01196 0.15393 0.04553 1.0 -0.585395 0.002882 0.00485 0.810729
-0.03124 0.14728 0.04113 1.0 -0.638213 0.00543 -0.009715 0.769779
-0.07001 0.1413 0.02956 1.0 -0.679011 0.016317 -0.022296 0.733608
0.09958 0.0939 -0.02147 1.0 -0.338181 0.021074 0.037611 0.940093
-0.05434 -0.14794 -0.03756 1.0 -0.626031 0.019611 -0.001897 0.779549
-0.01196 -0.15393 -0.04553 1.0 -0.54055 -0.010277 0.001534 0.841248
0.03124 -0.14728 -0.04113 1.0 -0.683889 0.010226 -0.000494 0.729514
0.07001 -0.1413 -0.02956 1.0 -0.725769 -0.015019 0.001058 0.687774
-0.00489 -0.14995 0.01796 1.0 0.706228 -0.00355 -0.004272 0.707963
-0.09958 -0.09391 0.02147 1.0 -0.241973 -0.002118 0.024876 0.969962
0.00074 0.05825 -0.00249 1.0 -0.768573 0.010359 -0.00072 0.639678
0.00034 0.05524 -0.00625 1.0 -0.665552 0.004694 -0.000592 0.746337
0.00033 0.0566 -0.00383 1.0 -0.619374 0.003809 0.000086 0.785087
0.00078 0.0516 -0.00392 1.0 -0.719797 0.01152 -0.000849 0.694088
0.00086 0.05627 -0.00025 1.0 -0.000934 0.001589 0.721102 0.692826
-0.00074 -0.05825 0.00249 1.0 -0.713007 0.022452 -0.002238 0.700794
-0.00034 -0.05524 0.00625 1.0 -0.739228 -0.012967 0.001614 0.673328
-0.00033 -0.0566 0.00383 1.0 -0.663179 0.010155 -0.00022 0.748392
-0.00078 -0.0516 0.00392 1.0 -0.66084 -0.013459 0.000791 0.750406
-0.00086 -0.05627 0.00025 1.0 -0.001064 -0.004531 0.609626 0.792675


##### Pose: 11 #############################################

0.0 -0.00032 0.0 1.0 0.0 0.0 0.707107 0.707107
0.0 0.0 0.6234 1.0 0.0 0.0 0.0 1.0
0.0 0.0 0.0 1.0 0.0 0.0 0.0 1.0
0.05915 -0.02502 -0.3085 1.0 0.007747 0.092731 -0.306128 0.947432
0.0 0.0 -0.6234 1.0 0.0 0.0 0.0 1.0
0.00313 0.12307 0.0005 1.0 0.099393 -0.822485 0.375929 0.41511
0.00313 -0.12307 0.0005 1.0 0.34967 0.856626 -0.269595 0.266911
0.00295 0.0 0.10781 1.0 0.040146 0.049106 0.124834 0.990148
0.00295 0.0 0.10781 1.0 0.018853 0.026059 0.062294 0.997539
0.0 0.0 0.12763 1.0 0.044509 0.163094 -0.094437 0.981071
-0.00538 0.00196 -0.20993 1.0 0.209651 0.740331 -0.171679 0.61521
0.00639 -0.00609 0.20992 1.0 0.272049 0.805439 -0.209211 0.483206
-0.00508 0.00195 -0.15497 1.0 0.004667 -0.000488 0.073834 0.99726
-0.00596 0.00184 -0.184 1.0 -0.012058 0.021352 0.051336 0.99838
-0.02319 0.09435 0.08792 1.0 -0.013325 -0.247796 0.264427 0.931932
-0.02727 0.0 0.12737 1.0 -0.115674 -0.139223 -0.01542 0.983361
0.0051 -0.0019 0.155 1.0 -0.018992 0.002228 -0.302074 0.953093
0.00594 -0.00257 0.184 1.0 -0.296945 -0.576678 -0.212869 0.730721
-0.02319 -0.09435 0.08792 1.0 -0.149357 -0.98745 -0.031759 0.040327
0.01955 0.0 0.11236 1.0 0.070744 -0.109231 0.24845 0.959863
-0.0012 0.0935 -0.00094 1.0 -0.292797 -0.068587 0.570613 0.764177
0.1367 0.00103 -0.07412 1.0 0.000173 -0.025302 0.000646 0.99968
0.0012 -0.0935 0.00094 1.0 -0.301559 0.029886 -0.222831 0.926561
-0.1367 -0.00103 0.07412 1.0 -0.00081 -0.225875 0.002354 0.974153
0.04184 0.0 0.29363 1.0 0.0 0.0 0.0 1.0
0.0 0.17528 0.00003 1.0 -0.117878 0.045229 -0.702778 0.700116
0.21175 -0.00194 0.03537 1.0 0.0 0.0 0.0 1.0
0.01545 -0.00217 0.03772 1.0 0.0 0.0 0.0 1.0
0.20253 -0.00433 0.07298 1.0 0.0 0.0 0.0 1.0
0.0 -0.17528 -0.00003 1.0 0.046646 -0.22198 -0.274505 0.93445
0.21133 -0.00375 0.03157 1.0 0.0 0.0 0.0 1.0
0.00298 0.17235 -0.00012 1.0 -0.135953 0.018231 -0.167509 0.976281
0.0034 0.18335 0.00089 1.0 0.000173 0.124906 0.0 0.992169
-0.00303 -0.17205 -0.0002 1.0 -0.090371 -0.033532 -0.249652 0.963526
-0.00273 -0.18302 -0.00148 1.0 0.000366 -0.057887 -0.000854 0.998323
0.05434 0.14794 0.03756 1.0 -0.663144 0.008968 0.017592 0.748231
0.01196 0.15393 0.04553 1.0 -0.585395 0.002973 0.004783 0.810729
-0.03124 0.14728 0.04113 1.0 -0.638217 0.005126 -0.009462 0.769781
-0.07001 0.1413 0.02956 1.0 -0.679018 0.016544 -0.022051 0.733604
0.09958 0.0939 -0.02147 1.0 -0.338199 0.021521 0.03745 0.940083
-0.05434 -0.14794 -0.03756 1.0 -0.626031 0.019611 -0.001897 0.779549
-0.01196 -0.15393 -0.04553 1.0 -0.540551 -0.0104 0.001348 0.841246
0.03124 -0.14728 -0.04113 1.0 -0.683889 0.010345 -0.000356 0.729513
0.07001 -0.1413 -0.02956 1.0 -0.725769 -0.014756 0.001306 0.687779
-0.00429 -0.14953 0.01755 1.0 0.70645 -0.002609 -0.003261 0.707751
-0.09958 -0.09391 0.02147 1.0 -0.241973 -0.002118 0.024876 0.969962
0.00074 0.05825 -0.00249 1.0 -0.768573 0.010009 -0.000965 0.639683
0.00034 0.05524 -0.00625 1.0 -0.665552 0.004596 -0.0005 0.746337
0.00033 0.0566 -0.00383 1.0 -0.619374 0.004035 -0.000136 0.785086
0.00078 0.0516 -0.00392 1.0 -0.719797 0.011512 -0.000848 0.694089
0.00086 0.05627 -0.00025 1.0 -0.000934 0.001589 0.721102 0.692826
-0.00074 -0.05825 0.00249 1.0 -0.713007 0.022813 -0.002188 0.700782
-0.00034 -0.05524 0.00625 1.0 -0.739228 -0.013255 0.001651 0.673323
-0.00033 -0.0566 0.00383 1.0 -0.663179 0.010306 -0.000263 0.74839
-0.00078 -0.0516 0.00392 1.0 -0.66084 -0.013754 0.000817 0.7504
-0.00086 -0.05627 0.00025 1.0 -0.001029 -0.004497 0.610881 0.791709


##### Pose: 12 #############################################

0.0 -0.00032 0.0 1.0 0.0 0.0 0.707107 0.707107
0.0 0.0 0.6234 1.0 0.0 0.0 0.0 1.0
0.0 0.0 0.0 1.0 0.0 0.0 0.0 1.0
0.05838 -0.02347 -0.29756 1.0 0.00237 0.11251 -0.301762 0.946718
0.0 0.0 -0.6234 1.0 0.0 0.0 0.0 1.0
0.00313 0.12307 0.0005 1.0 0.13542 -0.825675 0.345961 0.424539
0.00313 -0.12307 0.0005 1.0 0.263714 0.880236 -0.248256 0.306608
0.00295 0.0 0.10781 1.0 0.028911 0.097394 0.154134 0.982813
0.00295 0.0 0.10781 1.0 0.010923 0.050017 0.077395 0.995685
0.0 0.0 0.12763 1.0 0.052826 0.188384 -0.110029 0.974482
-0.00526 0.00192 -0.20993 1.0 0.16492 0.732798 -0.139042 0.645349
0.00609 -0.0061 0.20992 1.0 0.253422 0.829033 -0.17563 0.466514
-0.00508 0.00195 -0.15497 1.0 0.004682 -0.000743 0.086228 0.996264
-0.00596 0.00184 -0.184 1.0 -0.009398 0.032652 0.060619 0.997582
-0.02319 0.09435 0.08792 1.0 -0.006026 -0.271284 0.281356 0.920439
-0.02727 0.0 0.12737 1.0 -0.122045 -0.177665 -0.021842 0.97625
0.0051 -0.0019 0.155 1.0 -0.017507 0.001911 -0.28785 0.957514
0.00594 -0.00257 0.184 1.0 -0.298628 -0.562114 -0.207619 0.742794
-0.02319 -0.09435 0.08792 1.0 -0.136581 -0.989102 -0.033545 0.043561
0.01955 0.0 0.11236 1.0 0.065134 -0.137628 0.249255 0.956393
-0.0012 0.0935 -0.00094 1.0 -0.389421 -0.068561 0.451703 0.79976
0.1367 0.00103 -0.07412 1.0 0.000273 -0.025303 0.000585 0.99968
0.0012 -0.0935 0.00094 1.0 -0.313089 0.014809 -0.217963 0.924255
-0.1367 -0.00103 0.07412 1.0 -0.000732 -0.263405 0.002342 0.964682
0.04184 0.0 0.29363 1.0 0.0 0.0 0.0 1.0
0.0 0.17528 0.00003 1.0 -0.141879 0.085621 -0.623557 0.764013
0.21175 -0.00194 0.03537 1.0 0.0 0.0 0.0 1.0
0.01545 -0.00217 0.03772 1.0 0.0 0.0 0.0 1.0
0.20253 -0.00433 0.07298 1.0 0.0 0.0 0.0 1.0
0.0 -0.17528 -0.00003 1.0 0.051802 -0.205411 -0.312437 0.926016
0.21133 -0.00375 0.03157 1.0 0.0 0.0 0.0 1.0
0.00298 0.17235 -0.00012 1.0 -0.108841 -0.002351 -0.190752 0.975583
0.00336 0.18335 0.00092 1.0 0.000244 0.11538 0.0 0.993321
-0.00303 -0.17205 0.00011 1.0 -0.119611 -0.067954 -0.29504 0.94553
-0.00268 -0.18302 -0.00112 1.0 0.003827 -0.036572 -0.000969 0.999323
0.05434 0.14794 0.03756 1.0 -0.663142 0.008891 0.017661 0.748232
0.01196 0.15393 0.04553 1.0 -0.585397 0.00318 0.004484 0.810728
-0.03124 0.14728 0.04113 1.0 -0.638217 0.005388 -0.009457 0.76978
-0.07001 0.1413 0.02956 1.0 -0.679018 0.016544 -0.022051 0.733604
0.09958 0.0939 -0.02147 1.0 -0.338199 0.021521 0.03745 0.940083
-0.05434 -0.14794 -0.03756 1.0 -0.626031 0.019611 -0.001897 0.779549
-0.01196 -0.15393 -0.04553 1.0 -0.540551 -0.010186 0.001142 0.841249
0.03124 -0.14728 -0.04113 1.0 -0.683889 0.010292 -0.000293 0.729513
0.07001 -0.1413 -0.02956 1.0 -0.725769 -0.014559 0.001096 0.687784
-0.00369 -0.1491 0.01714 1.0 0.70667 -0.001666 -0.002249 0.707538
-0.09958 -0.09391 0.02147 1.0 -0.241973 -0.002118 0.024876 0.969962
0.00074 0.05825 -0.00249 1.0 -0.768574 0.00966 -0.001208 0.639687
0.00034 0.05524 -0.00625 1.0 -0.665552 0.004625 -0.000527 0.746337
0.00033 0.0566 -0.00383 1.0 -0.619374 0.004263 -0.000311 0.785084
0.00078 0.0516 -0.00392 1.0 -0.719797 0.011441 -0.00086 0.69409
0.00086 0.05627 -0.00025 1.0 -0.000934 0.001589 0.721102 0.692827
-0.00074 -0.05825 0.00249 1.0 -0.713007 0.023027 -0.00212 0.700776
-0.00034 -0.05524 0.00625 1.0 -0.739227 -0.013366 0.001706 0.673322
-0.00033 -0.0566 0.00383 1.0 -0.663179 0.010533 -0.000305 0.748387
-0.00078 -0.0516 0.00392 1.0 -0.66084 -0.013872 0.000859 0.750398
-0.00086 -0.05627 0.00025 1.0 -0.00098 -0.004421 0.610879 0.791711


##### Pose: 13 #############################################

0.0 -0.00032 0.0 1.0 0.0 0.0 0.707107 0.707107
0.0 0.0 0.6234 1.0 0.0 0.0 0.0 1.0
0.0 0.0 0.0 1.0 0.0 0.0 0.0 1.0
0.05762 -0.02193 -0.28662 1.0 0.000854 0.133719 -0.297222 0.945398
0.0 0.0 -0.6234 1.0 0.0 0.0 0.0 1.0
0.00313 0.12307 0.0005 1.0 0.172193 -0.827189 0.316809 0.430976
0.00313 -0.12307 0.0005 1.0 0.180009 0.893314 -0.212549 0.352718
0.00295 0.0 0.10781 1.0 0.018283 0.141682 0.176405 0.973896
0.00295 0.0 0.10781 1.0 0.002688 0.071826 0.089638 0.993378
0.0 0.0 0.12763 1.0 0.058405 0.207821 -0.117731 0.969298
-0.00514 0.00188 -0.20993 1.0 0.121828 0.721588 -0.103458 0.673621
0.0058 -0.00553 0.20992 1.0 0.220392 0.857751 -0.13369 0.444767
-0.00508 0.00195 -0.15497 1.0 0.004756 -0.001007 0.098607 0.995115
-0.00596 0.00184 -0.184 1.0 -0.009049 0.073728 0.069722 0.994797
-0.02319 0.09435 0.08792 1.0 -0.000897 -0.286196 0.289142 0.913503
-0.02727 0.0 0.12737 1.0 -0.129034 -0.215825 -0.027775 0.96747
0.0051 -0.0019 0.155 1.0 -0.014595 0.001735 -0.261842 0.964999
0.00594 -0.00257 0.184 1.0 -0.30065 -0.532774 -0.191061 0.767631
-0.02319 -0.09435 0.08792 1.0 -0.123869 -0.990684 -0.034181 0.045093
0.01955 0.0 0.11236 1.0 0.058144 -0.157807 0.248478 0.953926
-0.0012 0.0935 -0.00094 1.0 -0.470891 -0.077481 0.310485 0.822106
0.1367 0.00103 -0.07412 1.0 0.000366 -0.025303 0.000503 0.99968
0.0012 -0.0935 0.00094 1.0 -0.318985 0.009472 -0.204899 0.925297
-0.1367 -0.00103 0.07412 1.0 -0.000669 -0.285019 0.002316 0.958519
0.04184 0.0 0.29363 1.0 0.0 0.0 0.0 1.0
0.0 0.17528 0.00003 1.0 -0.14354 0.11647 -0.537764 0.822582
0.21175 -0.00194 0.03537 1.0 0.0 0.0 0.0 1.0
0.01545 -0.00217 0.03772 1.0 0.0 0.0 0.0 1.0
0.20253 -0.00433 0.07298 1.0 0.0 0.0 0.0 1.0
0.0 -0.17528 -0.00003 1.0 0.063184 -0.187791 -0.387008 0.900537
0.21133 -0.00375 0.03157 1.0 0.0 0.0 0.0 1.0
0.00298 0.17235 -0.00011 1.0 -0.074651 -0.04908 -0.213212 0.972913
0.00332 0.18335 0.00095 1.0 0.000345 0.073681 0.0 0.997282
-0.00303 -0.17205 0.00042 1.0 -0.116133 -0.091162 -0.268207 0.951981
-0.00263 -0.18302 -0.00077 1.0 0.006489 -0.016882 -0.001132 0.999836
0.05434 0.14794 0.03756 1.0 -0.66314 0.008813 0.01773 0.748233
0.01196 0.15393 0.04553 1.0 -0.585399 0.003223 0.004156 0.810728
-0.03124 0.14728 0.04113 1.0 -0.638217 0.005913 -0.009444 0.769776
-0.07001 0.1413 0.02956 1.0 -0.679018 0.016544 -0.022051 0.733604
0.09958 0.0939 -0.02147 1.0 -0.338199 0.021521 0.03745 0.940083
-0.05434 -0.14794 -0.03756 1.0 -0.626031 0.019611 -0.001897 0.779549
-0.01196 -0.15393 -0.04553 1.0 -0.540551 -0.009911 0.001036 0.841252
0.03124 -0.14728 -0.04113 1.0 -0.683889 0.010209 -0.00024 0.729515
0.07001 -0.1413 -0.02956 1.0 -0.72577 -0.014363 0.000889 0.687787
-0.00309 -0.14868 0.01673 1.0 0.706889 -0.000724 -0.001236 0.707323
-0.09958 -0.09391 0.02147 1.0 -0.242892 -0.002097 0.024878 0.969732
0.00074 0.05825 -0.00249 1.0 -0.768574 0.009311 -0.001457 0.639691
0.00034 0.05524 -0.00625 1.0 -0.665552 0.004722 -0.000615 0.746336
0.00033 0.0566 -0.00383 1.0 -0.619374 0.004489 -0.000481 0.785083
0.00078 0.0516 -0.00392 1.0 -0.719797 0.011307 -0.000886 0.694092
0.00086 0.05627 -0.00025 1.0 -0.000934 0.001589 0.721102 0.692826
-0.00074 -0.05825 0.00249 1.0 -0.713007 0.023027 -0.00212 0.700776
-0.00034 -0.05524 0.00625 1.0 -0.739227 -0.013366 0.001706 0.673322
-0.00033 -0.0566 0.00383 1.0 -0.663179 0.010711 -0.000446 0.748384
-0.00078 -0.0516 0.00392 1.0 -0.66084 -0.013872 0.000859 0.750398
-0.00086 -0.05627 0.00025 1.0 -0.000918 -0.004343 0.610877 0.791713


##### Pose: 14 #############################################

0.0 -0.00032 0.0 1.0 0.0 0.0 0.707107 0.707107
0.0 0.0 0.6234 1.0 0.0 0.0 0.0 1.0
0.0 0.0 0.0 1.0 0.0 0.0 0.0 1.0
0.03096 -0.01561 -0.27567 1.0 0.0 0.136541 -0.322978 0.936505
0.0 0.0 -0.6234 1.0 0.0 0.0 0.0 1.0
0.00313 0.12307 0.0005 1.0 0.198875 -0.806382 0.32094 0.455186
0.00313 -0.12307 0.0005 1.0 0.097665 0.886487 -0.165481 0.420973
0.00295 0.0 0.10781 1.0 0.006918 0.172918 0.187113 0.966975
0.00295 0.0 0.10781 1.0 -0.005797 0.087081 0.094876 0.991656
0.0 0.0 0.12763 1.0 0.059316 0.215331 -0.117275 0.967657
-0.00502 0.00185 -0.20993 1.0 0.086886 0.670799 -0.079459 0.732233
0.0055 -0.00496 0.20992 1.0 0.185722 0.879067 -0.093052 0.429057
-0.00508 0.00195 -0.15497 1.0 0.004945 -0.001239 0.108654 0.994067
-0.00596 0.00184 -0.184 1.0 0.006735 0.113244 0.0808 0.990254
-0.02319 0.09435 0.08792 1.0 0.000122 -0.28949 0.286899 0.913173
-0.02727 0.0 0.12737 1.0 -0.134853 -0.253562 -0.033649 0.957282
0.0051 -0.0019 0.155 1.0 -0.009888 0.001674 -0.215903 0.976363
0.00594 -0.00257 0.184 1.0 -0.293332 -0.484244 -0.165327 0.807546
-0.02319 -0.09435 0.08792 1.0 -0.108558 -0.992547 -0.032985 0.04447
0.01955 0.0 0.11236 1.0 0.050335 -0.165248 0.248381 0.953135
-0.0012 0.0935 -0.00094 1.0 -0.507679 -0.137134 0.187479 0.829643
0.1367 0.00103 -0.07412 1.0 0.000405 -0.025303 0.000405 0.99968
0.0012 -0.0935 0.00094 1.0 -0.316988 0.01146 -0.200323 0.926962
-0.1367 -0.00103 0.07412 1.0 -0.000573 -0.286216 0.002329 0.958162
0.04184 0.0 0.29363 1.0 0.0 0.0 0.0 1.0
0.0 0.17528 0.00003 1.0 -0.126762 0.128239 -0.455928 0.871559
0.21175 -0.00194 0.03537 1.0 0.0 0.0 0.0 1.0
0.01545 -0.00217 0.03772 1.0 0.0 0.0 0.0 1.0
0.20253 -0.00433 0.07298 1.0 0.0 0.0 0.0 1.0
0.0 -0.17528 -0.00003 1.0 0.071679 -0.173686 -0.479021 0.857458
0.21133 -0.00375 0.03157 1.0 0.0 0.0 0.0 1.0
0.00298 0.17235 -0.00011 1.0 -0.047385 -0.090579 -0.21377 0.971521
0.00328 0.18335 0.00097 1.0 0.000423 0.031853 0.0 0.999493
-0.00303 -0.17205 0.00073 1.0 -0.110867 -0.115331 -0.241626 0.957092
-0.00258 -0.18302 -0.00041 1.0 0.007298 -0.0136 -0.001119 0.99988
0.05434 0.14794 0.03756 1.0 -0.663138 0.008735 0.017799 0.748235
0.01196 0.15393 0.04553 1.0 -0.5854 0.003082 0.00396 0.810729
-0.03124 0.14728 0.04113 1.0 -0.638218 0.006022 -0.009313 0.769776
-0.07001 0.1413 0.02956 1.0 -0.679018 0.016544 -0.022051 0.733604
0.09958 0.0939 -0.02147 1.0 -0.338217 0.02197 0.037288 0.940072
-0.05434 -0.14794 -0.03756 1.0 -0.626028 0.019299 -0.002285 0.779558
-0.01196 -0.15393 -0.04553 1.0 -0.540551 -0.00962 0.001078 0.841256
0.03124 -0.14728 -0.04113 1.0 -0.683889 0.009954 -0.000248 0.729518
0.07001 -0.1413 -0.02956 1.0 -0.72577 -0.013954 0.000987 0.687795
-0.00249 -0.14826 0.01632 1.0 0.707107 0.000216 -0.000224 0.707107
-0.09958 -0.09391 0.02147 1.0 -0.242892 -0.002097 0.024878 0.969732
0.00074 0.05825 -0.00249 1.0 -0.768574 0.008962 -0.001708 0.639696
0.00034 0.05524 -0.00625 1.0 -0.665552 0.004879 -0.000757 0.746335
0.00033 0.0566 -0.00383 1.0 -0.619374 0.004716 -0.00066 0.785082
0.00078 0.0516 -0.00392 1.0 -0.719797 0.0111 -0.000955 0.694095
0.00086 0.05627 -0.00025 1.0 -0.000934 0.001589 0.721102 0.692827
-0.00074 -0.05825 0.00249 1.0 -0.713007 0.02274 -0.002182 0.700785
-0.00034 -0.05524 0.00625 1.0 -0.739228 -0.013116 0.00171 0.673325
-0.00033 -0.0566 0.00383 1.0 -0.663179 0.010624 -0.000573 0.748385
-0.00078 -0.0516 0.00392 1.0 -0.66084 -0.013577 0.000837 0.750404
-0.00086 -0.05627 0.00025 1.0 -0.001029 -0.004497 0.610881 0.791709


##### Pose: 15 #############################################

0.0 -0.00032 0.0 1.0 0.0 0.0 0.707107 0.707107
0.0 0.0 0.6234 1.0 0.0 0.0 0.0 1.0
0.0 0.0 0.0 1.0 0.0 0.0 0.0 1.0
0.00431 0.00475 -0.26473 1.0 -0.000503 0.138699 -0.348476 0.926999
0.0 0.0 -0.6234 1.0 0.0 0.0 0.0 1.0
0.00313 0.12307 0.0005 1.0 0.20295 -0.773107 0.350767 0.487934
0.00313 -0.12307 0.0005 1.0 0.022059 0.878572 -0.100264 0.466446
0.00295 0.0 0.10781 1.0 -0.010345 0.201477 0.187929 0.96124
0.00295 0.0 0.10781 1.0 -0.015359 0.100283 0.096037 0.990194
0.0 0.0 0.12763 1.0 0.054375 0.209605 -0.104804 0.970631
-0.0049 0.00181 -0.20993 1.0 0.061412 0.587426 -0.061616 0.804589
0.0052 -0.0044 0.20992 1.0 0.122221 0.878793 -0.046307 0.458956
-0.00508 0.00195 -0.15497 1.0 0.005256 -0.001495 0.123319 0.992352
-0.00596 0.00184 -0.184 1.0 0.044534 0.167271 0.088993 0.980876
-0.02319 0.09435 0.08792 1.0 -0.006376 -0.275169 0.266111 0.923811
-0.02727 0.0 0.12737 1.0 -0.131684 -0.228812 -0.016641 0.964379
0.0051 -0.0019 0.155 1.0 -0.002598 0.001239 -0.124059 0.992271
0.00594 -0.00257 0.184 1.0 -0.280079 -0.458343 -0.090257 0.838648
-0.02319 -0.09435 0.08792 1.0 -0.092467 -0.994423 -0.029886 0.040983
0.01955 0.0 0.11236 1.0 0.037381 -0.154934 0.249279 0.955227
-0.0012 0.0935 -0.00094 1.0 -0.530202 -0.169409 0.095129 0.82531
0.1367 0.00103 -0.07412 1.0 0.000423 -0.0207 0.000299 0.999786
0.0012 -0.0935 0.00094 1.0 -0.284718 0.005999 -0.229626 0.930683
-0.1367 -0.00103 0.07412 1.0 -0.00435 -0.251339 0.001315 0.967888
0.04184 0.0 0.29363 1.0 0.0 0.0 0.0 1.0
0.0 0.17528 0.00003 1.0 -0.110301 0.119061 -0.419511 0.893123
0.21175 -0.00194 0.03537 1.0 0.0 0.0 0.0 1.0
0.01545 -0.00217 0.03772 1.0 0.0 0.0 0.0 1.0
0.20253 -0.00433 0.07298 1.0 0.0 0.0 0.0 1.0
0.0 -0.17528 -0.00003 1.0 0.066093 -0.174548 -0.553498 0.811668
0.21133 -0.00375 0.03157 1.0 0.0 0.0 0.0 1.0
0.00298 0.17235 -0.0001 1.0 0.002367 -0.10169 -0.148693 0.983638
0.00324 0.18335 0.001 1.0 0.00088 0.011965 0.0 0.999928
-0.00303 -0.17205 0.00105 1.0 -0.070208 -0.138045 -0.148072 0.976775
-0.00253 -0.18302 -0.00006 1.0 0.005544 -0.031648 -0.001408 0.999483
0.05434 0.14794 0.03756 1.0 -0.663136 0.008657 0.017868 0.748236
0.01196 0.15393 0.04553 1.0 -0.585402 0.003313 0.003499 0.810729
-0.03124 0.14728 0.04113 1.0 -0.63823 0.006004 -0.008405 0.769776
-0.07001 0.1413 0.02956 1.0 -0.679026 0.016771 -0.021805 0.733599
0.09958 0.0939 -0.02147 1.0 -0.338217 0.02197 0.037288 0.940072
-0.05434 -0.14794 -0.03756 1.0 -0.626029 0.017455 -0.001446 0.779603
-0.01196 -0.15393 -0.04553 1.0 -0.540549 -0.009115 0.001196 0.841262
0.03124 -0.14728 -0.04113 1.0 -0.683889 0.009659 -0.000228 0.729522
0.07001 -0.1413 -0.02956 1.0 -0.72577 -0.013446 0.000973 0.687805
-0.00249 -0.14826 0.01591 1.0 0.707107 0.000179 -0.000187 0.707107
-0.09958 -0.09391 0.02147 1.0 -0.242892 -0.002097 0.024878 0.969732
0.00074 0.05825 -0.00249 1.0 -0.768574 0.008612 -0.001954 0.6397
0.00034 0.05524 -0.00625 1.0 -0.665552 0.005084 -0.000941 0.746334
0.00033 0.0566 -0.00383 1.0 -0.613892 0.00495 -0.000805 0.789374
0.00078 0.0516 -0.00392 1.0 -0.719797 0.01081 -0.001074 0.6941
0.00086 0.05627 -0.00025 1.0 -0.000934 0.001589 0.721102 0.692827
-0.00074 -0.05825 0.00249 1.0 -0.713007 0.022019 -0.002285 0.700807
-0.00034 -0.05524 0.00625 1.0 -0.739228 -0.01261 0.001636 0.673335
-0.00033 -0.0566 0.00383 1.0 -0.663178 0.010101 -0.000739 0.748393
-0.00078 -0.0516 0.00392 1.0 -0.660839 -0.013016 0.000757 0.750414
-0.00086 -0.05627 0.00025 1.0 -0.000918 -0.004343 0.610877 0.791713


##### Pose: 16 #############################################

0.0 -0.00032 0.0 1.0 0.0 0.0 0.707107 0.707107
0.0 0.0 0.6234 1.0 0.0 0.0 0.0 1.0
0.0 0.0 0.0 1.0 0.0 0.0 0.0 1.0
-0.02521 0.03933 -0.25379 1.0 -0.000122 0.117357 -0.4116 0.903777
0.0 0.0 -0.6234 1.0 0.0 0.0 0.0 1.0
0.00313 0.12307 0.0005 1.0 0.203887 -0.716557 0.38639 0.543764
0.00313 -0.12307 0.0005 1.0 -0.045137 0.885428 -0.076155 0.456268
0.00295 0.0 0.10781 1.0 -0.033381 0.232362 0.184103 0.954463
0.00295 0.0 0.10781 1.0 -0.027877 0.114903 0.094521 0.988477
0.0 0.0 0.12763 1.0 0.043123 0.193154 -0.081196 0.976852
-0.00478 0.00177 -0.20993 1.0 0.042957 0.47301 -0.04578 0.878818
0.00491 -0.00383 0.20992 1.0 0.036859 0.870831 0.018458 0.489851
-0.00508 0.00195 -0.15497 1.0 0.00579 -0.001835 0.147186 0.98909
-0.00596 0.00184 -0.184 1.0 0.08144 0.223523 0.106406 0.965444
-0.02319 0.09435 0.08792 1.0 -0.016587 -0.243512 0.228106 0.942547
-0.02727 0.0 0.12737 1.0 -0.127787 -0.175996 -0.003468 0.976055
0.0051 -0.0019 0.155 1.0 0.003193 0.0 -0.020358 0.999788
0.00594 -0.00257 0.184 1.0 -0.205876 -0.48372 -0.016617 0.850502
-0.02319 -0.09435 0.08792 1.0 -0.07555 -0.99622 -0.025161 0.034711
0.01955 0.0 0.11236 1.0 0.019953 -0.134137 0.249167 0.958919
-0.0012 0.0935 -0.00094 1.0 -0.533558 -0.188833 0.018666 0.824202
0.1367 0.00103 -0.07412 1.0 -0.000712 -0.025302 0.000173 0.99968
0.0012 -0.0935 0.00094 1.0 -0.224926 -0.023368 -0.302752 0.925853
-0.1367 -0.00103 0.07412 1.0 0.0 -0.17696 0.002342 0.984215
0.04184 0.0 0.29363 1.0 0.0 0.0 0.0 1.0
0.0 0.17528 0.00003 1.0 -0.09895 0.097301 -0.430464 0.891876
0.21175 -0.00194 0.03537 1.0 0.0 0.0 0.0 1.0
0.01545 -0.00217 0.03772 1.0 0.0 0.0 0.0 1.0
0.20253 -0.00433 0.07298 1.0 0.0 0.0 0.0 1.0
0.0 -0.17528 -0.00003 1.0 0.040682 -0.194902 -0.572064 0.795676
0.21133 -0.00375 0.03157 1.0 0.0 0.0 0.0 1.0
0.00298 0.17235 -0.0001 1.0 0.052782 -0.087822 -0.027516 0.994356
0.0032 0.18335 0.00102 1.0 0.001337 0.015125 0.000173 0.999885
-0.00303 -0.17205 0.00136 1.0 -0.019047 -0.148033 -0.047676 0.987649
-0.00248 -0.18302 0.0003 1.0 0.000922 -0.05297 -0.001286 0.998595
0.05434 0.14794 0.03756 1.0 -0.601785 0.000657 0.009976 0.798596
0.01196 0.15393 0.04553 1.0 -0.576149 0.003811 0.001532 0.817334
-0.03124 0.14728 0.04113 1.0 -0.628298 0.004851 -0.004219 0.777946
-0.07001 0.1413 0.02956 1.0 -0.670242 0.013929 -0.012934 0.741899
0.09958 0.0939 -0.02147 1.0 -0.335916 0.008587 0.002889 0.941848
-0.05434 -0.14794 -0.03756 1.0 -0.571387 0.015615 0.000473 0.820532
-0.01196 -0.15393 -0.04553 1.0 -0.515874 -0.007748 0.000722 0.856629
0.03124 -0.14728 -0.04113 1.0 -0.67722 0.009183 -0.000198 0.735723
0.07001 -0.1413 -0.02956 1.0 -0.716755 -0.012094 0.000451 0.69722
-0.00249 -0.14826 0.01591 1.0 0.707107 0.000143 -0.00015 0.707107
-0.09958 -0.09391 0.02147 1.0 -0.24186 -0.020816 0.017517 0.96993
0.00074 0.05825 -0.00249 1.0 -0.723861 0.008393 -0.001643 0.689893
0.00034 0.05524 -0.00625 1.0 -0.652644 0.005358 -0.001076 0.757645
0.00033 0.0566 -0.00383 1.0 -0.60838 0.005185 -0.000946 0.793628
0.00078 0.0516 -0.00392 1.0 -0.704852 0.010435 -0.001057 0.709277
0.00086 0.05627 -0.00025 1.0 -0.00073 0.002317 0.677703 0.735332
-0.00074 -0.05825 0.00249 1.0 -0.670513 0.019697 -0.00118 0.741635
-0.00034 -0.05524 0.00625 1.0 -0.70472 -0.011083 0.000589 0.709399
-0.00033 -0.0566 0.00383 1.0 -0.612219 0.008974 -0.000299 0.790637
-0.00078 -0.0516 0.00392 1.0 -0.623836 -0.011237 -0.000293 0.781475
-0.00086 -0.05627 0.00025 1.0 -0.001813 -0.002841 0.563431 0.826156


##### Pose: 17 #############################################

0.0 -0.00032 0.0 1.0 0.0 0.0 0.707107 0.707107
0.0 0.0 0.6234 1.0 0.0 0.0 0.0 1.0
0.0 0.0 0.0 1.0 0.0 0.0 0.0 1.0
-0.05474 0.07392 -0.22903 1.0 0.003407 0.097011 -0.47225 0.876103
0.0 0.0 -0.6234 1.0 0.0 0.0 0.0 1.0
0.00313 0.12307 0.0005 1.0 0.217865 -0.666102 0.417326 0.578517
0.00313 -0.12307 0.0005 1.0 -0.084099 0.903456 -0.068871 0.41467
0.00295 0.0 0.10781 1.0 -0.060052 0.25918 0.179658 0.94707
0.00295 0.0 0.10781 1.0 -0.042733 0.127474 0.092844 0.986562
0.0 0.0 0.12763 1.0 0.029542 0.169593 -0.05367 0.983608
-0.00466 0.00174 -0.20993 1.0 0.03197 0.416072 -0.024211 0.908447
0.00461 -0.00327 0.20992 1.0 -0.039081 0.815223 0.090668 0.570669
-0.00508 0.00195 -0.15497 1.0 0.006546 -0.002231 0.175559 0.984445
-0.00596 0.00184 -0.184 1.0 0.141734 0.262472 0.12351 0.946449
-0.02319 0.09435 0.08792 1.0 -0.022792 -0.204851 0.185546 0.960775
-0.02727 0.0 0.12737 1.0 -0.125572 -0.122516 0.010009 0.98444
0.0051 -0.0019 0.155 1.0 0.002472 -0.000712 0.018815 0.99982
0.00594 -0.00257 0.184 1.0 -0.139877 -0.48532 0.017286 0.862902
-0.02319 -0.09435 0.08792 1.0 -0.057693 -0.997764 -0.019783 0.027334
0.01955 0.0 0.11236 1.0 -0.000669 -0.110523 0.252628 0.96123
-0.0012 0.0935 -0.00094 1.0 -0.510394 -0.253173 -0.050711 0.820262
0.1367 0.00103 -0.07412 1.0 -0.00328 -0.063625 0.0 0.997968
0.0012 -0.0935 0.00094 1.0 -0.170446 -0.056868 -0.402298 0.897703
-0.1367 -0.00103 0.07412 1.0 0.001309 -0.106524 0.002932 0.994305
0.04184 0.0 0.29363 1.0 0.0 0.0 0.0 1.0
0.0 0.17528 0.00003 1.0 -0.079581 0.071137 -0.416661 0.902774
0.21175 -0.00194 0.03537 1.0 0.0 0.0 0.0 1.0
0.01545 -0.00217 0.03772 1.0 0.0 0.0 0.0 1.0
0.20253 -0.00433 0.07298 1.0 0.0 0.0 0.0 1.0
0.0 -0.17528 -0.00003 1.0 0.005727 -0.22711 -0.519757 0.823554
0.21133 -0.00375 0.03157 1.0 0.0 0.0 0.0 1.0
0.00298 0.17235 -0.00009 1.0 0.094282 -0.064012 0.040739 0.99265
0.00316 0.18335 0.00105 1.0 0.001777 0.025419 0.000299 0.999675
-0.00303 -0.17205 0.00167 1.0 0.027877 -0.143057 0.003705 0.989315
-0.00243 -0.18302 0.00065 1.0 -0.005275 -0.061168 -0.000701 0.998113
0.05434 0.14794 0.03756 1.0 -0.445674 -0.011962 -0.014215 0.895003
0.01196 0.15393 0.04553 1.0 -0.550298 0.005149 -0.002876 0.834948
-0.03124 0.14728 0.04113 1.0 -0.602917 0.002617 0.004617 0.797786
-0.07001 0.1413 0.02956 1.0 -0.64669 0.006642 0.009817 0.762661
0.09958 0.0939 -0.02147 1.0 -0.333686 -0.019851 -0.074155 0.939553
-0.05434 -0.14794 -0.03756 1.0 -0.442447 0.012787 0.001995 0.896701
-0.01196 -0.15393 -0.04553 1.0 -0.462019 -0.005243 -0.000273 0.886854
0.03124 -0.14728 -0.04113 1.0 -0.658592 0.008668 0.0 0.75245
0.07001 -0.1413 -0.02956 1.0 -0.693687 -0.009814 -0.00011 0.72021
-0.00249 -0.14826 0.01591 1.0 0.707106 0.000107 -0.000112 0.707108
-0.09958 -0.09391 0.02147 1.0 -0.24236 -0.058767 0.00468 0.968394
0.00074 0.05825 -0.00249 1.0 -0.604219 0.008262 -0.000592 0.796775
0.00034 0.05524 -0.00625 1.0 -0.619541 0.005706 -0.001085 0.784943
0.00033 0.0566 -0.00383 1.0 -0.572155 0.00546 -0.000876 0.820127
0.00078 0.0516 -0.00392 1.0 -0.666105 0.009996 -0.0008 0.745791
0.00086 0.05627 -0.00025 1.0 0.000299 0.003937 0.561461 0.827494
-0.00074 -0.05825 0.00249 1.0 -0.565633 0.015253 0.000819 0.824516
-0.00034 -0.05524 0.00625 1.0 -0.620791 -0.008144 -0.001152 0.783933
-0.00033 -0.0566 0.00383 1.0 -0.4907 0.006974 0.000457 0.871301
-0.00078 -0.0516 0.00392 1.0 -0.535926 -0.007842 -0.001877 0.844226
-0.00086 -0.05627 0.00025 1.0 -0.001601 -0.000244 0.455881 0.890039


##### Pose: 18 #############################################

0.0 -0.00032 0.0 1.0 0.0 0.0 0.707107 0.707107
0.0 0.0 0.6234 1.0 0.0 0.0 0.0 1.0
0.0 0.0 0.0 1.0 0.0 0.0 0.0 1.0
-0.06268 0.089 -0.20428 1.0 -0.001242 0.065121 -0.530751 0.845021
0.0 0.0 -0.6234 1.0 0.0 0.0 0.0 1.0
0.00313 0.12307 0.0005 1.0 0.271703 -0.603476 0.426082 0.616805
0.00313 -0.12307 0.0005 1.0 -0.088578 0.915441 -0.086228 0.382997
0.00295 0.0 0.10781 1.0 -0.08719 0.271725 0.174287 0.942437
0.00295 0.0 0.10781 1.0 -0.056764 0.132674 0.090425 0.985393
0.0 0.0 0.12763 1.0 0.015588 0.143954 -0.02578 0.989126
-0.00454 0.0017 -0.20993 1.0 0.03393 0.457804 -0.009947 0.88835
0.0045 -0.0027 0.20992 1.0 -0.06913 0.754735 0.109132 0.643184
-0.00508 0.00195 -0.15497 1.0 0.006726 -0.00249 0.200744 0.979617
-0.00596 0.00184 -0.184 1.0 0.124156 0.225225 0.166338 0.95194
-0.02319 0.09435 0.08792 1.0 -0.024383 -0.159765 0.139025 0.977012
-0.02727 0.0 0.12737 1.0 -0.117633 -0.077497 0.039239 0.989251
0.0051 -0.0019 0.155 1.0 -0.000386 -0.000244 -0.010902 0.999941
0.00594 -0.00257 0.184 1.0 -0.083686 -0.434105 -0.012499 0.89688
-0.02319 -0.09435 0.08792 1.0 -0.042476 -0.99879 -0.014248 0.020278
0.01955 0.0 0.11236 1.0 -0.019844 -0.096719 0.262038 0.959994
-0.0012 0.0935 -0.00094 1.0 -0.419109 -0.352378 -0.162898 0.820757
0.1367 0.00103 -0.07412 1.0 -0.00623 -0.098495 0.000273 0.995118
0.0012 -0.0935 0.00094 1.0 -0.146333 -0.0586 -0.484742 0.860336
-0.1367 -0.00103 0.07412 1.0 0.001064 -0.075438 0.003025 0.997145
0.04184 0.0 0.29363 1.0 0.0 0.0 0.0 1.0
0.0 0.17528 0.00003 1.0 -0.041665 0.041789 -0.278641 0.958581
0.21175 -0.00194 0.03537 1.0 0.0 0.0 0.0 1.0
0.01545 -0.00217 0.03772 1.0 0.0 0.0 0.0 1.0
0.20253 -0.00433 0.07298 1.0 0.0 0.0 0.0 1.0
0.0 -0.17528 -0.00003 1.0 -0.025576 -0.250893 -0.433099 0.865346
0.21133 -0.00375 0.03157 1.0 0.0 0.0 0.0 1.0
0.00298 0.17235 -0.00008 1.0 0.034694 -0.05662 -0.067882 0.995481
0.00312 0.18335 0.00108 1.0 0.002241 0.007752 0.000323 0.999967
-0.00303 -0.17205 0.00199 1.0 0.055399 -0.156558 -0.010447 0.986059
-0.00239 -0.18302 0.00101 1.0 -0.012739 -0.08245 0.0 0.996514
0.05434 0.14794 0.03756 1.0 -0.274348 -0.015344 -0.04186 0.960596
0.01196 0.15393 0.04553 1.0 -0.514128 0.007669 -0.009296 0.857629
-0.03124 0.14728 0.04113 1.0 -0.564638 -0.000616 0.016788 0.825168
-0.07001 0.1413 0.02956 1.0 -0.611679 -0.00644 0.041056 0.790014
0.09958 0.0939 -0.02147 1.0 -0.333049 -0.051662 -0.148214 0.929754
-0.05434 -0.14794 -0.03756 1.0 -0.303568 0.007286 0.00354 0.952775
-0.01196 -0.15393 -0.04553 1.0 -0.407506 -0.002054 -0.000953 0.9132
0.03124 -0.14728 -0.04113 1.0 -0.631647 0.007962 0.000136 0.775215
0.07001 -0.1413 -0.02956 1.0 -0.659461 -0.006596 -0.000518 0.75171
-0.00249 -0.14826 0.01591 1.0 0.707106 0.00007 -0.000076 0.707108
-0.09958 -0.09391 0.02147 1.0 -0.248042 -0.085158 0.006645 0.964976
0.00074 0.05825 -0.00249 1.0 -0.469024 0.008112 0.000386 0.883148
0.00034 0.05524 -0.00625 1.0 -0.569281 0.006107 -0.000969 0.82212
0.00033 0.0566 -0.00383 1.0 -0.534777 0.005737 -0.000782 0.844973
0.00078 0.0516 -0.00392 1.0 -0.606296 0.009462 -0.000518 0.795183
0.00086 0.05627 -0.00025 1.0 0.002534 0.005049 0.432873 0.901437
-0.00074 -0.05825 0.00249 1.0 -0.446364 0.00994 0.001827 0.894794
-0.00034 -0.05524 0.00625 1.0 -0.523141 -0.004324 -0.002173 0.852232
-0.00033 -0.0566 0.00383 1.0 -0.357155 0.004742 0.000854 0.934033
-0.00078 -0.0516 0.00392 1.0 -0.439477 -0.003613 -0.002618 0.898243
-0.00086 -0.05627 0.00025 1.0 -0.000953 0.002881 0.347166 0.937799


##### Pose: 19 #############################################

0.0 -0.00032 0.0 1.0 0.0 0.0 0.707107 0.707107
0.0 0.0 0.6234 1.0 0.0 0.0 0.0 1.0
0.0 0.0 0.0 1.0 0.0 0.0 0.0 1.0
-0.03962 0.0631 -0.17953 1.0 -0.003618 0.034017 -0.577952 0.815353
0.0 0.0 -0.6234 1.0 0.0 0.0 0.0 1.0
0.00313 0.12307 0.0005 1.0 0.325555 -0.523238 0.361835 0.699508
0.00313 -0.12307 0.0005 1.0 -0.090974 0.93288 -0.109276 0.330934
0.00295 0.0 0.10781 1.0 -0.107526 0.263388 0.169974 0.94349
0.00295 0.0 0.10781 1.0 -0.065751 0.127882 0.088265 0.985663
0.0 0.0 0.12763 1.0 0.003271 0.119246 -0.002417 0.992856
-0.00442 0.00166 -0.20993 1.0 0.049349 0.580035 -0.038398 0.812188
0.00439 -0.00213 0.20992 1.0 -0.056005 0.705922 0.091311 0.700143
-0.00508 0.00195 -0.15497 1.0 0.005885 -0.002149 0.164072 0.986429
-0.00596 0.00184 -0.184 1.0 -0.055888 0.09998 0.191573 0.974772
-0.02319 0.09435 0.08792 1.0 -0.021858 -0.110327 0.093757 0.989222
-0.02727 0.0 0.12737 1.0 -0.095585 -0.056489 0.070802 0.991292
0.0051 -0.0019 0.155 1.0 -0.000969 0.00061 -0.070283 0.997526
0.00594 -0.00257 0.184 1.0 -0.06964 -0.393375 -0.074319 0.913719
-0.02319 -0.09435 0.08792 1.0 -0.027173 -0.999497 -0.009059 0.013607
0.01955 0.0 0.11236 1.0 -0.032118 -0.106876 0.283454 0.95247
-0.0012 0.0935 -0.00094 1.0 -0.331683 -0.398163 -0.149979 0.841997
0.1367 0.00103 -0.07412 1.0 -0.008393 -0.092386 0.000211 0.995688
0.0012 -0.0935 0.00094 1.0 -0.172047 0.018158 -0.430157 0.886022
-0.1367 -0.00103 0.07412 1.0 0.000732 -0.075437 0.002794 0.997146
0.04184 0.0 0.29363 1.0 0.0 0.0 0.0 1.0
0.0 0.17528 0.00003 1.0 -0.028192 0.017075 -0.246151 0.968671
0.21175 -0.00194 0.03537 1.0 0.0 0.0 0.0 1.0
0.01545 -0.00217 0.03772 1.0 0.0 0.0 0.0 1.0
0.20253 -0.00433 0.07298 1.0 0.0 0.0 0.0 1.0
0.0 -0.17528 -0.00003 1.0 -0.062766 -0.246393 -0.460641 0.850389
0.21133 -0.00375 0.03157 1.0 0.0 0.0 0.0 1.0
0.00298 0.17235 -0.00008 1.0 -0.037644 -0.043897 -0.214833 0.974937
0.00308 0.18335 0.0011 1.0 0.003296 -0.003717 0.000323 0.999988
-0.00303 -0.17205 0.0015 1.0 0.084253 -0.235798 -0.054891 0.966586
-0.00234 -0.18302 0.00058 1.0 -0.020366 -0.178416 0.001386 0.983743
0.05434 0.14794 0.03756 1.0 -0.167793 -0.003972 -0.058505 0.984077
0.01196 0.15393 0.04553 1.0 -0.473187 0.011079 -0.016139 0.880745
-0.03124 0.14728 0.04113 1.0 -0.521717 -0.005221 0.029906 0.852578
-0.07001 0.1413 0.02956 1.0 -0.570206 -0.024107 0.073676 0.817836
0.09958 0.0939 -0.02147 1.0 -0.319463 -0.070349 -0.175292 0.928584
-0.05434 -0.14794 -0.03756 1.0 -0.238761 0.002002 0.00335 0.971071
-0.01196 -0.15393 -0.04553 1.0 -0.387504 0.000634 -0.000854 0.921867
0.03124 -0.14728 -0.04113 1.0 -0.602099 0.006961 0.0 0.798391
0.07001 -0.1413 -0.02956 1.0 -0.620166 -0.002977 -0.000924 0.784464
-0.00249 -0.14826 0.01591 1.0 0.707106 0.000033 -0.000039 0.707107
-0.09958 -0.09391 0.02147 1.0 -0.259174 -0.072429 0.038855 0.962327
0.00074 0.05825 -0.00249 1.0 -0.369888 0.007918 0.000938 0.929042
0.00034 0.05524 -0.00625 1.0 -0.512592 0.006562 -0.000791 0.858607
0.00033 0.0566 -0.00383 1.0 -0.496323 0.006017 -0.000669 0.868117
0.00078 0.0516 -0.00392 1.0 -0.537717 0.008843 -0.000396 0.843079
0.00086 0.05627 -0.00025 1.0 0.004297 0.005763 0.331306 0.943496
-0.00074 -0.05825 0.00249 1.0 -0.379688 0.006197 0.00148 0.925093
-0.00034 -0.05524 0.00625 1.0 -0.461628 -0.000598 -0.002035 0.887071
-0.00033 -0.0566 0.00383 1.0 -0.289715 0.003296 0.000969 0.957107
-0.00078 -0.0516 0.00392 1.0 -0.388575 0.000299 -0.002244 0.921414
-0.00086 -0.05627 0.00025 1.0 0.00044 0.00528 0.311278 0.950304


##### Pose: 20 #############################################

0.0 -0.00032 0.0 1.0 0.0 0.0 0.707107 0.707107
0.0 0.0 0.6234 1.0 0.0 0.0 0.0 1.0
0.0 0.0 0.0 1.0 0.0 0.0 0.0 1.0
0.0048 0.03719 -0.15478 1.0 -0.002956 0.004387 -0.623368 0.781911
0.0 0.0 -0.6234 1.0 0.0 0.0 0.0 1.0
0.00313 0.12307 0.0005 1.0 0.283469 -0.373993 0.309126 0.827173
0.00313 -0.12307 0.0005 1.0 -0.090652 0.954054 -0.154726 0.240048
0.00295 0.0 0.10781 1.0 -0.095894 0.198469 0.143069 0.964855
0.00295 0.0 0.10781 1.0 -0.055816 0.096238 0.073029 0.991105
0.0 0.0 0.12763 1.0 -0.006261 0.087758 0.018581 0.995949
-0.0043 0.00163 -0.20993 1.0 0.046572 0.690337 -0.033899 0.721191
0.00428 -0.00157 0.20992 1.0 -0.031094 0.63843 0.056777 0.766953
-0.00508 0.00195 -0.15497 1.0 0.005077 -0.001899 0.141803 0.98988
-0.00596 0.00184 -0.184 1.0 -0.182837 -0.127074 0.142914 0.964364
-0.02319 0.09435 0.08792 1.0 -0.01489 -0.064233 0.051393 0.996499
-0.02727 0.0 0.12737 1.0 -0.05915 -0.020046 0.120817 0.990708
0.0051 -0.0019 0.155 1.0 -0.001221 0.001534 -0.122717 0.99244
0.00594 -0.00257 0.184 1.0 -0.093709 -0.373948 -0.117056 0.915248
-0.02319 -0.09435 0.08792 1.0 0.013617 0.999872 0.004663 -0.006983
0.01955 0.0 0.11236 1.0 -0.028867 -0.108118 0.32268 0.93987
-0.0012 0.0935 -0.00094 1.0 -0.345959 -0.336237 0.091996 0.871088
0.1367 0.00103 -0.07412 1.0 -0.008883 -0.070363 0.000173 0.997482
0.0012 -0.0935 0.00094 1.0 -0.208438 0.107605 -0.384141 0.892978
-0.1367 -0.00103 0.07412 1.0 0.000701 -0.075437 0.002451 0.997147
0.04184 0.0 0.29363 1.0 0.0 0.0 0.0 1.0
0.0 0.17528 0.00003 1.0 -0.042042 -0.009694 -0.590386 0.805967
0.21175 -0.00194 0.03537 1.0 0.0 0.0 0.0 1.0
0.01545 -0.00217 0.03772 1.0 0.0 0.0 0.0 1.0
0.20253 -0.00433 0.07298 1.0 0.0 0.0 0.0 1.0
0.0 -0.17528 -0.00003 1.0 -0.105743 -0.240459 -0.472885 0.841057
0.21133 -0.00375 0.03157 1.0 0.0 0.0 0.0 1.0
0.00298 0.17235 -0.00007 1.0 -0.087731 -0.019056 -0.174684 0.980523
0.00304 0.18335 0.00113 1.0 0.004345 0.005178 0.000405 0.999977
-0.00303 -0.17205 0.00101 1.0 0.041439 -0.33022 -0.112626 0.936244
-0.00229 -0.18302 0.00016 1.0 -0.022188 -0.299449 0.002423 0.953851
0.05434 0.14794 0.03756 1.0 -0.195591 0.017189 -0.077114 0.977498
0.01196 0.15393 0.04553 1.0 -0.433712 0.014823 -0.022185 0.900656
-0.03124 0.14728 0.04113 1.0 -0.481303 -0.011015 0.041666 0.875494
-0.07001 0.1413 0.02956 1.0 -0.529919 -0.042664 0.101976 0.840813
0.09958 0.09391 -0.02147 1.0 -0.262245 -0.060632 -0.108262 0.95699
-0.05434 -0.14794 -0.03756 1.0 -0.322627 0.002641 0.001078 0.946522
-0.01196 -0.15393 -0.04553 1.0 -0.432777 0.002776 -0.000532 0.901497
0.03124 -0.14728 -0.04113 1.0 -0.573567 0.006021 0.0 0.819137
0.07001 -0.1413 -0.02956 1.0 -0.583034 0.000481 -0.000832 0.812447
-0.00249 -0.14826 0.01591 1.0 0.707107 -0.000003 -0.000003 0.707107
-0.09958 -0.09391 0.02147 1.0 -0.302523 0.016154 0.134788 0.943425
0.00074 0.05825 -0.00249 1.0 -0.37671 0.007817 0.000532 0.926298
0.00034 0.05524 -0.00625 1.0 -0.460116 0.00704 -0.000622 0.887831
0.00033 0.0566 -0.00383 1.0 -0.456868 0.0065 -0.000634 0.889511
0.00078 0.0516 -0.00392 1.0 -0.473433 0.008286 -0.000366 0.880791
0.00086 0.05627 -0.00025 1.0 0.006529 0.00609 0.293033 0.956061
-0.00074 -0.05825 0.00249 1.0 -0.416189 0.004814 0.000819 0.909265
-0.00034 -0.05524 0.00625 1.0 -0.472659 0.002207 -0.001298 0.881242
-0.00033 -0.0566 0.00383 1.0 -0.355566 0.003234 0.000732 0.934645
-0.00078 -0.0516 0.00392 1.0 -0.425721 0.002794 -0.001337 0.904849
-0.00086 -0.05627 0.00025 1.0 0.002686 0.006191 0.418882 0.908016


##### Pose: 21 #############################################

0.0 -0.00032 0.0 1.0 0.0 0.0 0.707107 0.707107
0.0 0.0 0.6234 1.0 0.0 0.0 0.0 1.0
0.0 0.0 0.0 1.0 0.0 0.0 0.0 1.0
0.04922 0.00147 -0.13003 1.0 -0.002678 -0.016255 -0.668354 0.743661
0.0 0.0 -0.6234 1.0 0.0 0.0 0.0 1.0
0.00313 0.12307 0.0005 1.0 0.145596 -0.164915 0.305905 0.926297
0.00313 -0.12307 0.0005 1.0 -0.087879 0.964136 -0.203183 0.146409
0.00295 0.0 0.10781 1.0 -0.049862 0.101835 0.096507 0.988853
0.00295 0.0 0.10781 1.0 -0.027608 0.049649 0.048398 0.997211
0.0 0.0 0.12763 1.0 -0.012233 0.052185 0.039274 0.99779
-0.00418 0.00159 -0.20993 1.0 0.012972 0.587876 -0.002256 0.808844
0.00417 -0.00156 0.20992 1.0 -0.006349 0.55016 0.02326 0.834711
-0.00508 0.00195 -0.15497 1.0 0.004677 -0.001843 0.155637 0.987801
-0.00596 0.00184 -0.184 1.0 -0.125106 -0.333841 0.142338 0.923384
-0.02319 0.09435 0.08792 1.0 -0.00564 -0.019322 0.014338 0.999695
-0.02727 0.0 0.12737 1.0 -0.024715 0.037113 0.172666 0.983971
0.0051 -0.0019 0.155 1.0 -0.00295 0.001899 -0.146815 0.989158
0.00594 -0.00257 0.184 1.0 -0.135883 -0.349011 -0.137291 0.916994
-0.02319 -0.09435 0.08792 1.0 0.004548 0.999987 0.001337 -0.001875
0.01955 0.0 0.11236 1.0 -0.007018 -0.085056 0.361079 0.928622
-0.0012 0.0935 -0.00094 1.0 -0.343583 -0.28954 0.221508 0.865478
0.1367 0.00103 -0.07412 1.0 -0.004907 -0.043706 0.0 0.999032
0.0012 -0.0935 0.00094 1.0 -0.239513 0.165636 -0.321928 0.900867
-0.1367 -0.00103 0.07412 1.0 0.000691 -0.075436 0.002277 0.997148
0.04184 0.0 0.29363 1.0 0.0 0.0 0.0 1.0
0.0 0.17528 0.00003 1.0 -0.031812 -0.020914 -0.783738 0.619924
0.21175 -0.00194 0.03537 1.0 0.0 0.0 0.0 1.0
0.01545 -0.00217 0.03772 1.0 0.0 0.0 0.0 1.0
0.20253 -0.00433 0.07298 1.0 0.0 0.0 0.0 1.0
0.0 -0.17528 -0.00003 1.0 -0.128956 -0.246995 -0.449635 0.848641
0.21133 -0.00375 0.03157 1.0 0.0 0.0 0.0 1.0
0.00298 0.17235 -0.00007 1.0 -0.142142 -0.03093 -0.11915 0.982162
0.003 0.18335 0.00115 1.0 0.001683 -0.024657 0.000423 0.999694
-0.00303 -0.17205 0.00053 1.0 -0.064413 -0.390688 -0.083548 0.914458
-0.00224 -0.18302 -0.00027 1.0 -0.013864 -0.384242 0.000634 0.923128
0.05434 0.14794 0.03756 1.0 -0.28617 0.037997 -0.101478 0.952032
0.01196 0.15393 0.04553 1.0 -0.406443 0.017798 -0.026328 0.913123
-0.03124 0.14728 0.04113 1.0 -0.45225 -0.015881 0.050011 0.890346
-0.07001 0.1413 0.02956 1.0 -0.500227 -0.057428 0.12133 0.855426
0.09958 0.0939 -0.02147 1.0 -0.194025 -0.017191 0.018833 0.980665
-0.05434 -0.14794 -0.03756 1.0 -0.470204 0.003851 0.000532 0.882549
-0.01196 -0.15393 -0.04553 1.0 -0.507548 0.004237 -0.000323 0.861613
0.03124 -0.14728 -0.04113 1.0 -0.552884 0.005289 -0.000086 0.833241
0.07001 -0.1413 -0.02956 1.0 -0.556289 0.003169 -0.000423 0.830983
-0.00249 -0.14826 0.01591 1.0 0.707107 -0.000003 -0.000003 0.707107
-0.09958 -0.09391 0.02147 1.0 -0.392998 0.112731 0.231563 0.882736
0.00074 0.05825 -0.00249 1.0 -0.383511 0.007714 0.000122 0.923504
0.00034 0.05524 -0.00625 1.0 -0.420494 0.007392 -0.000473 0.907265
0.00033 0.0566 -0.00383 1.0 -0.416494 0.006988 -0.000559 0.909111
0.00078 0.0516 -0.00392 1.0 -0.424508 0.007894 -0.000345 0.90539
0.00086 0.05627 -0.00025 1.0 0.008407 0.006097 0.287283 0.957789
-0.00074 -0.05825 0.00249 1.0 -0.499628 0.004701 0.000211 0.866227
-0.00034 -0.05524 0.00625 1.0 -0.518406 0.003921 -0.000553 0.855125
-0.00033 -0.0566 0.00383 1.0 -0.480307 0.004078 0.000173 0.877091
-0.00078 -0.0516 0.00392 1.0 -0.503342 0.004155 -0.000566 0.864077
-0.00086 -0.05627 0.00025 1.0 0.004877 0.007291 0.581753 0.813318


##### Pose: 22 #############################################

0.0 -0.00032 0.0 1.0 0.0 0.0 0.707107 0.707107
0.0 0.0 0.6234 1.0 0.0 0.0 0.0 1.0
0.0 0.0 0.0 1.0 0.0 0.0 0.0 1.0
0.06895 -0.01478 -0.12373 1.0 -0.002827 -0.023827 -0.679319 0.733451
0.0 0.0 -0.6234 1.0 0.0 0.0 0.0 1.0
0.00313 0.12307 0.0005 1.0 0.073973 -0.05282 0.31002 0.946375
0.00313 -0.12307 0.0005 1.0 -0.087375 0.96513 -0.225084 0.101128
0.00295 0.0 0.10781 1.0 -0.020389 0.05405 0.072058 0.995726
0.00295 0.0 0.10781 1.0 -0.011275 0.026609 0.036497 0.998916
0.0 0.0 0.12763 1.0 -0.014708 0.036217 0.048715 0.998048
-0.00406 0.00155 -0.20993 1.0 0.000791 0.446626 -0.008922 0.894676
0.00406 -0.00155 0.20992 1.0 -0.000791 0.497326 0.006429 0.86754
-0.00508 0.00195 -0.15497 1.0 0.00379 -0.001455 0.115605 0.993287
-0.00596 0.00184 -0.184 1.0 -0.094361 -0.359039 0.106672 0.922393
-0.02319 0.09435 0.08792 1.0 0.0 -0.000772 0.0 1.0
-0.02727 0.0 0.12737 1.0 -0.009529 0.066872 0.191099 0.979244
0.0051 -0.0019 0.155 1.0 -0.004889 0.001851 -0.149492 0.988749
0.00594 -0.00257 0.184 1.0 -0.15764 -0.332593 -0.137646 0.919557
-0.02319 -0.09435 0.08792 1.0 0.000913 1.0 0.0 0.0
0.01955 0.0 0.11236 1.0 0.008227 -0.071434 0.373839 0.924702
-0.0012 0.0935 -0.00094 1.0 -0.328229 -0.290241 0.216876 0.872348
0.1367 0.00103 -0.07412 1.0 0.0 -0.025302 0.000173 0.99968
0.0012 -0.0935 0.00094 1.0 -0.241783 0.179115 -0.2918 0.907916
-0.1367 -0.00103 0.07412 1.0 0.000691 -0.075436 0.002277 0.997148
0.04184 0.0 0.29363 1.0 0.0 0.0 0.0 1.0
0.0 0.17528 0.00003 1.0 -0.029902 -0.019673 -0.827776 0.559916
0.21175 -0.00194 0.03537 1.0 0.0 0.0 0.0 1.0
0.01545 -0.00217 0.03772 1.0 0.0 0.0 0.0 1.0
0.20253 -0.00433 0.07298 1.0 0.0 0.0 0.0 1.0
0.0 -0.17528 -0.00003 1.0 -0.137059 -0.251686 -0.443479 0.849232
0.21133 -0.00375 0.03157 1.0 0.0 0.0 0.0 1.0
0.00298 0.17235 -0.00006 1.0 -0.158545 -0.050371 -0.06925 0.983631
0.00296 0.18335 0.00118 1.0 -0.000992 -0.054002 0.0 0.99854
-0.00303 -0.17205 0.00004 1.0 -0.113607 -0.412826 -0.03742 0.902922
-0.00219 -0.18302 -0.00069 1.0 -0.007395 -0.417306 0.0 0.908736
0.05434 0.14794 0.03756 1.0 -0.337464 0.046944 -0.111893 0.933485
0.01196 0.15393 0.04553 1.0 -0.394648 0.019018 -0.02779 0.918215
-0.03124 0.14728 0.04113 1.0 -0.440483 -0.018017 0.053021 0.896013
-0.07001 0.1413 0.02956 1.0 -0.488135 -0.0637 0.128295 0.860934
0.09958 0.09391 -0.02147 1.0 -0.167755 0.014616 0.091281 0.981485
-0.05434 -0.14794 -0.03756 1.0 -0.544669 0.004941 0.0 0.838637
-0.01196 -0.15393 -0.04553 1.0 -0.544616 0.004957 -0.000122 0.838671
0.03124 -0.14728 -0.04113 1.0 -0.545276 0.004946 0.0 0.838242
0.07001 -0.1413 -0.02956 1.0 -0.544646 0.004841 -0.000122 0.838652
-0.00249 -0.14826 0.01591 1.0 0.707107 -0.000003 -0.000003 0.707107
-0.09958 -0.09391 0.02147 1.0 -0.446805 0.145942 0.262862 0.842597
0.00074 0.05825 -0.00249 1.0 -0.403849 0.0076 -0.000345 0.914794
0.00034 0.05524 -0.00625 1.0 -0.40486 0.007567 -0.000405 0.914347
0.00033 0.0566 -0.00383 1.0 -0.403792 0.007467 -0.000669 0.91482
0.00078 0.0516 -0.00392 1.0 -0.405129 0.007599 -0.000366 0.914228
0.00086 0.05627 -0.00025 1.0 0.010164 0.005974 0.290545 0.956789
-0.00074 -0.05825 0.00249 1.0 -0.545757 0.004911 -0.00015 0.837929
-0.00034 -0.05524 0.00625 1.0 -0.545404 0.004934 0.0 0.838159
-0.00033 -0.0566 0.00383 1.0 -0.545836 0.004864 -0.000086 0.837878
-0.00078 -0.0516 0.00392 1.0 -0.545541 0.004946 0.0 0.83807
-0.00086 -0.05627 0.00025 1.0 0.005565 0.008438 0.659084 0.752001