# SQEE Animation Format


################################################################################

SECTION Header

BoneCount 56
PoseCount 22
TotalTime 22

Times 1 1 1 1 1 1 1 1 1 1 1 1 1 1 1 1 1 1 1 1 1 1


################################################################################

SECTION Poses


##### Pose: 0 ##############################################

0.0 0.0 0.0 1.0 0.0 0.0 0.707107 0.707107
0.0 0.0 0.6234 1.0 0.0 0.0 0.0 1.0
0.0 0.0 0.0 1.0 0.0 0.0 0.0 1.0
-0.00175 -0.00184 -0.01183 1.0 -0.015019 0.375957 -0.362542 0.852639
0.0 0.0 -0.6234 1.0 0.0 0.0 0.0 1.0
0.00313 0.12307 0.0005 1.0 0.308755 -0.771579 0.368115 0.416926
0.00313 -0.12307 0.0005 1.0 -0.062215 0.982857 -0.141746 0.100147
0.00295 0.0 0.10781 1.0 -0.186924 0.196936 0.348988 0.89693
0.00295 0.0 0.10781 1.0 -0.111091 0.080314 0.182655 0.973574
0.0 0.0 0.12763 1.0 -0.131285 0.065731 0.173783 0.973778
-0.00399 0.00159 -0.20992 1.0 -0.104029 0.494709 0.178495 0.844145
0.00406 -0.00155 0.20992 1.0 0.072257 0.406985 -0.175975 0.893406
-0.00508 0.00195 -0.15497 1.0 -0.00603 0.000691 -0.137614 0.990467
-0.006 0.00223 -0.184 1.0 0.058335 -0.135469 -0.124351 0.981215
-0.02319 0.09435 0.08792 1.0 0.130009 0.035351 0.209107 0.968567
-0.02727 0.0 0.12737 1.0 0.016258 -0.285869 -0.141462 0.94763
0.0051 -0.0019 0.155 1.0 0.005111 -0.002132 -0.01526 0.999868
0.00589 -0.00264 0.184 1.0 0.097955 0.253961 0.000863 0.962241
-0.02319 -0.09435 0.08792 1.0 0.060917 0.997734 -0.024596 0.014524
0.01955 0.0 0.11236 1.0 -0.052722 -0.296285 -0.137354 0.9437
-0.0012 0.0935 -0.00094 1.0 -0.300664 0.31683 0.190521 0.87916
0.1367 0.00103 -0.07412 1.0 -0.007444 -0.041925 0.000122 0.999093
0.0012 -0.0935 0.00094 1.0 -0.312649 -0.557634 -0.239603 0.730675
-0.1367 -0.00103 0.07412 1.0 0.002863 0.1072 -0.015663 0.99411
0.04184 0.0 0.29363 1.0 0.0 0.0 0.0 1.0
0.0 0.17528 0.00003 1.0 0.0 0.0 -0.470874 0.882201
0.21175 -0.00194 0.03537 1.0 0.0 0.0 0.0 1.0
0.01545 -0.00217 0.03772 1.0 0.0 0.0 0.0 1.0
0.20253 -0.00433 0.07298 1.0 0.0 0.0 0.0 1.0
0.0 -0.17528 -0.00003 1.0 0.143957 -0.147336 -0.488178 0.848086
0.21133 -0.00375 0.03157 1.0 0.0 0.0 0.0 1.0
0.00301 0.17235 -0.00005 1.0 0.010694 -0.036377 0.004582 0.99927
0.00309 0.18335 0.00121 1.0 0.0 0.0 0.0 1.0
0.01129 -0.17136 0.003 1.0 -0.03672 -0.20655 -0.009244 0.977703
0.01315 -0.18224 0.00213 1.0 -0.014226 -0.04449 0.083744 0.995392
0.05434 0.14794 0.03756 1.0 -0.626475 0.008385 -0.000376 0.779396
0.01196 0.15393 0.04553 1.0 -0.562003 0.004471 -0.000496 0.827123
-0.03124 0.14728 0.04113 1.0 -0.614445 0.004315 -0.000305 0.788948
-0.07001 0.1413 0.02956 1.0 -0.657722 0.010692 -0.000805 0.753184
0.09958 0.0939 -0.02147 1.0 -0.315949 0.020286 0.045577 0.947464
-0.05434 -0.14794 -0.03756 1.0 -0.615769 0.017743 -0.001515 0.787725
-0.01196 -0.15393 -0.04553 1.0 -0.540262 -0.007825 0.000743 0.84146
0.03124 -0.14728 -0.04113 1.0 -0.666874 0.009783 -0.000136 0.745106
0.07001 -0.1413 -0.02956 1.0 -0.704265 -0.011593 0.000433 0.709842
-0.01584 -0.15766 -0.0035 1.0 0.723514 0.024676 0.023515 0.689468
-0.09958 -0.09391 0.02147 1.0 -0.260734 0.028075 0.067031 0.962672
0.00074 0.05825 -0.00249 1.0 -0.72879 0.009753 -0.000422 0.684668
0.00034 0.05524 -0.00625 1.0 -0.634612 0.005048 -0.000569 0.772814
0.00033 0.0566 -0.00383 1.0 -0.593235 0.004166 -0.000286 0.805018
0.00078 0.0516 -0.00392 1.0 -0.683813 0.011116 -0.000839 0.729572
0.00086 0.05627 -0.00025 1.0 0.0 0.002762 0.673547 0.739139
-0.00074 -0.05825 0.00249 1.0 -0.69283 0.019962 -0.001699 0.720823
-0.00034 -0.05524 0.00625 1.0 -0.716366 -0.010376 0.000981 0.697647
-0.00033 -0.0566 0.00383 1.0 -0.648514 0.009513 -0.000086 0.761143
-0.00078 -0.0516 0.00392 1.0 -0.646445 -0.010641 0.000381 0.762886
-0.00086 -0.05627 0.00025 1.0 0.0 -0.00268 0.617476 0.786585


##### Pose: 1 ##############################################

0.0 0.0 0.0 1.0 0.0 0.0 0.707107 0.707107
0.0 0.0 0.6234 1.0 0.0 0.0 0.0 1.0
0.0 0.0 0.0 1.0 0.0 0.0 0.0 1.0
-0.00175 0.00243 -0.02163 1.0 -0.01398 0.369271 -0.337487 0.865763
0.0 0.0 -0.6234 1.0 0.0 0.0 0.0 1.0
0.00313 0.12307 0.0005 1.0 0.223601 -0.734512 0.293616 0.56946
0.00313 -0.12307 0.0005 1.0 0.018693 -0.968383 0.239011 0.068982
0.00295 0.0 0.10781 1.0 -0.177363 0.18926 0.352722 0.899061
0.00295 0.0 0.10781 1.0 -0.105649 0.077164 0.184256 0.974132
0.0 0.0 0.12763 1.0 -0.122035 0.061584 0.167445 0.976359
-0.00399 0.00159 -0.20992 1.0 -0.04675 0.227902 0.198045 0.952183
0.00406 -0.00155 0.20992 1.0 0.062396 0.314688 -0.200256 0.92573
-0.00508 0.00195 -0.15497 1.0 -0.007518 -0.000122 -0.111472 0.993739
-0.006 0.00224 -0.184 1.0 0.018117 -0.124882 -0.087935 0.988101
-0.02319 0.09435 0.08792 1.0 0.124072 0.033771 0.187757 0.973762
-0.02727 0.0 0.12737 1.0 0.022475 -0.272806 -0.144808 0.950843
0.0051 -0.0019 0.155 1.0 0.006532 -0.00166 -0.008847 0.999938
0.00589 -0.00264 0.184 1.0 0.070778 0.249978 0.001987 0.965659
-0.02319 -0.09435 0.08792 1.0 0.05489 0.998195 -0.021032 0.012314
0.01955 0.0 0.11236 1.0 -0.051241 -0.281198 -0.142816 0.947579
-0.0012 0.0935 -0.00094 1.0 -0.277836 0.347843 0.210446 0.870359
0.1367 0.00103 -0.07412 1.0 -0.015424 -0.087276 0.000173 0.996065
0.0012 -0.0935 0.00094 1.0 -0.285432 -0.580488 -0.264588 0.715231
-0.1367 -0.00103 0.07412 1.0 0.003131 0.107053 -0.015782 0.994123
0.04184 0.0 0.29363 1.0 0.0 0.0 0.0 1.0
0.0 0.17528 0.00003 1.0 0.0 0.0 -0.430672 0.902509
0.21175 -0.00194 0.03537 1.0 0.0 0.0 0.0 1.0
0.01545 -0.00217 0.03772 1.0 0.0 0.0 0.0 1.0
0.20253 -0.00433 0.07298 1.0 0.0 0.0 0.0 1.0
0.0 -0.17528 -0.00003 1.0 0.143608 -0.113729 -0.547357 0.816604
0.21133 -0.00375 0.03157 1.0 0.0 0.0 0.0 1.0
0.00301 0.17235 -0.00005 1.0 0.024063 -0.057115 0.01566 0.997955
0.00309 0.18335 0.00121 1.0 0.0 0.0 0.0 1.0
0.01203 -0.17127 0.00313 1.0 -0.032318 -0.265523 -0.014119 0.963459
0.01401 -0.18214 0.00229 1.0 -0.017974 -0.056591 0.100407 0.993173
0.05434 0.14794 0.03756 1.0 -0.626475 0.008385 -0.000376 0.779396
0.01196 0.15393 0.04553 1.0 -0.562003 0.004471 -0.000496 0.827123
-0.03124 0.14728 0.04113 1.0 -0.614445 0.004315 -0.000305 0.788948
-0.07001 0.1413 0.02956 1.0 -0.657722 0.010692 -0.000805 0.753184
0.09958 0.09391 -0.02147 1.0 -0.315949 0.020286 0.045577 0.947464
-0.05434 -0.14794 -0.03756 1.0 -0.615769 0.017743 -0.001515 0.787725
-0.01196 -0.15393 -0.04553 1.0 -0.540262 -0.007825 0.000743 0.84146
0.03124 -0.14728 -0.04113 1.0 -0.666874 0.009783 -0.000136 0.745106
0.07001 -0.1413 -0.02956 1.0 -0.704265 -0.011593 0.000433 0.709842
-0.01584 -0.15766 -0.0035 1.0 0.723514 0.024676 0.023515 0.689468
-0.09958 -0.09391 0.02147 1.0 -0.260734 0.028075 0.067031 0.962672
0.00074 0.05825 -0.00249 1.0 -0.72879 0.009753 -0.000422 0.684668
0.00034 0.05524 -0.00625 1.0 -0.634612 0.005048 -0.000569 0.772814
0.00033 0.0566 -0.00383 1.0 -0.593235 0.004166 -0.000286 0.805018
0.00078 0.0516 -0.00392 1.0 -0.683813 0.011116 -0.000839 0.729572
0.00086 0.05627 -0.00025 1.0 0.0 0.002762 0.673547 0.739139
-0.00074 -0.05825 0.00249 1.0 -0.69283 0.019962 -0.001699 0.720823
-0.00034 -0.05524 0.00625 1.0 -0.716366 -0.010376 0.000981 0.697647
-0.00033 -0.0566 0.00383 1.0 -0.648514 0.009513 -0.000086 0.761143
-0.00078 -0.0516 0.00392 1.0 -0.646445 -0.010641 0.000381 0.762886
-0.00086 -0.05627 0.00025 1.0 0.0 -0.00268 0.617476 0.786585


##### Pose: 2 ##############################################

0.0 0.0 0.0 1.0 0.0 0.0 0.707107 0.707107
0.0 0.0 0.6234 1.0 0.0 0.0 0.0 1.0
0.0 0.0 0.0 1.0 0.0 0.0 0.0 1.0
-0.00175 0.0067 -0.03144 1.0 -0.011295 0.352283 -0.271971 0.895433
0.0 0.0 -0.6234 1.0 0.0 0.0 0.0 1.0
0.00313 0.12307 0.0005 1.0 0.124238 -0.687752 0.217237 0.681447
0.00313 -0.12307 0.0005 1.0 0.004024 -0.966384 0.230755 0.113304
0.00295 0.0 0.10781 1.0 -0.155233 0.222607 0.319576 0.907866
0.00295 0.0 0.10781 1.0 -0.096188 0.097568 0.166827 0.976421
0.0 0.0 0.12763 1.0 -0.0926 0.076498 0.1385 0.983052
-0.00399 0.00159 -0.20992 1.0 -0.020681 0.121347 0.172888 0.977219
0.00406 -0.00155 0.20992 1.0 0.064769 0.408713 -0.151312 0.897699
-0.00508 0.00195 -0.15497 1.0 -0.009534 -0.001326 -0.085246 0.996313
-0.00601 0.00225 -0.184 1.0 0.049688 -0.039506 -0.059547 0.996205
-0.02319 0.09435 0.08792 1.0 0.105941 0.028311 0.135745 0.984656
-0.02727 0.0 0.12737 1.0 0.022877 -0.280652 -0.137351 0.949656
0.0051 -0.0019 0.155 1.0 0.019917 -0.000386 -0.013977 0.999704
0.00589 -0.00264 0.184 1.0 0.070113 0.178388 -0.00837 0.981423
-0.02319 -0.09435 0.08792 1.0 0.039287 0.999121 -0.011355 0.009209
0.01955 0.0 0.11236 1.0 -0.046158 -0.28602 -0.134581 0.947602
-0.0012 0.0935 -0.00094 1.0 -0.294824 0.290271 0.199635 0.888238
0.1367 0.00103 -0.07412 1.0 -0.024683 -0.14025 0.001286 0.989808
0.0012 -0.0935 0.00094 1.0 -0.304834 -0.534248 -0.249242 0.74802
-0.1367 -0.00103 0.07412 1.0 0.002786 0.084998 -0.012868 0.996294
0.04184 0.0 0.29363 1.0 0.0 0.0 0.0 1.0
0.0 0.17528 0.00003 1.0 0.0 0.0 -0.398163 0.917315
0.21175 -0.00194 0.03537 1.0 0.0 0.0 0.0 1.0
0.01545 -0.00217 0.03772 1.0 0.0 0.0 0.0 1.0
0.20253 -0.00433 0.07298 1.0 0.0 0.0 0.0 1.0
0.0 -0.17528 -0.00003 1.0 0.139725 -0.074647 -0.610378 0.776108
0.21133 -0.00375 0.03157 1.0 0.0 0.0 0.0 1.0
0.00301 0.17235 -0.00005 1.0 0.035929 -0.076919 0.028858 0.995972
0.00309 0.18335 0.00121 1.0 0.0 0.0 0.0 1.0
0.01277 -0.17119 0.00327 1.0 -0.029881 -0.323834 -0.023079 0.94536
0.01487 -0.18204 0.00245 1.0 -0.021102 -0.069221 0.11591 0.99062
0.05434 0.14794 0.03756 1.0 -0.626475 0.008385 -0.000376 0.779396
0.01196 0.15393 0.04553 1.0 -0.562003 0.004471 -0.000496 0.827123
-0.03124 0.14728 0.04113 1.0 -0.614445 0.004315 -0.000305 0.788948
-0.07001 0.1413 0.02956 1.0 -0.657722 0.010692 -0.000805 0.753184
0.09958 0.0939 -0.02147 1.0 -0.315949 0.020286 0.045577 0.947464
-0.05434 -0.14794 -0.03756 1.0 -0.615769 0.017743 -0.001515 0.787725
-0.01196 -0.15393 -0.04553 1.0 -0.540262 -0.007825 0.000743 0.84146
0.03124 -0.14728 -0.04113 1.0 -0.666874 0.009783 -0.000136 0.745106
0.07001 -0.1413 -0.02956 1.0 -0.704265 -0.011593 0.000433 0.709842
-0.01584 -0.15766 -0.0035 1.0 0.723514 0.024676 0.023515 0.689468
-0.09958 -0.09391 0.02147 1.0 -0.260734 0.028075 0.067031 0.962672
0.00074 0.05825 -0.00249 1.0 -0.72879 0.009753 -0.000422 0.684668
0.00034 0.05524 -0.00625 1.0 -0.634612 0.005048 -0.000569 0.772814
0.00033 0.0566 -0.00383 1.0 -0.593235 0.004166 -0.000286 0.805018
0.00078 0.0516 -0.00392 1.0 -0.683813 0.011116 -0.000839 0.729572
0.00086 0.05627 -0.00025 1.0 0.0 0.002762 0.673547 0.739139
-0.00074 -0.05825 0.00249 1.0 -0.69283 0.019962 -0.001699 0.720823
-0.00034 -0.05524 0.00625 1.0 -0.716366 -0.010376 0.000981 0.697647
-0.00033 -0.0566 0.00383 1.0 -0.648514 0.009513 -0.000086 0.761143
-0.00078 -0.0516 0.00392 1.0 -0.646445 -0.010641 0.000381 0.762886
-0.00086 -0.05627 0.00025 1.0 0.0 -0.00268 0.617476 0.786585


##### Pose: 3 ##############################################

0.0 0.0 0.0 1.0 0.0 0.0 0.707107 0.707107
0.0 0.0 0.6234 1.0 0.0 0.0 0.0 1.0
0.0 0.0 0.0 1.0 0.0 0.0 0.0 1.0
-0.00175 0.01097 -0.0671 1.0 -0.009501 0.34134 -0.2305 0.91119
0.0 0.0 -0.6234 1.0 0.0 0.0 0.0 1.0
0.00313 0.12307 0.0005 1.0 0.104948 -0.695962 0.164246 0.691119
0.00313 -0.12307 0.0005 1.0 0.017961 -0.978114 0.203624 0.038827
0.00295 0.0 0.10781 1.0 -0.137874 0.250547 0.294659 0.911808
0.00295 0.0 0.10781 1.0 -0.087047 0.115238 0.154046 0.977452
0.0 0.0 0.12763 1.0 -0.074302 0.088632 0.120338 0.985973
-0.00399 0.00159 -0.20992 1.0 -0.033561 0.246209 0.134509 0.959251
0.00406 -0.00155 0.20992 1.0 0.07965 0.596024 -0.109107 0.791522
-0.00508 0.00195 -0.15497 1.0 -0.009549 -0.001903 -0.014327 0.99985
-0.00602 0.00227 -0.184 1.0 0.076387 -0.053208 0.000977 0.995657
-0.02319 0.09435 0.08792 1.0 0.094076 0.023605 0.104333 0.989802
-0.02727 0.0 0.12737 1.0 0.021739 -0.2889 -0.130576 0.948164
0.0051 -0.0019 0.155 1.0 0.021718 0.000819 -0.015234 0.999648
0.00589 -0.00264 0.184 1.0 0.067927 0.066477 -0.027972 0.99508
-0.02319 -0.09435 0.08792 1.0 0.0306 0.999493 -0.005559 0.006817
0.01955 0.0 0.11236 1.0 -0.041979 -0.292572 -0.12852 0.946637
-0.0012 0.0935 -0.00094 1.0 -0.312476 0.231028 0.192241 0.901126
0.1367 0.00103 -0.07412 1.0 -0.028606 -0.162119 0.001145 0.986356
0.0012 -0.0935 0.00094 1.0 -0.323596 -0.483418 -0.236856 0.778134
-0.1367 -0.00103 0.07412 1.0 0.002627 0.068654 -0.009936 0.997588
0.04184 0.0 0.29363 1.0 0.0 0.0 0.0 1.0
0.0 0.17528 0.00003 1.0 0.0 0.0 -0.385301 0.922791
0.21175 -0.00194 0.03537 1.0 0.0 0.0 0.0 1.0
0.01545 -0.00217 0.03772 1.0 0.0 0.0 0.0 1.0
0.20253 -0.00433 0.07298 1.0 0.0 0.0 0.0 1.0
0.0 -0.17528 -0.00003 1.0 0.120668 -0.040936 -0.63624 0.760896
0.21133 -0.00375 0.03157 1.0 0.0 0.0 0.0 1.0
0.00301 0.17235 -0.00005 1.0 0.042391 -0.086325 0.035466 0.994733
0.00309 0.18335 0.00121 1.0 0.0 0.0 0.0 1.0
0.01351 -0.17111 0.0034 1.0 -0.027443 -0.369576 -0.030591 0.928291
0.01573 -0.18194 0.00261 1.0 -0.022998 -0.084609 0.130271 0.987594
0.05434 0.14794 0.03756 1.0 -0.626475 0.008385 -0.000376 0.779396
0.01196 0.15393 0.04553 1.0 -0.562003 0.004471 -0.000496 0.827123
-0.03124 0.14728 0.04113 1.0 -0.614445 0.004315 -0.000305 0.788948
-0.07001 0.1413 0.02956 1.0 -0.657722 0.010692 -0.000805 0.753184
0.09958 0.0939 -0.02147 1.0 -0.315949 0.020286 0.045577 0.947464
-0.05434 -0.14794 -0.03756 1.0 -0.615769 0.017743 -0.001515 0.787725
-0.01196 -0.15393 -0.04553 1.0 -0.540262 -0.007825 0.000743 0.84146
0.03124 -0.14728 -0.04113 1.0 -0.666874 0.009783 -0.000136 0.745106
0.07001 -0.1413 -0.02956 1.0 -0.704265 -0.011593 0.000433 0.709842
-0.01584 -0.15766 -0.0035 1.0 0.723514 0.024676 0.023515 0.689468
-0.09958 -0.09391 0.02147 1.0 -0.260734 0.028075 0.067031 0.962672
0.00074 0.05825 -0.00249 1.0 -0.72879 0.009753 -0.000422 0.684668
0.00034 0.05524 -0.00625 1.0 -0.634612 0.005048 -0.000569 0.772814
0.00033 0.0566 -0.00383 1.0 -0.593235 0.004166 -0.000286 0.805018
0.00078 0.0516 -0.00392 1.0 -0.683813 0.011116 -0.000839 0.729572
0.00086 0.05627 -0.00025 1.0 0.0 0.002762 0.673547 0.739139
-0.00074 -0.05825 0.00249 1.0 -0.69283 0.019962 -0.001699 0.720823
-0.00034 -0.05524 0.00625 1.0 -0.716366 -0.010376 0.000981 0.697647
-0.00033 -0.0566 0.00383 1.0 -0.648514 0.009513 -0.000086 0.761143
-0.00078 -0.0516 0.00392 1.0 -0.646445 -0.010641 0.000381 0.762886
-0.00086 -0.05627 0.00025 1.0 0.0 -0.00268 0.617476 0.786585


##### Pose: 4 ##############################################

0.0 0.0 0.0 1.0 0.0 0.0 0.707107 0.707107
0.0 0.0 0.6234 1.0 0.0 0.0 0.0 1.0
0.0 0.0 0.0 1.0 0.0 0.0 0.0 1.0
-0.00175 0.01525 -0.10937 1.0 -0.007532 0.33007 -0.181589 0.926295
0.0 0.0 -0.6234 1.0 0.0 0.0 0.0 1.0
0.00313 0.12307 0.0005 1.0 0.066104 -0.67162 0.103921 0.730587
0.00313 -0.12307 0.0005 1.0 -0.017253 0.980838 -0.175224 0.083401
0.00295 0.0 0.10781 1.0 -0.113958 0.280817 0.256449 0.917818
0.00295 0.0 0.10781 1.0 -0.07647 0.132936 0.134236 0.97901
0.0 0.0 0.12763 1.0 -0.055702 0.105041 0.097603 0.988098
-0.00399 0.00159 -0.20992 1.0 -0.030957 0.298767 0.099569 0.948613
0.00406 -0.00155 0.20992 1.0 0.08011 0.756542 -0.068611 0.645383
-0.00508 0.00195 -0.15497 1.0 -0.006943 -0.002408 0.056657 0.998367
-0.00602 0.00228 -0.184 1.0 0.091791 0.062459 0.066286 0.991605
-0.02319 0.09435 0.08792 1.0 0.079396 0.018041 0.072929 0.994008
-0.02727 0.0 0.12737 1.0 0.018737 -0.30358 -0.11653 0.945468
0.0051 -0.0019 0.155 1.0 0.018311 0.002064 -0.034444 0.999237
0.00589 -0.00264 0.184 1.0 0.066872 -0.045877 -0.047238 0.995586
-0.02319 -0.09435 0.08792 1.0 0.021891 0.99975 0.001718 0.004211
0.01955 0.0 0.11236 1.0 -0.03692 -0.306278 -0.114194 0.944347
-0.0012 0.0935 -0.00094 1.0 -0.342964 0.165861 0.167606 0.909271
0.1367 0.00103 -0.07412 1.0 -0.0118 -0.067075 0.000819 0.997678
0.0012 -0.0935 0.00094 1.0 -0.357858 -0.431313 -0.20231 0.803105
-0.1367 -0.00103 0.07412 1.0 0.002549 0.052287 -0.006684 0.998607
0.04184 0.0 0.29363 1.0 0.0 0.0 0.0 1.0
0.0 0.17528 0.00003 1.0 0.0 0.0 -0.380997 0.924576
0.21175 -0.00194 0.03537 1.0 0.0 0.0 0.0 1.0
0.01545 -0.00217 0.03772 1.0 0.0 0.0 0.0 1.0
0.20253 -0.00433 0.07298 1.0 0.0 0.0 0.0 1.0
0.0 -0.17528 -0.00003 1.0 0.130757 0.01906 -0.652737 0.745972
0.21133 -0.00375 0.03157 1.0 0.0 0.0 0.0 1.0
0.00301 0.17235 -0.00005 1.0 0.045753 -0.091382 0.039566 0.993977
0.00309 0.18335 0.00121 1.0 0.0 0.0 0.0 1.0
0.01425 -0.17103 0.00354 1.0 -0.017784 -0.413944 -0.042034 0.909157
0.0166 -0.18184 0.00278 1.0 -0.023507 -0.102827 0.142847 0.984108
0.05434 0.14794 0.03756 1.0 -0.626475 0.008385 -0.000376 0.779396
0.01196 0.15393 0.04553 1.0 -0.562003 0.004471 -0.000496 0.827123
-0.03124 0.14728 0.04113 1.0 -0.614445 0.004315 -0.000305 0.788948
-0.07001 0.1413 0.02956 1.0 -0.657722 0.010692 -0.000805 0.753184
0.09958 0.0939 -0.02147 1.0 -0.315949 0.020286 0.045577 0.947464
-0.05434 -0.14794 -0.03756 1.0 -0.615769 0.017743 -0.001515 0.787725
-0.01196 -0.15393 -0.04553 1.0 -0.540262 -0.007825 0.000743 0.84146
0.03124 -0.14728 -0.04113 1.0 -0.666874 0.009783 -0.000136 0.745106
0.07001 -0.1413 -0.02956 1.0 -0.704265 -0.011593 0.000433 0.709842
-0.01584 -0.15766 -0.0035 1.0 0.723514 0.024676 0.023515 0.689468
-0.09958 -0.09391 0.02147 1.0 -0.260734 0.028075 0.067031 0.962672
0.00074 0.05825 -0.00249 1.0 -0.72879 0.009753 -0.000422 0.684668
0.00034 0.05524 -0.00625 1.0 -0.634612 0.005048 -0.000569 0.772814
0.00033 0.0566 -0.00383 1.0 -0.593235 0.004166 -0.000286 0.805018
0.00078 0.0516 -0.00392 1.0 -0.683813 0.011116 -0.000839 0.729572
0.00086 0.05627 -0.00025 1.0 0.0 0.002762 0.673547 0.739139
-0.00074 -0.05825 0.00249 1.0 -0.69283 0.019962 -0.001699 0.720823
-0.00034 -0.05524 0.00625 1.0 -0.716366 -0.010376 0.000981 0.697647
-0.00033 -0.0566 0.00383 1.0 -0.648514 0.009513 -0.000086 0.761143
-0.00078 -0.0516 0.00392 1.0 -0.646445 -0.010641 0.000381 0.762886
-0.00086 -0.05627 0.00025 1.0 0.0 -0.00268 0.617476 0.786585


##### Pose: 5 ##############################################

0.0 0.0 0.0 1.0 0.0 0.0 0.707107 0.707107
0.0 0.0 0.6234 1.0 0.0 0.0 0.0 1.0
0.0 0.0 0.0 1.0 0.0 0.0 0.0 1.0
-0.00175 0.01952 -0.15165 1.0 -0.003553 0.309785 -0.084494 0.947038
0.0 0.0 -0.6234 1.0 0.0 0.0 0.0 1.0
0.00313 0.12307 0.0005 1.0 -0.016342 -0.70551 0.040895 0.70733
0.00313 -0.12307 0.0005 1.0 0.008234 0.948543 -0.12829 0.289379
0.00295 0.0 0.10781 1.0 -0.056642 0.340842 0.169545 0.92297
0.00295 0.0 0.10781 1.0 -0.044323 0.169741 0.089225 0.98044
0.0 0.0 0.12763 1.0 -0.023938 0.136847 0.054727 0.98879
-0.00399 0.00159 -0.20992 1.0 -0.038049 0.584103 0.052399 0.809092
0.00406 -0.00155 0.20992 1.0 0.068431 0.874491 -0.034038 0.478982
-0.00508 0.00195 -0.15497 1.0 -0.001769 -0.002629 0.086346 0.99626
-0.00603 0.0023 -0.184 1.0 0.088538 -0.182767 0.103973 0.973626
-0.02319 0.09435 0.08792 1.0 0.04964 0.006205 0.021154 0.998524
-0.02727 0.0 0.12737 1.0 0.012956 -0.331917 -0.084293 0.939446
0.0051 -0.0019 0.155 1.0 0.007915 0.002231 -0.062636 0.998003
0.00589 -0.00264 0.184 1.0 0.00963 -0.256382 -0.068425 0.964103
-0.02319 -0.09435 0.08792 1.0 0.006151 0.999867 0.015004 0.001727
0.01955 0.0 0.11236 1.0 -0.026824 -0.333338 -0.080573 0.938975
-0.0012 0.0935 -0.00094 1.0 -0.408312 0.017359 0.127508 0.903727
0.1367 0.00103 -0.07412 1.0 -0.005918 0.0 0.0 0.999982
0.0012 -0.0935 0.00094 1.0 -0.425364 -0.302769 -0.136382 0.8419
-0.1367 -0.00103 0.07412 1.0 0.001239 0.020118 -0.003502 0.999791
0.04184 0.0 0.29363 1.0 0.0 0.0 0.0 1.0
0.0 0.17528 0.00003 1.0 0.0 0.0 -0.380997 0.924576
0.21175 -0.00194 0.03537 1.0 0.0 0.0 0.0 1.0
0.01545 -0.00217 0.03772 1.0 0.0 0.0 0.0 1.0
0.20253 -0.00433 0.07298 1.0 0.0 0.0 0.0 1.0
0.0 -0.17528 -0.00003 1.0 0.122252 0.058946 -0.667145 0.73246
0.21133 -0.00375 0.03157 1.0 0.0 0.0 0.0 1.0
0.00301 0.17235 -0.00005 1.0 0.049561 -0.097084 0.043948 0.993069
0.00309 0.18335 0.00121 1.0 0.0 0.0 0.0 1.0
0.01499 -0.17094 0.00367 1.0 -0.010133 -0.452386 -0.056588 0.889967
0.01746 -0.18174 0.00294 1.0 -0.022378 -0.121899 0.152862 0.980445
0.05434 0.14794 0.03756 1.0 -0.626475 0.008385 -0.000376 0.779396
0.01196 0.15393 0.04553 1.0 -0.562003 0.004471 -0.000496 0.827123
-0.03124 0.14728 0.04113 1.0 -0.614445 0.004315 -0.000305 0.788948
-0.07001 0.1413 0.02956 1.0 -0.657722 0.010692 -0.000805 0.753184
0.09958 0.0939 -0.02147 1.0 -0.315949 0.020286 0.045577 0.947464
-0.05434 -0.14794 -0.03756 1.0 -0.615769 0.017743 -0.001515 0.787725
-0.01196 -0.15393 -0.04553 1.0 -0.540262 -0.007825 0.000743 0.84146
0.03124 -0.14728 -0.04113 1.0 -0.666874 0.009783 -0.000136 0.745106
0.07001 -0.1413 -0.02956 1.0 -0.704265 -0.011593 0.000433 0.709842
-0.01584 -0.15766 -0.0035 1.0 0.723514 0.024676 0.023515 0.689468
-0.09958 -0.09391 0.02147 1.0 -0.260734 0.028075 0.067031 0.962672
0.00074 0.05825 -0.00249 1.0 -0.72879 0.009753 -0.000422 0.684668
0.00034 0.05524 -0.00625 1.0 -0.634612 0.005048 -0.000569 0.772814
0.00033 0.0566 -0.00383 1.0 -0.593235 0.004166 -0.000286 0.805018
0.00078 0.0516 -0.00392 1.0 -0.683813 0.011116 -0.000839 0.729572
0.00086 0.05627 -0.00025 1.0 0.0 0.002762 0.673547 0.739139
-0.00074 -0.05825 0.00249 1.0 -0.69283 0.019962 -0.001699 0.720823
-0.00034 -0.05524 0.00625 1.0 -0.716366 -0.010376 0.000981 0.697647
-0.00033 -0.0566 0.00383 1.0 -0.648514 0.009513 -0.000086 0.761143
-0.00078 -0.0516 0.00392 1.0 -0.646445 -0.010641 0.000381 0.762886
-0.00086 -0.05627 0.00025 1.0 0.0 -0.00268 0.617476 0.786585


##### Pose: 6 ##############################################

0.0 0.0 0.0 1.0 0.0 0.0 0.707107 0.707107
0.0 0.0 0.6234 1.0 0.0 0.0 0.0 1.0
0.0 0.0 0.0 1.0 0.0 0.0 0.0 1.0
-0.00175 0.02379 -0.19172 1.0 0.0 0.313137 0.0 0.949708
0.0 0.0 -0.6234 1.0 0.0 0.0 0.0 1.0
0.00313 0.12307 0.0005 1.0 -0.100266 -0.646016 -0.03146 0.756056
0.00313 -0.12307 0.0005 1.0 0.01207 0.821092 -0.106678 0.560609
0.00295 0.0 0.10781 1.0 0.004691 0.369909 0.047466 0.927843
0.00295 0.0 0.10781 1.0 -0.007026 0.183393 0.032574 0.982475
0.0 0.0 0.12763 1.0 -0.006156 0.156191 0.02435 0.987408
-0.00399 0.00159 -0.20992 1.0 -0.025325 0.722774 0.025739 0.69014
0.00406 -0.00155 0.20992 1.0 0.064244 0.918013 -0.020542 0.390772
-0.00508 0.00195 -0.15497 1.0 0.005626 -0.00217 0.152276 0.98832
-0.00604 0.00231 -0.184 1.0 0.072232 -0.41466 0.14065 0.896135
-0.02319 0.09435 0.08792 1.0 0.026292 0.000712 0.0 0.999654
-0.02727 0.0 0.12737 1.0 0.006414 -0.356612 -0.04355 0.933215
0.0051 -0.0019 0.155 1.0 -0.001895 0.001408 -0.060095 0.99819
0.00589 -0.00264 0.184 1.0 -0.080622 -0.299861 -0.057993 0.948799
-0.02319 -0.09435 0.08792 1.0 0.000889 0.999642 0.026709 0.001297
0.01955 0.0 0.11236 1.0 -0.014701 -0.357067 -0.041284 0.93305
-0.0012 0.0935 -0.00094 1.0 -0.453233 -0.116924 0.087287 0.879369
0.1367 0.00103 -0.07412 1.0 0.0 0.0 0.0 1.0
0.0012 -0.0935 0.00094 1.0 -0.484129 -0.183064 -0.068831 0.852859
-0.1367 -0.00103 0.07412 1.0 -0.120956 -0.094885 0.011373 0.988047
0.04184 0.0 0.29363 1.0 0.0 0.0 0.0 1.0
0.0 0.17528 0.00003 1.0 0.0 0.0 -0.392456 0.919771
0.21175 -0.00194 0.03537 1.0 0.0 0.0 0.0 1.0
0.01545 -0.00217 0.03772 1.0 0.0 0.0 0.0 1.0
0.20253 -0.00433 0.07298 1.0 0.0 0.0 0.0 1.0
0.0 -0.17528 -0.00003 1.0 0.110461 0.090711 -0.662138 0.735624
0.21133 -0.00375 0.03157 1.0 0.0 0.0 0.0 1.0
0.00301 0.17235 -0.00005 1.0 0.045753 -0.091382 0.039566 0.993977
0.00309 0.18335 0.00121 1.0 0.0 0.0 0.0 1.0
0.01573 -0.17086 0.00381 1.0 0.002006 -0.463385 -0.065033 0.883765
0.01832 -0.18164 0.0031 1.0 -0.019804 -0.141256 0.159603 0.976822
0.05434 0.14794 0.03756 1.0 -0.626475 0.008385 -0.000376 0.779396
0.01196 0.15393 0.04553 1.0 -0.562003 0.004471 -0.000496 0.827123
-0.03124 0.14728 0.04113 1.0 -0.614445 0.004315 -0.000305 0.788948
-0.07001 0.1413 0.02956 1.0 -0.657722 0.010692 -0.000805 0.753184
0.09958 0.0939 -0.02147 1.0 -0.315949 0.020286 0.045577 0.947464
-0.05434 -0.14794 -0.03756 1.0 -0.615769 0.017743 -0.001515 0.787725
-0.01196 -0.15393 -0.04553 1.0 -0.540262 -0.007825 0.000743 0.84146
0.03124 -0.14728 -0.04113 1.0 -0.666874 0.009783 -0.000136 0.745106
0.07001 -0.1413 -0.02956 1.0 -0.704265 -0.011593 0.000433 0.709842
-0.01584 -0.15766 -0.0035 1.0 0.723514 0.024676 0.023515 0.689468
-0.09958 -0.09391 0.02147 1.0 -0.260734 0.028075 0.067031 0.962672
0.00074 0.05825 -0.00249 1.0 -0.72879 0.009753 -0.000422 0.684668
0.00034 0.05524 -0.00625 1.0 -0.634612 0.005048 -0.000569 0.772814
0.00033 0.0566 -0.00383 1.0 -0.593235 0.004166 -0.000286 0.805018
0.00078 0.0516 -0.00392 1.0 -0.683813 0.011116 -0.000839 0.729572
0.00086 0.05627 -0.00025 1.0 0.0 0.002762 0.673547 0.739139
-0.00074 -0.05825 0.00249 1.0 -0.69283 0.019962 -0.001699 0.720823
-0.00034 -0.05524 0.00625 1.0 -0.716366 -0.010376 0.000981 0.697647
-0.00033 -0.0566 0.00383 1.0 -0.648514 0.009513 -0.000086 0.761143
-0.00078 -0.0516 0.00392 1.0 -0.646445 -0.010641 0.000381 0.762886
-0.00086 -0.05627 0.00025 1.0 0.0 -0.00268 0.617476 0.786585


##### Pose: 7 ##############################################

0.0 0.0 0.0 1.0 0.0 0.0 0.707107 0.707107
0.0 0.0 0.6234 1.0 0.0 0.0 0.0 1.0
0.0 0.0 0.0 1.0 0.0 0.0 0.0 1.0
-0.00175 0.02807 -0.14354 1.0 0.003448 0.309756 0.08442 0.947055
0.0 0.0 -0.6234 1.0 0.0 0.0 0.0 1.0
0.00313 0.12307 0.0005 1.0 -0.092478 -0.242973 -0.027745 0.965216
0.00313 -0.12307 0.0005 1.0 0.092492 0.763686 -0.137281 0.624005
0.00295 0.0 0.10781 1.0 0.050772 0.394183 -0.081329 0.914017
0.00295 0.0 0.10781 1.0 0.034839 0.19995 -0.043405 0.978224
0.0 0.0 0.12763 1.0 -0.006454 0.153955 0.01362 0.987963
-0.00399 0.00159 -0.20992 1.0 0.011988 0.395842 -0.034251 0.917601
0.00406 -0.00155 0.20992 1.0 0.018009 0.871207 -0.004195 0.490568
-0.00508 0.00195 -0.15497 1.0 0.003117 -0.000946 0.070352 0.997517
-0.00604 0.00168 -0.184 1.0 0.059107 -0.418157 0.072039 0.903583
-0.02319 0.09435 0.08792 1.0 0.009483 0.00119 0.005609 0.999939
-0.02727 0.0 0.12737 1.0 0.002575 -0.370311 0.004437 0.928894
0.0051 -0.0019 0.155 1.0 0.006828 0.00147 -0.021649 0.999741
0.00589 -0.00264 0.184 1.0 -0.055722 -0.239972 -0.025843 0.968835
-0.02319 -0.09435 0.08792 1.0 0.023705 0.998997 0.037958 0.00152
0.01955 0.0 0.11236 1.0 0.004087 -0.368939 0.001863 0.929443
-0.0012 0.0935 -0.00094 1.0 -0.504316 -0.213543 0.053823 0.834966
0.1367 0.00103 -0.07412 1.0 -0.012266 -0.069696 0.000854 0.997493
0.0012 -0.0935 0.00094 1.0 -0.506939 -0.097359 -0.015617 0.856324
-0.1367 -0.00103 0.07412 1.0 -0.102637 -0.154784 0.014894 0.98249
0.04184 0.0 0.29363 1.0 0.0 0.0 0.0 1.0
0.0 0.17528 0.00003 1.0 0.0 0.0 -0.41519 0.909735
0.21175 -0.00194 0.03537 1.0 0.0 0.0 0.0 1.0
0.01545 -0.00217 0.03772 1.0 0.0 0.0 0.0 1.0
0.20253 -0.00433 0.07298 1.0 0.0 0.0 0.0 1.0
0.0 -0.17528 -0.00003 1.0 0.09539 0.110101 -0.63319 0.760164
0.21133 -0.00375 0.03157 1.0 0.0 0.0 0.0 1.0
0.00301 0.17235 -0.00005 1.0 0.035577 -0.076316 0.029097 0.996024
0.00309 0.18335 0.00121 1.0 0.0 0.0 0.0 1.0
0.01648 -0.17078 0.00394 1.0 0.013907 -0.474142 -0.073797 0.87724
0.01918 -0.18154 0.00326 1.0 -0.016251 -0.15747 0.162895 0.973861
0.05434 0.14794 0.03756 1.0 -0.626475 0.008385 -0.000376 0.779396
0.01196 0.15393 0.04553 1.0 -0.562003 0.004471 -0.000496 0.827123
-0.03124 0.14728 0.04113 1.0 -0.614445 0.004315 -0.000305 0.788948
-0.07001 0.1413 0.02956 1.0 -0.657722 0.010692 -0.000805 0.753184
0.09958 0.0939 -0.02147 1.0 -0.315949 0.020286 0.045577 0.947464
-0.05434 -0.14794 -0.03756 1.0 -0.615769 0.017743 -0.001515 0.787725
-0.01196 -0.15393 -0.04553 1.0 -0.540262 -0.007825 0.000743 0.84146
0.03124 -0.14728 -0.04113 1.0 -0.666874 0.009783 -0.000136 0.745106
0.07001 -0.1413 -0.02956 1.0 -0.704265 -0.011593 0.000433 0.709842
-0.01584 -0.15766 -0.0035 1.0 0.723514 0.024676 0.023515 0.689468
-0.09958 -0.09391 0.02147 1.0 -0.260734 0.028075 0.067031 0.962672
0.00074 0.05825 -0.00249 1.0 -0.72879 0.009753 -0.000422 0.684668
0.00034 0.05524 -0.00625 1.0 -0.634612 0.005048 -0.000569 0.772814
0.00033 0.0566 -0.00383 1.0 -0.593235 0.004166 -0.000286 0.805018
0.00078 0.0516 -0.00392 1.0 -0.683813 0.011116 -0.000839 0.729572
0.00086 0.05627 -0.00025 1.0 0.0 0.002762 0.673547 0.739139
-0.00074 -0.05825 0.00249 1.0 -0.69283 0.019962 -0.001699 0.720823
-0.00034 -0.05524 0.00625 1.0 -0.716366 -0.010376 0.000981 0.697647
-0.00033 -0.0566 0.00383 1.0 -0.648514 0.009513 -0.000086 0.761143
-0.00078 -0.0516 0.00392 1.0 -0.646445 -0.010641 0.000381 0.762886
-0.00086 -0.05627 0.00025 1.0 0.0 -0.00268 0.617476 0.786585


##### Pose: 8 ##############################################

0.0 0.0 0.0 1.0 0.0 0.0 0.707107 0.707107
0.0 0.0 0.6234 1.0 0.0 0.0 0.0 1.0
0.0 0.0 0.0 1.0 0.0 0.0 0.0 1.0
-0.00175 0.02227 -0.0805 1.0 0.009002 0.330646 0.177418 0.926885
0.0 0.0 -0.6234 1.0 0.0 0.0 0.0 1.0
0.00313 0.12307 0.0005 1.0 -0.055447 -0.14055 -0.164689 0.974705
0.00313 -0.12307 0.0005 1.0 0.195558 0.671095 -0.195879 0.687764
0.00295 0.0 0.10781 1.0 0.124168 0.366015 -0.247756 0.888387
0.00295 0.0 0.10781 1.0 0.087202 0.176146 -0.127605 0.972155
0.0 0.0 0.12763 1.0 -0.023251 0.134175 0.013077 0.990599
-0.00399 0.00159 -0.20992 1.0 0.012548 0.241738 -0.059439 0.968438
0.00406 -0.00155 0.20992 1.0 -0.018805 0.820429 0.018037 0.571154
-0.00508 0.00195 -0.15497 1.0 -0.021196 -0.025299 0.127957 0.99123
-0.00448 0.00104 -0.184 1.0 0.063963 0.094308 0.157648 0.980899
-0.02319 0.09435 0.08792 1.0 -0.004054 0.004978 0.019998 0.999779
-0.02727 0.0 0.12737 1.0 0.001687 -0.367181 0.052713 0.928653
0.0051 -0.0019 0.155 1.0 0.003629 0.00137 -0.012679 0.999912
0.00589 -0.00264 0.184 1.0 -0.019095 -0.183713 -0.024128 0.982498
-0.02319 -0.09435 0.08792 1.0 0.078073 0.995755 0.048672 0.002755
0.01955 0.0 0.11236 1.0 0.022147 -0.364146 0.045326 0.929975
-0.0012 0.0935 -0.00094 1.0 -0.48904 -0.298932 -0.001467 0.819437
0.1367 0.00103 -0.07412 1.0 -0.087351 -0.498593 0.004647 0.862411
0.0012 -0.0935 0.00094 1.0 -0.46041 -0.009211 0.031557 0.887097
-0.1367 -0.00103 0.07412 1.0 -0.000984 -0.009791 -0.000953 0.999951
0.04184 0.0 0.29363 1.0 0.0 0.0 0.0 1.0
0.0 0.17528 0.00003 1.0 0.0 0.0 -0.444638 0.89571
0.21175 -0.00194 0.03537 1.0 0.0 0.0 0.0 1.0
0.01545 -0.00217 0.03772 1.0 0.0 0.0 0.0 1.0
0.20253 -0.00433 0.07298 1.0 0.0 0.0 0.0 1.0
0.0 -0.17528 -0.00003 1.0 0.081099 0.114332 -0.606418 0.782693
0.21133 -0.00375 0.03157 1.0 0.0 0.0 0.0 1.0
0.00301 0.17235 -0.00005 1.0 0.023025 -0.056507 0.016115 0.998007
0.00309 0.18335 0.00121 1.0 0.0 0.0 0.0 1.0
0.01722 -0.1707 0.00408 1.0 0.015682 -0.453079 -0.075266 0.888149
0.02005 -0.18144 0.00343 1.0 -0.011539 -0.170741 0.162017 0.971836
0.05434 0.14794 0.03756 1.0 -0.626475 0.008385 -0.000376 0.779396
0.01196 0.15393 0.04553 1.0 -0.562003 0.004471 -0.000496 0.827123
-0.03124 0.14728 0.04113 1.0 -0.614445 0.004315 -0.000305 0.788948
-0.07001 0.1413 0.02956 1.0 -0.657722 0.010692 -0.000805 0.753184
0.09958 0.0939 -0.02147 1.0 -0.315949 0.020286 0.045577 0.947464
-0.05434 -0.14794 -0.03756 1.0 -0.615769 0.017743 -0.001515 0.787725
-0.01196 -0.15393 -0.04553 1.0 -0.540262 -0.007825 0.000743 0.84146
0.03124 -0.14728 -0.04113 1.0 -0.666874 0.009783 -0.000136 0.745106
0.07001 -0.1413 -0.02956 1.0 -0.704265 -0.011593 0.000433 0.709842
-0.01584 -0.15766 -0.0035 1.0 0.723514 0.024676 0.023515 0.689468
-0.09958 -0.09391 0.02147 1.0 -0.260734 0.028075 0.067031 0.962672
0.00074 0.05825 -0.00249 1.0 -0.72879 0.009753 -0.000422 0.684668
0.00034 0.05524 -0.00625 1.0 -0.634612 0.005048 -0.000569 0.772814
0.00033 0.0566 -0.00383 1.0 -0.593235 0.004166 -0.000286 0.805018
0.00078 0.0516 -0.00392 1.0 -0.683813 0.011116 -0.000839 0.729572
0.00086 0.05627 -0.00025 1.0 0.0 0.002762 0.673547 0.739139
-0.00074 -0.05825 0.00249 1.0 -0.69283 0.019962 -0.001699 0.720823
-0.00034 -0.05524 0.00625 1.0 -0.716366 -0.010376 0.000981 0.697647
-0.00033 -0.0566 0.00383 1.0 -0.648514 0.009513 -0.000086 0.761143
-0.00078 -0.0516 0.00392 1.0 -0.646445 -0.010641 0.000381 0.762886
-0.00086 -0.05627 0.00025 1.0 0.0 -0.00268 0.617476 0.786585


##### Pose: 9 ##############################################

0.0 0.0 0.0 1.0 0.0 0.0 0.707107 0.707107
0.0 0.0 0.6234 1.0 0.0 0.0 0.0 1.0
0.0 0.0 0.0 1.0 0.0 0.0 0.0 1.0
-0.00175 0.01647 -0.03525 1.0 0.011265 0.352357 0.271756 0.89547
0.0 0.0 -0.6234 1.0 0.0 0.0 0.0 1.0
0.00313 0.12307 0.0005 1.0 -0.02134 -0.166355 0.016865 0.985691
0.00313 -0.12307 0.0005 1.0 0.311978 0.605444 -0.280417 0.676368
0.00295 0.0 0.10781 1.0 0.215428 0.298652 -0.399379 0.83958
0.00295 0.0 0.10781 1.0 0.140402 0.124131 -0.216338 0.958163
0.0 0.0 0.12763 1.0 -0.050201 0.104604 0.015803 0.99312
-0.00399 0.00159 -0.20992 1.0 0.042488 0.256359 -0.175806 0.949509
0.00406 -0.00155 0.20992 1.0 -0.090147 0.756317 0.081797 0.642781
-0.00508 0.00195 -0.15497 1.0 -0.062848 0.025126 0.011591 0.997639
-0.00747 -0.00137 -0.184 1.0 0.111894 0.181195 0.011126 0.976998
-0.02319 0.09435 0.08792 1.0 -0.015037 0.009377 0.038304 0.999109
-0.02727 0.0 0.12737 1.0 0.003042 -0.34546 0.096889 0.933413
0.0051 -0.0019 0.155 1.0 0.003103 0.001991 -0.076717 0.997046
0.00589 -0.00264 0.184 1.0 0.050209 -0.163145 -0.079792 0.982088
-0.02319 -0.09435 0.08792 1.0 0.146131 0.987543 0.058276 0.002914
0.01955 0.0 0.11236 1.0 0.031924 -0.344081 0.086844 0.93437
-0.0012 0.0935 -0.00094 1.0 -0.427005 -0.403056 -0.096885 0.803633
0.1367 0.00103 -0.07412 1.0 -0.014589 -0.050717 0.010935 0.998547
0.0012 -0.0935 0.00094 1.0 -0.418405 0.101391 0.084922 0.89858
-0.1367 -0.00103 0.07412 1.0 -0.001505 -0.011917 -0.000646 0.999928
0.04184 0.0 0.29363 1.0 0.0 0.0 0.0 1.0
0.0 0.17528 0.00003 1.0 0.0 0.0 -0.485878 0.874027
0.21175 -0.00194 0.03537 1.0 0.0 0.0 0.0 1.0
0.01545 -0.00217 0.03772 1.0 0.0 0.0 0.0 1.0
0.20253 -0.00433 0.07298 1.0 0.0 0.0 0.0 1.0
0.0 -0.17528 -0.00003 1.0 0.066831 0.109333 -0.569595 0.811875
0.21133 -0.00375 0.03157 1.0 0.0 0.0 0.0 1.0
0.00301 0.17235 -0.00005 1.0 0.010359 -0.036379 0.004975 0.999272
0.00309 0.18335 0.00121 1.0 0.0 0.0 0.0 1.0
0.01796 -0.17061 0.00421 1.0 0.017534 -0.431762 -0.076691 0.89855
0.02091 -0.18134 0.00359 1.0 -0.006447 -0.176884 0.156284 0.971723
0.05434 0.14794 0.03756 1.0 -0.626475 0.008385 -0.000376 0.779396
0.01196 0.15393 0.04553 1.0 -0.562003 0.004471 -0.000496 0.827123
-0.03124 0.14728 0.04113 1.0 -0.614445 0.004315 -0.000305 0.788948
-0.07001 0.1413 0.02956 1.0 -0.657722 0.010692 -0.000805 0.753184
0.09958 0.0939 -0.02147 1.0 -0.315949 0.020286 0.045577 0.947464
-0.05434 -0.14794 -0.03756 1.0 -0.615769 0.017743 -0.001515 0.787725
-0.01196 -0.15393 -0.04553 1.0 -0.540262 -0.007825 0.000743 0.84146
0.03124 -0.14728 -0.04113 1.0 -0.666874 0.009783 -0.000136 0.745106
0.07001 -0.1413 -0.02956 1.0 -0.704265 -0.011593 0.000433 0.709842
-0.01584 -0.15766 -0.0035 1.0 0.723514 0.024676 0.023515 0.689468
-0.09958 -0.09391 0.02147 1.0 -0.260734 0.028075 0.067031 0.962672
0.00074 0.05825 -0.00249 1.0 -0.72879 0.009753 -0.000422 0.684668
0.00034 0.05524 -0.00625 1.0 -0.634612 0.005048 -0.000569 0.772814
0.00033 0.0566 -0.00383 1.0 -0.593235 0.004166 -0.000286 0.805018
0.00078 0.0516 -0.00392 1.0 -0.683813 0.011116 -0.000839 0.729572
0.00086 0.05627 -0.00025 1.0 0.0 0.002762 0.673547 0.739139
-0.00074 -0.05825 0.00249 1.0 -0.69283 0.019962 -0.001699 0.720823
-0.00034 -0.05524 0.00625 1.0 -0.716366 -0.010376 0.000981 0.697647
-0.00033 -0.0566 0.00383 1.0 -0.648514 0.009513 -0.000086 0.761143
-0.00078 -0.0516 0.00392 1.0 -0.646445 -0.010641 0.000381 0.762886
-0.00086 -0.05627 0.00025 1.0 0.0 -0.00268 0.617476 0.786585


##### Pose: 10 #############################################

0.0 0.0 0.0 1.0 0.0 0.0 0.707107 0.707107
0.0 0.0 0.6234 1.0 0.0 0.0 0.0 1.0
0.0 0.0 0.0 1.0 0.0 0.0 0.0 1.0
-0.00175 0.01067 -0.01688 1.0 0.022155 0.374168 0.322651 0.86914
0.0 0.0 -0.6234 1.0 0.0 0.0 0.0 1.0
0.00313 0.12307 0.0005 1.0 0.060631 -0.143596 0.001298 0.987777
0.00313 -0.12307 0.0005 1.0 0.39859 0.455394 -0.325158 0.726646
0.00295 0.0 0.10781 1.0 0.295544 0.214402 -0.505125 0.782007
0.00295 0.0 0.10781 1.0 0.175147 0.062119 -0.277841 0.94248
0.0 0.0 0.12763 1.0 -0.080416 0.072044 0.01361 0.994061
-0.00399 0.00159 -0.20992 1.0 0.061619 0.322874 -0.193453 0.924409
0.00406 -0.00155 0.20992 1.0 -0.134648 0.633794 0.1638 0.743871
-0.00508 0.00195 -0.15497 1.0 -0.015861 0.001582 -0.038418 0.999135
-0.00688 0.00148 -0.184 1.0 0.111367 0.188931 -0.015596 0.97553
-0.02319 0.09435 0.08792 1.0 -0.02204 0.013085 0.053375 0.998246
-0.02727 0.0 0.12737 1.0 0.004698 -0.314788 0.13163 0.939979
0.0051 -0.0019 0.155 1.0 -0.006116 0.001915 -0.140461 0.990065
0.00589 -0.00264 0.184 1.0 0.070087 -0.138533 -0.147947 0.976733
-0.02319 -0.09435 0.08792 1.0 0.199768 0.977728 0.064313 0.002126
0.01955 0.0 0.11236 1.0 0.032369 -0.315877 0.118818 0.940774
-0.0012 0.0935 -0.00094 1.0 -0.336105 -0.511365 -0.206773 0.763403
0.1367 0.00103 -0.07412 1.0 -0.004181 0.078816 -0.007177 0.996855
0.0012 -0.0935 0.00094 1.0 -0.3528 0.222753 0.145758 0.897033
-0.1367 -0.00103 0.07412 1.0 -0.003195 -0.020114 -0.000782 0.999792
0.04184 0.0 0.29363 1.0 0.0 0.0 0.0 1.0
0.0 0.17528 0.00003 1.0 0.0 0.0 -0.532652 0.846334
0.21175 -0.00194 0.03537 1.0 0.0 0.0 0.0 1.0
0.01545 -0.00217 0.03772 1.0 0.0 0.0 0.0 1.0
0.20253 -0.00433 0.07298 1.0 0.0 0.0 0.0 1.0
0.0 -0.17528 -0.00003 1.0 0.051024 0.091557 -0.531298 0.840676
0.21133 -0.00375 0.03157 1.0 0.0 0.0 0.0 1.0
0.00301 0.17235 -0.00005 1.0 -0.000691 -0.018298 0.0 0.999832
0.00309 0.18335 0.00121 1.0 0.0 0.0 0.0 1.0
0.0187 -0.17053 0.00435 1.0 0.021175 -0.390113 -0.077622 0.917245
0.02177 -0.18124 0.00375 1.0 -0.002028 -0.177006 0.146015 0.973316
0.05434 0.14794 0.03756 1.0 -0.626475 0.008385 -0.000376 0.779396
0.01196 0.15393 0.04553 1.0 -0.562003 0.004471 -0.000496 0.827123
-0.03124 0.14728 0.04113 1.0 -0.614445 0.004315 -0.000305 0.788948
-0.07001 0.1413 0.02956 1.0 -0.657722 0.010692 -0.000805 0.753184
0.09958 0.0939 -0.02147 1.0 -0.315949 0.020286 0.045577 0.947464
-0.05434 -0.14794 -0.03756 1.0 -0.615769 0.017743 -0.001515 0.787725
-0.01196 -0.15393 -0.04553 1.0 -0.540262 -0.007825 0.000743 0.84146
0.03124 -0.14728 -0.04113 1.0 -0.666874 0.009783 -0.000136 0.745106
0.07001 -0.1413 -0.02956 1.0 -0.704265 -0.011593 0.000433 0.709842
-0.01584 -0.15766 -0.0035 1.0 0.723514 0.024676 0.023515 0.689468
-0.09958 -0.09391 0.02147 1.0 -0.260734 0.028075 0.067031 0.962672
0.00074 0.05825 -0.00249 1.0 -0.72879 0.009753 -0.000422 0.684668
0.00034 0.05524 -0.00625 1.0 -0.634612 0.005048 -0.000569 0.772814
0.00033 0.0566 -0.00383 1.0 -0.593235 0.004166 -0.000286 0.805019
0.00078 0.0516 -0.00392 1.0 -0.683813 0.011116 -0.000839 0.729572
0.00086 0.05627 -0.00025 1.0 0.0 0.002762 0.673547 0.739139
-0.00074 -0.05825 0.00249 1.0 -0.69283 0.019962 -0.001699 0.720823
-0.00034 -0.05524 0.00625 1.0 -0.716366 -0.010376 0.000981 0.697647
-0.00033 -0.0566 0.00383 1.0 -0.648514 0.009513 -0.000086 0.761143
-0.00078 -0.0516 0.00392 1.0 -0.646445 -0.010641 0.000381 0.762886
-0.00086 -0.05627 0.00025 1.0 0.0 -0.00268 0.617476 0.786585


##### Pose: 11 #############################################

0.0 0.0 0.0 1.0 0.0 0.0 0.707107 0.707107
0.0 0.0 0.6234 1.0 0.0 0.0 0.0 1.0
0.0 0.0 0.0 1.0 0.0 0.0 0.0 1.0
-0.00175 0.00487 -0.01676 1.0 0.015009 0.376062 0.362339 0.85268
0.0 0.0 -0.6234 1.0 0.0 0.0 0.0 1.0
0.00313 0.12307 0.0005 1.0 0.115639 -0.086726 -0.068454 0.987127
0.00313 -0.12307 0.0005 1.0 0.403919 0.411462 -0.309404 0.756186
0.00295 0.0 0.10781 1.0 0.33374 0.153136 -0.550258 0.749922
0.00295 0.0 0.10781 1.0 0.187207 0.018115 -0.292289 0.937653
0.0 0.0 0.12763 1.0 -0.095245 0.04795 0.009124 0.994256
-0.00399 0.00159 -0.20992 1.0 0.091874 0.405177 -0.215602 0.883689
0.00406 -0.00155 0.20992 1.0 -0.130996 0.48941 0.229504 0.831051
-0.00508 0.00195 -0.15497 1.0 -0.006693 0.004271 0.029148 0.999544
-0.0063 0.0015 -0.184 1.0 0.065427 0.256701 0.048762 0.96304
-0.02319 0.09435 0.08792 1.0 -0.024214 0.014903 0.059708 0.997811
-0.02727 0.0 0.12737 1.0 0.004801 -0.285954 0.15129 0.946213
0.0051 -0.0019 0.155 1.0 -0.009583 0.002214 -0.197344 0.980285
0.00589 -0.00264 0.184 1.0 0.090893 -0.129736 -0.196662 0.96759
-0.02319 -0.09435 0.08792 1.0 0.222085 0.972779 0.066156 0.001643
0.01955 0.0 0.11236 1.0 0.028348 -0.289727 0.13942 0.946476
-0.0012 0.0935 -0.00094 1.0 -0.234138 -0.595803 -0.306777 0.704334
0.1367 0.00103 -0.07412 1.0 0.006537 0.111508 -0.007497 0.993714
0.0012 -0.0935 0.00094 1.0 -0.300751 0.316829 0.19064 0.879104
-0.1367 -0.00103 0.07412 1.0 -0.004886 -0.028311 -0.00088 0.999587
0.04184 0.0 0.29363 1.0 0.0 0.0 0.0 1.0
0.0 0.17528 0.00003 1.0 0.0 0.0 -0.579119 0.815243
0.21175 -0.00194 0.03537 1.0 0.0 0.0 0.0 1.0
0.01545 -0.00217 0.03772 1.0 0.0 0.0 0.0 1.0
0.20253 -0.00433 0.07298 1.0 0.0 0.0 0.0 1.0
0.0 -0.17528 -0.00003 1.0 0.038269 0.071015 -0.491309 0.867242
0.21133 -0.00375 0.03157 1.0 0.0 0.0 0.0 1.0
0.00301 0.17235 -0.00005 1.0 -0.01121 -0.000819 0.004021 0.999929
0.00309 0.18335 0.00121 1.0 0.0 0.0 0.0 1.0
0.01944 -0.17045 0.00423 1.0 0.020145 -0.34667 -0.090979 0.933347
0.02263 -0.18114 0.00361 1.0 0.000863 -0.168602 0.132672 0.976714
0.05434 0.14794 0.03756 1.0 -0.626475 0.008385 -0.000376 0.779396
0.01196 0.15393 0.04553 1.0 -0.562003 0.004471 -0.000496 0.827123
-0.03124 0.14728 0.04113 1.0 -0.614445 0.004315 -0.000305 0.788948
-0.07001 0.1413 0.02956 1.0 -0.657722 0.010692 -0.000805 0.753184
0.09958 0.09391 -0.02147 1.0 -0.315949 0.020286 0.045577 0.947464
-0.05434 -0.14794 -0.03756 1.0 -0.615769 0.017743 -0.001515 0.787725
-0.01196 -0.15393 -0.04553 1.0 -0.540262 -0.007825 0.000743 0.84146
0.03124 -0.14728 -0.04113 1.0 -0.666874 0.009783 -0.000136 0.745106
0.07001 -0.1413 -0.02956 1.0 -0.704265 -0.011593 0.000433 0.709842
-0.01584 -0.15766 -0.0035 1.0 0.723514 0.024676 0.023515 0.689468
-0.09958 -0.09391 0.02147 1.0 -0.260734 0.028075 0.067031 0.962672
0.00074 0.05825 -0.00249 1.0 -0.72879 0.009753 -0.000422 0.684668
0.00034 0.05524 -0.00625 1.0 -0.634612 0.005048 -0.000569 0.772814
0.00033 0.0566 -0.00383 1.0 -0.593235 0.004166 -0.000286 0.805018
0.00078 0.0516 -0.00392 1.0 -0.683813 0.011116 -0.000839 0.729572
0.00086 0.05627 -0.00025 1.0 0.0 0.002762 0.673547 0.739139
-0.00074 -0.05825 0.00249 1.0 -0.69283 0.019962 -0.001699 0.720823
-0.00034 -0.05524 0.00625 1.0 -0.716366 -0.010376 0.000981 0.697647
-0.00033 -0.0566 0.00383 1.0 -0.648514 0.009513 -0.000086 0.761143
-0.00078 -0.0516 0.00392 1.0 -0.646445 -0.010641 0.000381 0.762886
-0.00086 -0.05627 0.00025 1.0 0.0 -0.00268 0.617476 0.786585


##### Pose: 12 #############################################

0.0 0.0 0.0 1.0 0.0 0.0 0.707107 0.707107
0.0 0.0 0.6234 1.0 0.0 0.0 0.0 1.0
0.0 0.0 0.0 1.0 0.0 0.0 0.0 1.0
-0.00175 -0.00093 -0.01663 1.0 0.014002 0.372318 0.337227 0.864559
0.0 0.0 -0.6234 1.0 0.0 0.0 0.0 1.0
0.00313 0.12307 0.0005 1.0 0.182406 0.08335 -0.071652 0.97706
0.00313 -0.12307 0.0005 1.0 0.317655 0.564696 -0.205388 0.733505
0.00295 0.0 0.10781 1.0 0.316288 0.150096 -0.537698 0.767016
0.00295 0.0 0.10781 1.0 0.176244 0.024335 -0.296074 0.938449
0.0 0.0 0.12763 1.0 -0.083472 0.040436 0.00378 0.995682
-0.00399 0.00159 -0.20992 1.0 0.074804 0.329616 -0.226142 0.913574
0.00406 -0.00155 0.20992 1.0 -0.044266 0.200976 0.227491 0.951786
-0.00508 0.00195 -0.15497 1.0 -0.006479 -0.000938 0.062363 0.998032
-0.00627 0.00152 -0.184 1.0 0.023273 0.249746 0.083418 0.964431
-0.02319 0.09435 0.08792 1.0 -0.02141 0.013831 0.053367 0.99825
-0.02727 0.0 0.12737 1.0 0.001014 -0.27137 0.155232 0.949874
0.0051 -0.0019 0.155 1.0 -0.005652 0.002373 -0.145539 0.989334
0.00589 -0.00264 0.184 1.0 0.020059 -0.104391 -0.145519 0.983628
-0.02319 -0.09435 0.08792 1.0 0.199779 0.977776 0.063534 0.002427
0.01955 0.0 0.11236 1.0 0.025133 -0.277012 0.145042 0.949524
-0.0012 0.0935 -0.00094 1.0 -0.144343 -0.63297 -0.379481 0.659172
0.1367 0.00103 -0.07412 1.0 0.006145 0.111356 -0.008904 0.993722
0.0012 -0.0935 0.00094 1.0 -0.277829 0.347874 0.210385 0.870364
-0.1367 -0.00103 0.07412 1.0 -0.008664 -0.049854 -0.000762 0.998719
0.04184 0.0 0.29363 1.0 0.0 0.0 0.0 1.0
0.0 0.17528 0.00003 1.0 0.0 0.0 -0.622561 0.782571
0.21175 -0.00194 0.03537 1.0 0.0 0.0 0.0 1.0
0.01545 -0.00217 0.03772 1.0 0.0 0.0 0.0 1.0
0.20253 -0.00433 0.07298 1.0 0.0 0.0 0.0 1.0
0.0 -0.17528 -0.00003 1.0 0.025985 0.045975 -0.461586 0.885522
0.21133 -0.00375 0.03157 1.0 0.0 0.0 0.0 1.0
0.00301 0.17235 -0.00005 1.0 -0.022342 0.020465 0.012923 0.999457
0.00309 0.18335 0.00121 1.0 0.0 0.0 0.0 1.0
0.01584 -0.17037 0.00412 1.0 0.009037 -0.28662 -0.100178 0.95275
0.01849 -0.18104 0.00348 1.0 0.001269 -0.152023 0.116545 0.981481
0.05434 0.14794 0.03756 1.0 -0.626475 0.008385 -0.000376 0.779396
0.01196 0.15393 0.04553 1.0 -0.562003 0.004471 -0.000496 0.827123
-0.03124 0.14728 0.04113 1.0 -0.614445 0.004315 -0.000305 0.788948
-0.07001 0.1413 0.02956 1.0 -0.657722 0.010692 -0.000805 0.753184
0.09958 0.0939 -0.02147 1.0 -0.315949 0.020286 0.045577 0.947464
-0.05434 -0.14794 -0.03756 1.0 -0.615769 0.017743 -0.001515 0.787725
-0.01196 -0.15393 -0.04553 1.0 -0.540262 -0.007825 0.000743 0.84146
0.03124 -0.14728 -0.04113 1.0 -0.666874 0.009783 -0.000136 0.745106
0.07001 -0.1413 -0.02956 1.0 -0.704265 -0.011593 0.000433 0.709842
-0.01584 -0.15766 -0.0035 1.0 0.723514 0.024676 0.023515 0.689468
-0.09958 -0.09391 0.02147 1.0 -0.260734 0.028075 0.067031 0.962672
0.00074 0.05825 -0.00249 1.0 -0.72879 0.009753 -0.000422 0.684668
0.00034 0.05524 -0.00625 1.0 -0.634612 0.005048 -0.000569 0.772814
0.00033 0.0566 -0.00383 1.0 -0.593235 0.004166 -0.000286 0.805018
0.00078 0.0516 -0.00392 1.0 -0.683813 0.011116 -0.000839 0.729572
0.00086 0.05627 -0.00025 1.0 0.0 0.002762 0.673547 0.739139
-0.00074 -0.05825 0.00249 1.0 -0.69283 0.019962 -0.001699 0.720823
-0.00034 -0.05524 0.00625 1.0 -0.716366 -0.010376 0.000981 0.697647
-0.00033 -0.0566 0.00383 1.0 -0.648514 0.009513 -0.000086 0.761143
-0.00078 -0.0516 0.00392 1.0 -0.646445 -0.010641 0.000381 0.762886
-0.00086 -0.05627 0.00025 1.0 0.0 -0.00268 0.617476 0.786585


##### Pose: 13 #############################################

0.0 0.0 0.0 1.0 0.0 0.0 0.707107 0.707107
0.0 0.0 0.6234 1.0 0.0 0.0 0.0 1.0
0.0 0.0 0.0 1.0 0.0 0.0 0.0 1.0
-0.00175 -0.00673 -0.03475 1.0 0.011292 0.361523 0.27157 0.891865
0.0 0.0 -0.6234 1.0 0.0 0.0 0.0 1.0
0.00313 0.12307 0.0005 1.0 0.233748 0.077736 -0.003296 0.969179
0.00313 -0.12307 0.0005 1.0 0.24243 0.663522 -0.10779 0.699534
0.00295 0.0 0.10781 1.0 0.254538 0.20225 -0.473925 0.818352
0.00295 0.0 0.10781 1.0 0.151237 0.065526 -0.255975 0.952528
0.0 0.0 0.12763 1.0 -0.05688 0.052018 0.0 0.997025
-0.00399 0.00159 -0.20992 1.0 0.054896 0.461931 -0.110826 0.87825
0.00406 -0.00155 0.20992 1.0 -0.016149 0.109893 0.17795 0.977751
-0.00508 0.00195 -0.15497 1.0 -0.019914 -0.005225 -0.058888 0.998052
-0.00624 0.00153 -0.184 1.0 0.103755 0.142276 -0.042096 0.983474
-0.02319 0.09435 0.08792 1.0 -0.011719 0.010292 0.038323 0.999144
-0.02727 0.0 0.12737 1.0 -0.00515 -0.281416 0.143708 0.94875
0.0051 -0.0019 0.155 1.0 -0.001064 0.001563 -0.095887 0.995391
0.00589 -0.00264 0.184 1.0 0.049278 -0.024071 -0.097143 0.993758
-0.02319 -0.09435 0.08792 1.0 0.145325 0.987666 0.058147 0.003927
0.01955 0.0 0.11236 1.0 0.025652 -0.28483 0.136508 0.948462
-0.0012 0.0935 -0.00094 1.0 -0.09852 -0.612178 -0.403674 0.67274
0.1367 0.00103 -0.07412 1.0 0.005522 0.089059 -0.010435 0.995956
0.0012 -0.0935 0.00094 1.0 -0.295903 0.294903 0.197884 0.886744
-0.1367 -0.00103 0.07412 1.0 -0.020145 -0.115796 0.000969 0.993068
0.04184 0.0 0.29363 1.0 0.0 0.0 0.0 1.0
0.0 0.17528 0.00003 1.0 0.0 0.0 -0.659506 0.751699
0.21175 -0.00194 0.03537 1.0 0.0 0.0 0.0 1.0
0.01545 -0.00217 0.03772 1.0 0.0 0.0 0.0 1.0
0.20253 -0.00433 0.07298 1.0 0.0 0.0 0.0 1.0
0.0 -0.17528 -0.00003 1.0 0.016792 0.021213 -0.431014 0.90194
0.21133 -0.00375 0.03157 1.0 0.0 0.0 0.0 1.0
0.00301 0.17235 -0.00005 1.0 -0.033855 0.038991 0.023547 0.998388
0.00309 0.18335 0.00121 1.0 0.0 0.0 0.0 1.0
0.01224 -0.17046 0.00401 1.0 0.000863 -0.206281 -0.114047 0.971823
0.01436 -0.18116 0.00334 1.0 -0.001934 -0.113401 0.098196 0.988683
0.05434 0.14794 0.03756 1.0 -0.626475 0.008385 -0.000376 0.779396
0.01196 0.15393 0.04553 1.0 -0.562003 0.004471 -0.000496 0.827123
-0.03124 0.14728 0.04113 1.0 -0.614445 0.004315 -0.000305 0.788948
-0.07001 0.1413 0.02956 1.0 -0.657722 0.010692 -0.000805 0.753184
0.09958 0.0939 -0.02147 1.0 -0.315949 0.020286 0.045577 0.947464
-0.05434 -0.14794 -0.03756 1.0 -0.615769 0.017743 -0.001515 0.787725
-0.01196 -0.15393 -0.04553 1.0 -0.540262 -0.007825 0.000743 0.84146
0.03124 -0.14728 -0.04113 1.0 -0.666874 0.009783 -0.000136 0.745106
0.07001 -0.1413 -0.02956 1.0 -0.704265 -0.011593 0.000433 0.709842
-0.01584 -0.15766 -0.0035 1.0 0.723514 0.024676 0.023515 0.689468
-0.09958 -0.09391 0.02147 1.0 -0.260734 0.028075 0.067031 0.962672
0.00074 0.05825 -0.00249 1.0 -0.72879 0.009753 -0.000422 0.684668
0.00034 0.05524 -0.00625 1.0 -0.634612 0.005048 -0.000569 0.772814
0.00033 0.0566 -0.00383 1.0 -0.593235 0.004166 -0.000286 0.805018
0.00078 0.0516 -0.00392 1.0 -0.683813 0.011116 -0.000839 0.729572
0.00086 0.05627 -0.00025 1.0 0.0 0.002762 0.673547 0.739139
-0.00074 -0.05825 0.00249 1.0 -0.69283 0.019962 -0.001699 0.720823
-0.00034 -0.05524 0.00625 1.0 -0.716366 -0.010376 0.000981 0.697647
-0.00033 -0.0566 0.00383 1.0 -0.648514 0.009513 -0.000086 0.761143
-0.00078 -0.0516 0.00392 1.0 -0.646445 -0.010641 0.000381 0.762886
-0.00086 -0.05627 0.00025 1.0 0.0 -0.00268 0.617476 0.786585


##### Pose: 14 #############################################

0.0 0.0 0.0 1.0 0.0 0.0 0.707107 0.707107
0.0 0.0 0.6234 1.0 0.0 0.0 0.0 1.0
0.0 0.0 0.0 1.0 0.0 0.0 0.0 1.0
-0.00175 -0.01253 -0.07165 1.0 0.009157 0.353978 0.229889 0.906514
0.0 0.0 -0.6234 1.0 0.0 0.0 0.0 1.0
0.00313 0.12307 0.0005 1.0 0.209466 0.002735 -0.010054 0.97776
0.00313 -0.12307 0.0005 1.0 0.175452 0.686684 -0.09722 0.698735
0.00295 0.0 0.10781 1.0 0.213178 0.23719 -0.427391 0.845951
0.00295 0.0 0.10781 1.0 0.131542 0.091534 -0.228846 0.960181
0.0 0.0 0.12763 1.0 -0.04176 0.062462 -0.00198 0.997171
-0.00399 0.00159 -0.20992 1.0 0.060376 0.63607 -0.074484 0.765651
0.00406 -0.00155 0.20992 1.0 -0.030732 0.249461 0.123709 0.959959
-0.00508 0.00195 -0.15497 1.0 -0.018881 -0.005789 -0.058882 0.99807
-0.00622 0.00155 -0.184 1.0 0.077297 0.032702 -0.048009 0.995314
-0.02319 0.09435 0.08792 1.0 -0.005503 0.007145 0.029592 0.999521
-0.02727 0.0 0.12737 1.0 -0.008846 -0.291463 0.134943 0.946975
0.0051 -0.0019 0.155 1.0 0.005532 0.000712 -0.008833 0.999946
0.00589 -0.00264 0.184 1.0 0.070224 -0.072142 -0.001582 0.994918
-0.02319 -0.09435 0.08792 1.0 0.112181 0.992217 0.053964 0.002954
0.01955 0.0 0.11236 1.0 0.027327 -0.293463 0.127578 0.947025
-0.0012 0.0935 -0.00094 1.0 -0.204524 -0.549817 -0.325823 0.741425
0.1367 0.00103 -0.07412 1.0 0.004645 0.072409 -0.00837 0.997329
0.0012 -0.0935 0.00094 1.0 -0.314498 0.240496 0.188598 0.898712
-0.1367 -0.00103 0.07412 1.0 -0.027241 -0.155815 0.001326 0.98741
0.04184 0.0 0.29363 1.0 0.0 0.0 0.0 1.0
0.0 0.17528 0.00003 1.0 0.0 0.0 -0.689317 0.72446
0.21175 -0.00194 0.03537 1.0 0.0 0.0 0.0 1.0
0.01545 -0.00217 0.03772 1.0 0.0 0.0 0.0 1.0
0.20253 -0.00433 0.07298 1.0 0.0 0.0 0.0 1.0
0.0 -0.17528 -0.00003 1.0 -0.000837 -0.026933 -0.416475 0.908748
0.21133 -0.00375 0.03157 1.0 0.0 0.0 0.0 1.0
0.00301 0.17235 -0.00005 1.0 -0.039587 0.048332 0.028897 0.997628
0.00309 0.18335 0.00121 1.0 0.0 0.0 0.0 1.0
0.00865 -0.17056 0.0039 1.0 -0.016464 -0.11722 -0.109333 0.986932
0.01022 -0.18128 0.00321 1.0 -0.006009 -0.058311 0.076021 0.995382
0.05434 0.14794 0.03756 1.0 -0.626475 0.008385 -0.000376 0.779396
0.01196 0.15393 0.04553 1.0 -0.562003 0.004471 -0.000496 0.827123
-0.03124 0.14728 0.04113 1.0 -0.614445 0.004315 -0.000305 0.788948
-0.07001 0.1413 0.02956 1.0 -0.657722 0.010692 -0.000805 0.753184
0.09958 0.0939 -0.02147 1.0 -0.315949 0.020286 0.045577 0.947464
-0.05434 -0.14794 -0.03756 1.0 -0.615769 0.017743 -0.001515 0.787725
-0.01196 -0.15393 -0.04553 1.0 -0.540262 -0.007825 0.000743 0.84146
0.03124 -0.14728 -0.04113 1.0 -0.666874 0.009783 -0.000136 0.745106
0.07001 -0.1413 -0.02956 1.0 -0.704265 -0.011593 0.000433 0.709842
-0.01584 -0.15766 -0.0035 1.0 0.723514 0.024676 0.023515 0.689468
-0.09958 -0.09391 0.02147 1.0 -0.260734 0.028075 0.067031 0.962672
0.00074 0.05825 -0.00249 1.0 -0.72879 0.009753 -0.000422 0.684668
0.00034 0.05524 -0.00625 1.0 -0.634612 0.005048 -0.000569 0.772814
0.00033 0.0566 -0.00383 1.0 -0.593235 0.004166 -0.000286 0.805018
0.00078 0.0516 -0.00392 1.0 -0.683813 0.011116 -0.000839 0.729572
0.00086 0.05627 -0.00025 1.0 0.0 0.002762 0.673547 0.739139
-0.00074 -0.05825 0.00249 1.0 -0.69283 0.019962 -0.001699 0.720823
-0.00034 -0.05524 0.00625 1.0 -0.716366 -0.010376 0.000981 0.697647
-0.00033 -0.0566 0.00383 1.0 -0.648514 0.009513 -0.000086 0.761143
-0.00078 -0.0516 0.00392 1.0 -0.646445 -0.010641 0.000381 0.762886
-0.00086 -0.05627 0.00025 1.0 0.0 -0.00268 0.617476 0.786585


##### Pose: 15 #############################################

0.0 0.0 0.0 1.0 0.0 0.0 0.707107 0.707107
0.0 0.0 0.6234 1.0 0.0 0.0 0.0 1.0
0.0 0.0 0.0 1.0 0.0 0.0 0.0 1.0
-0.00175 -0.01833 -0.10855 1.0 0.007494 0.344044 0.181172 0.921279
0.0 0.0 -0.6234 1.0 0.0 0.0 0.0 1.0
0.00313 0.12307 0.0005 1.0 0.161546 -0.096481 -0.015298 0.982019
0.00313 -0.12307 0.0005 1.0 0.100145 0.707985 -0.066006 0.695968
0.00295 0.0 0.10781 1.0 0.164545 0.277037 -0.36209 0.874681
0.00295 0.0 0.10781 1.0 0.109112 0.121437 -0.192326 0.967656
0.0 0.0 0.12763 1.0 -0.028495 0.080274 -0.004918 0.996353
-0.00399 0.00159 -0.20992 1.0 0.063396 0.772032 -0.050826 0.630368
0.00406 -0.00155 0.20992 1.0 -0.025457 0.318958 0.07771 0.944235
-0.00508 0.00195 -0.15497 1.0 -0.013698 -0.004438 -0.042909 0.998975
-0.00619 0.00157 -0.184 1.0 0.052842 -0.06684 -0.029899 0.995915
-0.02319 0.09435 0.08792 1.0 0.001337 0.004347 0.020825 0.999773
-0.02727 0.0 0.12737 1.0 -0.010447 -0.30729 0.118807 0.944113
0.0051 -0.0019 0.155 1.0 0.007552 -0.000762 0.082109 0.996594
0.00589 -0.00264 0.184 1.0 0.083197 0.045149 0.086592 0.991737
-0.02319 -0.09435 0.08792 1.0 0.078931 0.995688 0.048684 0.002265
0.01955 0.0 0.11236 1.0 0.027345 -0.308323 0.111799 0.944293
-0.0012 0.0935 -0.00094 1.0 -0.358059 -0.431934 -0.202529 0.802626
0.1367 0.00103 -0.07412 1.0 0.003839 0.05574 -0.00628 0.998418
0.0012 -0.0935 0.00094 1.0 -0.345541 0.180208 0.161705 0.90663
-0.1367 -0.00103 0.07412 1.0 -0.010395 -0.060146 0.000922 0.998135
0.04184 0.0 0.29363 1.0 0.0 0.0 0.0 1.0
0.0 0.17528 0.00003 1.0 0.0 0.0 -0.707107 0.707107
0.21175 -0.00194 0.03537 1.0 0.0 0.0 0.0 1.0
0.01545 -0.00217 0.03772 1.0 0.0 0.0 0.0 1.0
0.20253 -0.00433 0.07298 1.0 0.0 0.0 0.0 1.0
0.0 -0.17528 -0.00003 1.0 -0.033258 -0.112307 -0.403176 0.907596
0.21133 -0.00375 0.03157 1.0 0.0 0.0 0.0 1.0
0.00301 0.17235 -0.00005 1.0 -0.042706 0.053352 0.032178 0.997143
0.00309 0.18335 0.00121 1.0 0.0 0.0 0.0 1.0
0.00505 -0.17066 0.00378 1.0 -0.035357 -0.03564 -0.108531 0.992825
0.00608 -0.1814 0.00307 1.0 -0.006312 -0.014416 0.051308 0.998559
0.05434 0.14794 0.03756 1.0 -0.626475 0.008385 -0.000376 0.779396
0.01196 0.15393 0.04553 1.0 -0.562003 0.004471 -0.000496 0.827123
-0.03124 0.14728 0.04113 1.0 -0.614445 0.004315 -0.000305 0.788948
-0.07001 0.1413 0.02956 1.0 -0.657722 0.010692 -0.000805 0.753184
0.09958 0.0939 -0.02147 1.0 -0.315949 0.020286 0.045577 0.947464
-0.05434 -0.14794 -0.03756 1.0 -0.615769 0.017743 -0.001515 0.787725
-0.01196 -0.15393 -0.04553 1.0 -0.540262 -0.007825 0.000743 0.84146
0.03124 -0.14728 -0.04113 1.0 -0.666874 0.009783 -0.000136 0.745106
0.07001 -0.1413 -0.02956 1.0 -0.704265 -0.011593 0.000433 0.709842
-0.01584 -0.15766 -0.0035 1.0 0.723514 0.024676 0.023515 0.689468
-0.09958 -0.09391 0.02147 1.0 -0.260734 0.028075 0.067031 0.962672
0.00074 0.05825 -0.00249 1.0 -0.72879 0.009753 -0.000422 0.684668
0.00034 0.05524 -0.00625 1.0 -0.634612 0.005048 -0.000569 0.772814
0.00033 0.0566 -0.00383 1.0 -0.593235 0.004166 -0.000286 0.805018
0.00078 0.0516 -0.00392 1.0 -0.683813 0.011116 -0.000839 0.729572
0.00086 0.05627 -0.00025 1.0 0.0 0.002762 0.673547 0.739139
-0.00074 -0.05825 0.00249 1.0 -0.69283 0.019962 -0.001699 0.720823
-0.00034 -0.05524 0.00625 1.0 -0.716366 -0.010376 0.000981 0.697647
-0.00033 -0.0566 0.00383 1.0 -0.648514 0.009513 -0.000086 0.761143
-0.00078 -0.0516 0.00392 1.0 -0.646445 -0.010641 0.000381 0.762886
-0.00086 -0.05627 0.00025 1.0 0.0 -0.00268 0.617476 0.786585


##### Pose: 16 #############################################

0.0 0.0 0.0 1.0 0.0 0.0 0.707107 0.707107
0.0 0.0 0.6234 1.0 0.0 0.0 0.0 1.0
0.0 0.0 0.0 1.0 0.0 0.0 0.0 1.0
-0.00175 -0.02413 -0.14968 1.0 0.003459 0.322221 0.084341 0.942894
0.0 0.0 -0.6234 1.0 0.0 0.0 0.0 1.0
0.00313 0.12307 0.0005 1.0 0.120564 -0.255252 0.008081 0.959294
0.00313 -0.12307 0.0005 1.0 0.045079 0.706037 0.006559 0.706708
0.00295 0.0 0.10781 1.0 0.07177 0.343473 -0.215378 0.911311
0.00295 0.0 0.10781 1.0 0.055826 0.169119 -0.110409 0.9778
0.0 0.0 0.12763 1.0 -0.006772 0.117341 -0.013249 0.99298
-0.00399 0.00159 -0.20992 1.0 0.046834 0.840975 -0.026864 0.538373
0.00406 -0.00155 0.20992 1.0 -0.035644 0.585742 0.049373 0.808207
-0.00508 0.00195 -0.15497 1.0 -0.006694 -0.00242 -0.066967 0.99773
-0.00616 0.00167 -0.184 1.0 0.023187 -0.222046 -0.048898 0.973533
-0.02319 0.09435 0.08792 1.0 0.014859 0.001418 0.005619 0.999873
-0.02727 0.0 0.12737 1.0 -0.011123 -0.336126 0.082763 0.938108
0.0051 -0.0019 0.155 1.0 0.006708 -0.001505 0.120373 0.992705
0.00589 -0.00264 0.184 1.0 0.08244 -0.192533 0.111748 0.971415
-0.02319 -0.09435 0.08792 1.0 0.023734 0.999024 0.037185 0.002252
0.01955 0.0 0.11236 1.0 0.022609 -0.336011 0.077734 0.938373
-0.0012 0.0935 -0.00094 1.0 -0.425536 -0.303751 -0.136645 0.841417
0.1367 0.00103 -0.07412 1.0 0.001629 0.022365 -0.003325 0.999743
0.0012 -0.0935 0.00094 1.0 -0.41118 0.038989 0.116978 0.903176
-0.1367 -0.00103 0.07412 1.0 0.0 -0.000691 0.000173 1.0
0.04184 0.0 0.29363 1.0 0.0 0.0 0.0 1.0
0.0 0.17528 0.00003 1.0 0.0 0.0 -0.700486 0.713666
0.21175 -0.00194 0.03537 1.0 0.0 0.0 0.0 1.0
0.01545 -0.00217 0.03772 1.0 0.0 0.0 0.0 1.0
0.20253 -0.00433 0.07298 1.0 0.0 0.0 0.0 1.0
0.0 -0.17528 -0.00003 1.0 -0.06646 -0.205528 -0.387061 0.896396
0.21133 -0.00375 0.03157 1.0 0.0 0.0 0.0 1.0
0.00301 0.17235 -0.00005 1.0 -0.045898 0.059003 0.035782 0.99656
0.00309 0.18335 0.00121 1.0 0.0 0.0 0.0 1.0
0.00145 -0.17076 0.00367 1.0 -0.032911 0.012216 -0.109315 0.993387
0.00194 -0.18152 0.00294 1.0 -0.002546 -0.001596 0.02561 0.999668
0.05434 0.14794 0.03756 1.0 -0.626475 0.008385 -0.000376 0.779396
0.01196 0.15393 0.04553 1.0 -0.562003 0.004471 -0.000496 0.827123
-0.03124 0.14728 0.04113 1.0 -0.614445 0.004315 -0.000305 0.788948
-0.07001 0.1413 0.02956 1.0 -0.657722 0.010692 -0.000805 0.753184
0.09958 0.0939 -0.02147 1.0 -0.315949 0.020286 0.045577 0.947464
-0.05434 -0.14794 -0.03756 1.0 -0.615769 0.017743 -0.001515 0.787725
-0.01196 -0.15393 -0.04553 1.0 -0.540262 -0.007825 0.000743 0.84146
0.03124 -0.14728 -0.04113 1.0 -0.666874 0.009783 -0.000136 0.745106
0.07001 -0.1413 -0.02956 1.0 -0.704265 -0.011593 0.000433 0.709842
-0.01584 -0.15766 -0.0035 1.0 0.723514 0.024676 0.023515 0.689468
-0.09958 -0.09391 0.02147 1.0 -0.260734 0.028075 0.067031 0.962672
0.00074 0.05825 -0.00249 1.0 -0.72879 0.009753 -0.000422 0.684668
0.00034 0.05524 -0.00625 1.0 -0.634612 0.005048 -0.000569 0.772814
0.00033 0.0566 -0.00383 1.0 -0.593235 0.004166 -0.000286 0.805018
0.00078 0.0516 -0.00392 1.0 -0.683813 0.011116 -0.000839 0.729572
0.00086 0.05627 -0.00025 1.0 0.0 0.002762 0.673547 0.739139
-0.00074 -0.05825 0.00249 1.0 -0.69283 0.019962 -0.001699 0.720823
-0.00034 -0.05524 0.00625 1.0 -0.716366 -0.010376 0.000981 0.697647
-0.00033 -0.0566 0.00383 1.0 -0.648514 0.009513 -0.000086 0.761143
-0.00078 -0.0516 0.00392 1.0 -0.646445 -0.010641 0.000381 0.762886
-0.00086 -0.05627 0.00025 1.0 0.0 -0.00268 0.617476 0.786585


##### Pose: 17 #############################################

0.0 0.0 0.0 1.0 0.0 0.0 0.707107 0.707107
0.0 0.0 0.6234 1.0 0.0 0.0 0.0 1.0
0.0 0.0 0.0 1.0 0.0 0.0 0.0 1.0
-0.00175 -0.02993 -0.19172 1.0 0.0 0.300706 0.0 0.953717
0.0 0.0 -0.6234 1.0 0.0 0.0 0.0 1.0
0.00313 0.12307 0.0005 1.0 0.103707 -0.558683 0.009262 0.82282
0.00313 -0.12307 0.0005 1.0 -0.012382 0.759314 0.083609 0.645212
0.00295 0.0 0.10781 1.0 0.00266 0.383554 -0.058535 0.921658
0.00295 0.0 0.10781 1.0 0.011814 0.169299 -0.030389 0.985025
0.0 0.0 0.12763 1.0 0.005043 0.156166 -0.024056 0.987425
-0.00399 0.00159 -0.20992 1.0 0.065799 0.917507 -0.023324 0.391545
0.00406 -0.00155 0.20992 1.0 -0.040061 0.722082 0.040646 0.689449
-0.00508 0.00195 -0.15497 1.0 -0.002525 0.0 -0.07041 0.997515
-0.00613 0.00176 -0.184 1.0 -0.085615 -0.300861 -0.055544 0.948192
-0.02319 0.09435 0.08792 1.0 0.026292 0.000977 0.0 0.999654
-0.02727 0.0 0.12737 1.0 -0.007019 -0.356689 0.041523 0.933274
0.0051 -0.0019 0.155 1.0 0.004613 -0.001683 0.126736 0.991924
0.00589 -0.00264 0.184 1.0 0.085612 -0.419262 0.107824 0.897365
-0.02319 -0.09435 0.08792 1.0 0.000889 0.999672 0.025577 0.000963
0.01955 0.0 0.11236 1.0 0.012245 -0.357404 0.039083 0.933051
-0.0012 0.0935 -0.00094 1.0 -0.484255 -0.184137 -0.068857 0.852555
0.1367 0.00103 -0.07412 1.0 -0.120918 -0.0949 0.011374 0.98805
0.0012 -0.0935 0.00094 1.0 -0.455099 -0.09705 0.076448 0.881829
-0.1367 -0.00103 0.07412 1.0 0.0 0.0 0.0 1.0
0.04184 0.0 0.29363 1.0 0.0 0.0 0.0 1.0
0.0 0.17528 0.00003 1.0 0.0 0.0 -0.674549 0.73823
0.21175 -0.00194 0.03537 1.0 0.0 0.0 0.0 1.0
0.01545 -0.00217 0.03772 1.0 0.0 0.0 0.0 1.0
0.20253 -0.00433 0.07298 1.0 0.0 0.0 0.0 1.0
0.0 -0.17528 -0.00003 1.0 -0.080951 -0.253687 -0.382209 0.884876
0.21133 -0.00375 0.03157 1.0 0.0 0.0 0.0 1.0
0.00301 0.17235 -0.00005 1.0 -0.042347 0.053334 0.032007 0.997165
0.00309 0.18335 0.00121 1.0 0.0 0.0 0.0 1.0
-0.00301 -0.17086 0.00356 1.0 -0.018962 0.020316 -0.096991 0.994897
-0.00309 -0.18164 0.0028 1.0 -0.000173 -0.000173 0.0 1.0
0.05434 0.14794 0.03756 1.0 -0.626475 0.008385 -0.000376 0.779396
0.01196 0.15393 0.04553 1.0 -0.562003 0.004471 -0.000496 0.827123
-0.03124 0.14728 0.04113 1.0 -0.614445 0.004315 -0.000305 0.788948
-0.07001 0.1413 0.02956 1.0 -0.657722 0.010692 -0.000805 0.753184
0.09958 0.0939 -0.02147 1.0 -0.315949 0.020286 0.045577 0.947464
-0.05434 -0.14794 -0.03756 1.0 -0.615769 0.017743 -0.001515 0.787725
-0.01196 -0.15393 -0.04553 1.0 -0.540262 -0.007825 0.000743 0.84146
0.03124 -0.14728 -0.04113 1.0 -0.666874 0.009783 -0.000136 0.745106
0.07001 -0.1413 -0.02956 1.0 -0.704265 -0.011593 0.000433 0.709843
-0.01584 -0.15766 -0.0035 1.0 0.723514 0.024676 0.023515 0.689468
-0.09958 -0.09391 0.02147 1.0 -0.260734 0.028075 0.067031 0.962672
0.00074 0.05825 -0.00249 1.0 -0.72879 0.009753 -0.000422 0.684668
0.00034 0.05524 -0.00625 1.0 -0.634612 0.005048 -0.000569 0.772814
0.00033 0.0566 -0.00383 1.0 -0.593235 0.004166 -0.000286 0.805018
0.00078 0.0516 -0.00392 1.0 -0.683813 0.011116 -0.000839 0.729572
0.00086 0.05627 -0.00025 1.0 0.0 0.002762 0.673547 0.739139
-0.00074 -0.05825 0.00249 1.0 -0.69283 0.019962 -0.001699 0.720823
-0.00034 -0.05524 0.00625 1.0 -0.716366 -0.010376 0.000981 0.697647
-0.00033 -0.0566 0.00383 1.0 -0.648514 0.009513 -0.000086 0.761143
-0.00078 -0.0516 0.00392 1.0 -0.646445 -0.010641 0.000381 0.762886
-0.00086 -0.05627 0.00025 1.0 0.0 -0.00268 0.617476 0.786585


##### Pose: 18 #############################################

0.0 0.0 0.0 1.0 0.0 0.0 0.707107 0.707107
0.0 0.0 0.6234 1.0 0.0 0.0 0.0 1.0
0.0 0.0 0.0 1.0 0.0 0.0 0.0 1.0
-0.00175 -0.02431 -0.14222 1.0 -0.00351 0.322199 -0.084566 0.942881
0.0 0.0 -0.6234 1.0 0.0 0.0 0.0 1.0
0.00313 0.12307 0.0005 1.0 0.198543 -0.620514 0.136751 0.746219
0.00313 -0.12307 0.0005 1.0 -0.026668 0.970491 0.073977 0.227955
0.00295 0.0 0.10781 1.0 -0.049763 0.371741 0.029048 0.926547
0.00295 0.0 0.10781 1.0 -0.027168 0.172682 0.01625 0.984469
0.0 0.0 0.12763 1.0 -0.024045 0.146229 0.027481 0.988577
-0.00399 0.00159 -0.20992 1.0 -0.031727 0.873684 0.024653 0.484832
0.00406 -0.00155 0.20992 1.0 -0.002868 0.397757 0.006298 0.917465
-0.00508 0.00195 -0.15497 1.0 -0.004821 0.000646 -0.103503 0.994617
-0.00611 0.00185 -0.184 1.0 0.019276 -0.229407 -0.084296 0.969482
-0.02319 0.09435 0.08792 1.0 0.05299 0.006393 0.021189 0.99835
-0.02727 0.0 0.12737 1.0 -0.002802 -0.373536 -0.004213 0.927602
0.0051 -0.0019 0.155 1.0 0.002601 -0.000299 0.047564 0.998865
0.00589 -0.00264 0.184 1.0 0.061968 -0.408817 0.036401 0.909782
-0.02319 -0.09435 0.08792 1.0 0.007021 0.999878 0.013873 0.001501
0.01955 0.0 0.11236 1.0 -0.00477 -0.372063 -0.003472 0.928189
-0.0012 0.0935 -0.00094 1.0 -0.506897 -0.097369 -0.013782 0.856379
0.1367 0.00103 -0.07412 1.0 -0.106997 -0.140047 0.013613 0.984253
0.0012 -0.0935 0.00094 1.0 -0.504296 -0.209503 0.053145 0.836044
-0.1367 -0.00103 0.07412 1.0 -0.02804 -0.159399 0.001961 0.986814
0.04184 0.0 0.29363 1.0 0.0 0.0 0.0 1.0
0.0 0.17528 0.00003 1.0 0.0 0.0 -0.634641 0.772807
0.21175 -0.00194 0.03537 1.0 0.0 0.0 0.0 1.0
0.01545 -0.00217 0.03772 1.0 0.0 0.0 0.0 1.0
0.20253 -0.00433 0.07298 1.0 0.0 0.0 0.0 1.0
0.0 -0.17528 -0.00003 1.0 -0.02703 -0.25565 -0.384966 0.886405
0.21133 -0.00375 0.03157 1.0 0.0 0.0 0.0 1.0
0.00301 0.17235 -0.00005 1.0 -0.033498 0.038976 0.02337 0.998405
0.00309 0.18335 0.00121 1.0 0.0 0.0 0.0 1.0
-0.00032 -0.17096 0.00345 1.0 -0.026612 -0.008681 -0.073226 0.996922
-0.00004 -0.18176 0.00267 1.0 -0.001092 -0.008214 0.014368 0.999862
0.05434 0.14794 0.03756 1.0 -0.626475 0.008385 -0.000376 0.779396
0.01196 0.15393 0.04553 1.0 -0.562003 0.004471 -0.000496 0.827123
-0.03124 0.14728 0.04113 1.0 -0.614445 0.004315 -0.000305 0.788948
-0.07001 0.1413 0.02956 1.0 -0.657722 0.010692 -0.000805 0.753184
0.09958 0.0939 -0.02147 1.0 -0.315949 0.020286 0.045577 0.947464
-0.05434 -0.14794 -0.03756 1.0 -0.615769 0.017743 -0.001515 0.787725
-0.01196 -0.15393 -0.04553 1.0 -0.540262 -0.007825 0.000743 0.84146
0.03124 -0.14728 -0.04113 1.0 -0.666874 0.009783 -0.000136 0.745106
0.07001 -0.1413 -0.02956 1.0 -0.704265 -0.011593 0.000433 0.709842
-0.01584 -0.15766 -0.0035 1.0 0.723514 0.024676 0.023515 0.689468
-0.09958 -0.09391 0.02147 1.0 -0.260734 0.028075 0.067031 0.962672
0.00074 0.05825 -0.00249 1.0 -0.72879 0.009753 -0.000422 0.684668
0.00034 0.05524 -0.00625 1.0 -0.634612 0.005048 -0.000569 0.772814
0.00033 0.0566 -0.00383 1.0 -0.593235 0.004166 -0.000286 0.805018
0.00078 0.0516 -0.00392 1.0 -0.683813 0.011116 -0.000839 0.729572
0.00086 0.05627 -0.00025 1.0 0.0 0.002762 0.673547 0.739139
-0.00074 -0.05825 0.00249 1.0 -0.69283 0.019962 -0.001699 0.720823
-0.00034 -0.05524 0.00625 1.0 -0.716366 -0.010376 0.000981 0.697647
-0.00033 -0.0566 0.00383 1.0 -0.648514 0.009513 -0.000086 0.761143
-0.00078 -0.0516 0.00392 1.0 -0.646445 -0.010641 0.000381 0.762886
-0.00086 -0.05627 0.00025 1.0 0.0 -0.00268 0.617476 0.786585


##### Pose: 19 #############################################

0.0 0.0 0.0 1.0 0.0 0.0 0.707107 0.707107
0.0 0.0 0.6234 1.0 0.0 0.0 0.0 1.0
0.0 0.0 0.0 1.0 0.0 0.0 0.0 1.0
-0.00175 -0.0187 -0.07169 1.0 -0.008991 0.344542 -0.17776 0.921744
0.0 0.0 -0.6234 1.0 0.0 0.0 0.0 1.0
0.00313 0.12307 0.0005 1.0 0.220899 -0.679665 0.204756 0.66883
0.00313 -0.12307 0.0005 1.0 -0.041728 0.992659 0.029401 0.109647
0.00295 0.0 0.10781 1.0 -0.101791 0.358996 0.125968 0.91918
0.00295 0.0 0.10781 1.0 -0.06124 0.178389 0.069762 0.979571
0.0 0.0 0.12763 1.0 -0.056232 0.127702 0.081831 0.98683
-0.00399 0.00159 -0.20992 1.0 -0.050151 0.809767 0.043232 0.583004
0.00406 -0.00155 0.20992 1.0 0.001851 0.134559 -0.028397 0.990497
-0.00508 0.00195 -0.15497 1.0 -0.003825 0.000691 -0.065842 0.997823
-0.00608 0.00195 -0.184 1.0 0.006669 -0.178662 -0.047123 0.982759
-0.02319 0.09435 0.08792 1.0 0.084115 0.017508 0.072195 0.993683
-0.02727 0.0 0.12737 1.0 -0.00368 -0.369256 -0.055432 0.927666
0.0051 -0.0019 0.155 1.0 0.001713 0.000819 -0.016529 0.999862
0.00589 -0.00264 0.184 1.0 0.111021 0.138266 0.0 0.984153
-0.02319 -0.09435 0.08792 1.0 0.021889 0.99975 0.001343 0.004355
0.01955 0.0 0.11236 1.0 -0.025503 -0.369714 -0.048385 0.927534
-0.0012 0.0935 -0.00094 1.0 -0.460384 -0.010248 0.031535 0.8871
0.1367 0.00103 -0.07412 1.0 -0.002039 -0.011181 -0.000969 0.999935
0.0012 -0.0935 0.00094 1.0 -0.489042 -0.288988 -0.008079 0.822957
-0.1367 -0.00103 0.07412 1.0 -0.086122 -0.492538 0.00344 0.866012
0.04184 0.0 0.29363 1.0 0.0 0.0 0.0 1.0
0.0 0.17528 0.00003 1.0 0.0 0.0 -0.589204 0.807984
0.21175 -0.00194 0.03537 1.0 0.0 0.0 0.0 1.0
0.01545 -0.00217 0.03772 1.0 0.0 0.0 0.0 1.0
0.20253 -0.00433 0.07298 1.0 0.0 0.0 0.0 1.0
0.0 -0.17528 -0.00003 1.0 0.040718 -0.234032 -0.389726 0.889767
0.21133 -0.00375 0.03157 1.0 0.0 0.0 0.0 1.0
0.00301 0.17235 -0.00005 1.0 -0.021969 0.019251 0.012575 0.999494
0.00309 0.18335 0.00121 1.0 0.0 0.0 0.0 1.0
0.00236 -0.17106 0.00333 1.0 -0.031911 -0.054754 -0.048602 0.996806
0.00301 -0.18188 0.00253 1.0 -0.003818 -0.016118 0.03067 0.999392
0.05434 0.14794 0.03756 1.0 -0.626475 0.008385 -0.000376 0.779396
0.01196 0.15393 0.04553 1.0 -0.562003 0.004471 -0.000496 0.827123
-0.03124 0.14728 0.04113 1.0 -0.614445 0.004315 -0.000305 0.788948
-0.07001 0.1413 0.02956 1.0 -0.657722 0.010692 -0.000805 0.753184
0.09958 0.09391 -0.02147 1.0 -0.315949 0.020286 0.045577 0.947464
-0.05434 -0.14794 -0.03756 1.0 -0.615769 0.017743 -0.001515 0.787725
-0.01196 -0.15393 -0.04553 1.0 -0.540262 -0.007825 0.000743 0.84146
0.03124 -0.14728 -0.04113 1.0 -0.666874 0.009783 -0.000136 0.745106
0.07001 -0.1413 -0.02956 1.0 -0.704265 -0.011593 0.000433 0.709842
-0.01584 -0.15766 -0.0035 1.0 0.723514 0.024676 0.023515 0.689468
-0.09958 -0.09391 0.02147 1.0 -0.260734 0.028075 0.067031 0.962672
0.00074 0.05825 -0.00249 1.0 -0.72879 0.009753 -0.000422 0.684668
0.00034 0.05524 -0.00625 1.0 -0.634612 0.005048 -0.000569 0.772814
0.00033 0.0566 -0.00383 1.0 -0.593235 0.004166 -0.000286 0.805018
0.00078 0.0516 -0.00392 1.0 -0.683813 0.011116 -0.000839 0.729572
0.00086 0.05627 -0.00025 1.0 0.0 0.002762 0.673547 0.739139
-0.00074 -0.05825 0.00249 1.0 -0.69283 0.019962 -0.001699 0.720823
-0.00034 -0.05524 0.00625 1.0 -0.716366 -0.010376 0.000981 0.697647
-0.00033 -0.0566 0.00383 1.0 -0.648514 0.009513 -0.000086 0.761143
-0.00078 -0.0516 0.00392 1.0 -0.646445 -0.010641 0.000381 0.762886
-0.00086 -0.05627 0.00025 1.0 0.0 -0.00268 0.617476 0.786585


##### Pose: 20 #############################################

0.0 0.0 0.0 1.0 0.0 0.0 0.707107 0.707107
0.0 0.0 0.6234 1.0 0.0 0.0 0.0 1.0
0.0 0.0 0.0 1.0 0.0 0.0 0.0 1.0
-0.00175 -0.01308 -0.03742 1.0 -0.011322 0.361448 -0.271785 0.89183
0.0 0.0 -0.6234 1.0 0.0 0.0 0.0 1.0
0.00313 0.12307 0.0005 1.0 0.28121 -0.695381 0.286341 0.596133
0.00313 -0.12307 0.0005 1.0 -0.051338 0.982596 -0.000573 0.17852
0.00295 0.0 0.10781 1.0 -0.154243 0.302286 0.224844 0.913388
0.00295 0.0 0.10781 1.0 -0.087771 0.140706 0.113649 0.979583
0.0 0.0 0.12763 1.0 -0.090609 0.105379 0.126576 0.982173
-0.00399 0.00159 -0.20992 1.0 -0.082566 0.770183 0.074254 0.628082
0.00406 -0.00155 0.20992 1.0 0.017948 0.267186 -0.078753 0.960254
-0.00508 0.00195 -0.15497 1.0 -0.009177 0.0 -0.073841 0.997228
-0.00605 0.00204 -0.184 1.0 0.027602 -0.165505 -0.056029 0.984229
-0.02319 0.09435 0.08792 1.0 0.109168 0.028015 0.136655 0.984187
-0.02727 0.0 0.12737 1.0 0.000405 -0.345334 -0.095678 0.93359
0.0051 -0.0019 0.155 1.0 0.017088 0.000345 -0.044727 0.998853
0.00589 -0.00264 0.184 1.0 0.117611 0.158135 -0.006345 0.980368
-0.02319 -0.09435 0.08792 1.0 0.040174 0.999095 -0.011319 0.008189
0.01955 0.0 0.11236 1.0 -0.040112 -0.350117 -0.088147 0.931686
-0.0012 0.0935 -0.00094 1.0 -0.418274 0.100101 0.085036 0.898775
0.1367 0.00103 -0.07412 1.0 -0.003027 -0.016743 -0.000323 0.999855
0.0012 -0.0935 0.00094 1.0 -0.435432 -0.383845 -0.0863 0.8097
-0.1367 -0.00103 0.07412 1.0 -0.018175 -0.056078 0.00765 0.998232
0.04184 0.0 0.29363 1.0 0.0 0.0 0.0 1.0
0.0 0.17528 0.00003 1.0 0.0 0.0 -0.549632 0.835407
0.21175 -0.00194 0.03537 1.0 0.0 0.0 0.0 1.0
0.01545 -0.00217 0.03772 1.0 0.0 0.0 0.0 1.0
0.20253 -0.00433 0.07298 1.0 0.0 0.0 0.0 1.0
0.0 -0.17528 -0.00003 1.0 0.099318 -0.202557 -0.395517 0.890322
0.21133 -0.00375 0.03157 1.0 0.0 0.0 0.0 1.0
0.00301 0.17235 -0.00005 1.0 -0.010509 -0.000828 0.003638 0.999938
0.00309 0.18335 0.00121 1.0 0.0 0.0 0.0 1.0
0.00534 -0.17116 0.00322 1.0 -0.035673 -0.100848 -0.030878 0.993783
0.00639 -0.182 0.0024 1.0 -0.007212 -0.025305 0.048289 0.998487
0.05434 0.14794 0.03756 1.0 -0.626475 0.008385 -0.000376 0.779396
0.01196 0.15393 0.04553 1.0 -0.562003 0.004471 -0.000496 0.827123
-0.03124 0.14728 0.04113 1.0 -0.614445 0.004315 -0.000305 0.788948
-0.07001 0.1413 0.02956 1.0 -0.657722 0.010692 -0.000805 0.753184
0.09958 0.0939 -0.02147 1.0 -0.315949 0.020286 0.045577 0.947464
-0.05434 -0.14794 -0.03756 1.0 -0.615769 0.017743 -0.001515 0.787725
-0.01196 -0.15393 -0.04553 1.0 -0.540262 -0.007825 0.000743 0.84146
0.03124 -0.14728 -0.04113 1.0 -0.666874 0.009783 -0.000136 0.745106
0.07001 -0.1413 -0.02956 1.0 -0.704265 -0.011593 0.000433 0.709842
-0.01584 -0.15766 -0.0035 1.0 0.723514 0.024676 0.023515 0.689468
-0.09958 -0.09391 0.02147 1.0 -0.260734 0.028075 0.067031 0.962672
0.00074 0.05825 -0.00249 1.0 -0.72879 0.009753 -0.000422 0.684668
0.00034 0.05524 -0.00625 1.0 -0.634612 0.005048 -0.000569 0.772814
0.00033 0.0566 -0.00383 1.0 -0.593235 0.004166 -0.000286 0.805018
0.00078 0.0516 -0.00392 1.0 -0.683813 0.011116 -0.000839 0.729572
0.00086 0.05627 -0.00025 1.0 0.0 0.002762 0.673547 0.739139
-0.00074 -0.05825 0.00249 1.0 -0.69283 0.019962 -0.001699 0.720823
-0.00034 -0.05524 0.00625 1.0 -0.716366 -0.010376 0.000981 0.697647
-0.00033 -0.0566 0.00383 1.0 -0.648514 0.009513 -0.000086 0.761143
-0.00078 -0.0516 0.00392 1.0 -0.646445 -0.010641 0.000381 0.762886
-0.00086 -0.05627 0.00025 1.0 0.0 -0.00268 0.617476 0.786585


##### Pose: 21 #############################################

0.0 0.0 0.0 1.0 0.0 0.0 0.707107 0.707107
0.0 0.0 0.6234 1.0 0.0 0.0 0.0 1.0
0.0 0.0 0.0 1.0 0.0 0.0 0.0 1.0
-0.00175 -0.00746 -0.01797 1.0 -0.014019 0.372221 -0.337434 0.864519
0.0 0.0 -0.6234 1.0 0.0 0.0 0.0 1.0
0.00313 0.12307 0.0005 1.0 0.319487 -0.759145 0.347267 0.448366
0.00313 -0.12307 0.0005 1.0 -0.06958 0.980299 -0.067585 0.17206
0.00295 0.0 0.10781 1.0 -0.181214 0.240385 0.30367 0.90397
0.00295 0.0 0.10781 1.0 -0.110103 0.10525 0.159412 0.975391
0.0 0.0 0.12763 1.0 -0.117896 0.082976 0.158791 0.97673
-0.00399 0.00159 -0.20992 1.0 -0.097208 0.653339 0.113418 0.742183
0.00406 -0.00155 0.20992 1.0 0.050273 0.384741 -0.133435 0.911944
-0.00508 0.00195 -0.15497 1.0 -0.008595 0.0 -0.093245 0.995606
-0.00602 0.00213 -0.184 1.0 0.043748 -0.148526 -0.074789 0.985106
-0.02319 0.09435 0.08792 1.0 0.124727 0.033645 0.18778 0.973679
-0.02727 0.0 0.12737 1.0 0.007598 -0.313651 -0.125094 0.941232
0.0051 -0.0019 0.155 1.0 0.009937 -0.001596 -0.025521 0.999624
0.00589 -0.00264 0.184 1.0 0.121834 0.252056 -0.003682 0.960006
-0.02319 -0.09435 0.08792 1.0 0.054894 0.998199 -0.021017 0.011987
0.01955 0.0 0.11236 1.0 -0.048629 -0.322339 -0.118837 0.937876
-0.0012 0.0935 -0.00094 1.0 -0.352726 0.222178 0.145568 0.897235
0.1367 0.00103 -0.07412 1.0 -0.005238 -0.026015 -0.000122 0.999648
0.0012 -0.0935 0.00094 1.0 -0.370776 -0.484562 -0.178179 0.771996
-0.1367 -0.00103 0.07412 1.0 -0.007918 0.074144 -0.01089 0.997157
0.04184 0.0 0.29363 1.0 0.0 0.0 0.0 1.0
0.0 0.17528 0.00003 1.0 0.0 0.0 -0.512791 0.858513
0.21175 -0.00194 0.03537 1.0 0.0 0.0 0.0 1.0
0.01545 -0.00217 0.03772 1.0 0.0 0.0 0.0 1.0
0.20253 -0.00433 0.07298 1.0 0.0 0.0 0.0 1.0
0.0 -0.17528 -0.00003 1.0 0.136187 -0.173036 -0.432785 0.87419
0.21133 -0.00375 0.03157 1.0 0.0 0.0 0.0 1.0
0.00301 0.17235 -0.00005 1.0 0.0 -0.018899 0.0 0.999821
0.00309 0.18335 0.00121 1.0 0.0 0.0 0.0 1.0
0.00831 -0.17126 0.00311 1.0 -0.037935 -0.153742 -0.012665 0.987301
0.00977 -0.18212 0.00226 1.0 -0.010563 -0.035024 0.065978 0.99715
0.05434 0.14794 0.03756 1.0 -0.626475 0.008385 -0.000376 0.779396
0.01196 0.15393 0.04553 1.0 -0.562003 0.004471 -0.000496 0.827123
-0.03124 0.14728 0.04113 1.0 -0.614445 0.004315 -0.000305 0.788948
-0.07001 0.1413 0.02956 1.0 -0.657722 0.010692 -0.000805 0.753184
0.09958 0.0939 -0.02147 1.0 -0.315949 0.020286 0.045577 0.947464
-0.05434 -0.14794 -0.03756 1.0 -0.615769 0.017743 -0.001515 0.787725
-0.01196 -0.15393 -0.04553 1.0 -0.540262 -0.007825 0.000743 0.84146
0.03124 -0.14728 -0.04113 1.0 -0.666874 0.009783 -0.000136 0.745106
0.07001 -0.1413 -0.02956 1.0 -0.704265 -0.011593 0.000433 0.709842
-0.01584 -0.15766 -0.0035 1.0 0.723514 0.024676 0.023515 0.689468
-0.09958 -0.09391 0.02147 1.0 -0.260734 0.028075 0.067031 0.962672
0.00074 0.05825 -0.00249 1.0 -0.72879 0.009753 -0.000422 0.684668
0.00034 0.05524 -0.00625 1.0 -0.634612 0.005048 -0.000569 0.772814
0.00033 0.0566 -0.00383 1.0 -0.593235 0.004166 -0.000286 0.805018
0.00078 0.0516 -0.00392 1.0 -0.683813 0.011116 -0.000839 0.729572
0.00086 0.05627 -0.00025 1.0 0.0 0.002762 0.673547 0.739139
-0.00074 -0.05825 0.00249 1.0 -0.69283 0.019962 -0.001699 0.720823
-0.00034 -0.05524 0.00625 1.0 -0.716366 -0.010376 0.000981 0.697647
-0.00033 -0.0566 0.00383 1.0 -0.648514 0.009513 -0.000086 0.761143
-0.00078 -0.0516 0.00392 1.0 -0.646445 -0.010641 0.000381 0.762886
-0.00086 -0.05627 0.00025 1.0 0.0 -0.00268 0.617476 0.786585