# SQEE Animation Format


################################################################################

SECTION Header

BoneCount 56
PoseCount 23
TotalTime 22

Times 1 1 1 1 1 1 1 1 1 1 1 1 1 1 1 1 1 1 1 1 1 1 0


################################################################################

SECTION Poses


##### Pose: 0 ##############################################

0.0 0.0 0.0 1.0 0.0 0.0 0.707107 0.707107
0.0 0.0 0.6234 1.0 0.0 0.0 0.0 1.0
0.0 0.0 0.0 1.0 0.0 0.0 0.0 1.0
-0.0795 0.05312 -0.17704 1.0 -0.184628 -0.146152 -0.690229 0.684205
0.06295 0.0 -0.13656 1.0 0.0 0.0 0.0 1.0
0.00313 0.12307 0.0005 1.0 0.28769 -0.239462 0.24064 0.895536
0.00313 -0.12307 0.0005 1.0 0.09495 -0.980917 0.126176 0.113428
0.00295 0.0 0.10781 1.0 -0.00605 0.103143 -0.10942 0.988611
0.00295 0.0 0.10781 1.0 -0.000211 0.051433 -0.055484 0.997134
0.0 0.0 0.12763 1.0 0.00534 0.011591 -0.039134 0.999152
-0.00406 0.00155 -0.20992 1.0 0.003811 0.706496 -0.023657 0.707311
0.00406 -0.00155 0.20992 1.0 -0.009662 0.631923 0.036615 0.774105
-0.00508 0.00195 -0.15497 1.0 -0.001408 0.000532 -0.042845 0.999081
-0.00603 0.00231 -0.184 1.0 0.063689 -0.450627 -0.039281 0.889571
-0.02319 0.09435 0.08792 1.0 -0.086529 -0.009995 -0.022432 0.995947
-0.02727 0.0 0.12737 1.0 -0.013026 0.088917 0.225242 0.97015
0.0051 -0.0019 0.155 1.0 0.000423 -0.000173 0.01264 0.99992
0.00603 -0.00231 0.184 1.0 -0.197066 -0.401377 0.013244 0.894364
-0.02319 -0.09435 0.08792 1.0 0.248172 -0.964817 -0.076598 0.040885
0.01955 0.0 0.11236 1.0 -0.084969 0.056733 0.468727 0.877415
-0.0012 0.0935 -0.00094 1.0 0.019022 -0.313939 0.197881 0.928398
0.1367 0.00103 -0.07412 1.0 0.0 -0.024996 0.000244 0.999688
0.0012 -0.0935 0.00094 1.0 -0.251308 -0.106807 -0.161389 0.948362
-0.1367 -0.00103 0.07412 1.0 0.000691 -0.074892 0.002284 0.997189
0.04184 0.0 0.29363 1.0 0.0 0.0 0.0 1.0
0.0 0.17528 0.00003 1.0 -0.141115 -0.193439 -0.561061 0.792388
0.21175 -0.00194 0.03537 1.0 0.0 0.0 0.0 1.0
0.01545 -0.00217 0.03772 1.0 0.0 0.0 0.0 1.0
0.20253 -0.00433 0.07298 1.0 0.0 0.0 0.0 1.0
0.0 -0.17528 -0.00003 1.0 -0.11795 -0.213783 -0.453825 0.856987
0.21133 -0.00375 0.03157 1.0 0.0 0.0 0.0 1.0
0.00301 0.17235 -0.00005 1.0 -0.007574 -0.125514 -0.15583 0.979748
0.00274 0.18335 0.00113 1.0 -0.002441 -0.139815 0.0 0.990175
-0.00301 -0.17235 0.00005 1.0 -0.196652 -0.157651 -0.101062 0.962424
-0.00266 -0.18336 -0.00109 1.0 -0.003066 -0.175763 0.000122 0.984428
0.05434 0.14794 0.03756 1.0 -0.327661 -0.028199 -0.101651 0.938888
0.01196 0.15393 0.04553 1.0 -0.429471 0.007118 -0.027532 0.902633
-0.03124 0.14728 0.04113 1.0 -0.512825 -0.003507 0.054528 0.856753
-0.07001 0.1413 0.02956 1.0 -0.60518 -0.054887 0.125769 0.784173
0.09958 0.0939 -0.02147 1.0 -0.273196 0.0171 -0.010062 0.961754
-0.05434 -0.14794 -0.03756 1.0 -0.356348 -0.01514 -0.043616 0.933212
-0.01196 -0.15393 -0.04553 1.0 -0.43002 0.010942 -0.012775 0.902663
0.03124 -0.14728 -0.04113 1.0 -0.492034 -0.001777 0.025315 0.870206
0.07001 -0.1413 -0.02956 1.0 -0.562409 0.000634 0.058674 0.824775
-0.00249 -0.14826 0.01591 1.0 0.707107 0.0 0.0 0.707107
-0.09958 -0.09391 0.02147 1.0 -0.707201 -0.02449 0.018312 0.706351
0.00074 0.05825 -0.00249 1.0 -0.458047 0.013234 0.000922 0.888829
0.00034 0.05524 -0.00625 1.0 -0.45771 0.004748 0.001202 0.889088
0.00033 0.0566 -0.00383 1.0 -0.457737 -0.000669 0.000457 0.889087
0.00078 0.0516 -0.00392 1.0 -0.457751 -0.021255 0.000366 0.888826
0.00086 0.05627 -0.00025 1.0 0.035275 0.06967 0.319119 0.944492
-0.00074 -0.05825 0.00249 1.0 -0.456019 0.002075 -0.000122 0.889968
-0.00034 -0.05524 0.00625 1.0 -0.456733 0.01032 0.001823 0.889542
-0.00033 -0.0566 0.00383 1.0 -0.455944 -0.008268 -0.00044 0.88997
-0.00078 -0.0516 0.00392 1.0 -0.456733 -0.010903 0.000863 0.889537
-0.00086 -0.05627 0.00025 1.0 0.003733 0.004939 0.449368 0.893325


##### Pose: 1 ##############################################

0.0 0.0 0.0 1.0 0.0 0.0 0.707107 0.707107
0.0 0.0 0.6234 1.0 0.0 0.0 0.0 1.0
0.0 0.0 0.0 1.0 0.0 0.0 0.0 1.0
-0.20678 0.26387 -0.19535 1.0 -0.241478 -0.120665 -0.765377 0.584231
0.03147 0.0 -0.42291 1.0 0.0 0.0 0.0 1.0
0.00313 0.12307 0.0005 1.0 0.462967 -0.338762 0.262935 0.775737
0.00313 -0.12307 0.0005 1.0 0.022924 -0.974116 0.185015 0.127835
0.00295 0.0 0.10781 1.0 0.024561 0.003895 -0.221541 0.974834
0.00295 0.0 0.10781 1.0 0.012461 0.000722 -0.122746 0.99236
0.0 0.0 0.12763 1.0 0.024828 -0.014083 -0.148103 0.98856
-0.00406 0.00155 -0.20992 1.0 -0.072325 0.586762 -0.077585 0.802783
0.00406 -0.00155 0.20992 1.0 -0.006873 0.620741 0.045897 0.782641
-0.00508 0.00195 -0.15497 1.0 -0.005931 0.002493 -0.235979 0.971737
-0.00603 0.00231 -0.184 1.0 0.156479 -0.30546 -0.224027 0.912152
-0.02319 0.09435 0.08792 1.0 -0.069854 -0.009618 -0.022596 0.997255
-0.02727 0.0 0.12737 1.0 -0.020946 0.123359 0.278103 0.952367
0.0051 -0.0019 0.155 1.0 0.001099 -0.000559 0.044412 0.999013
0.00603 -0.00231 0.184 1.0 -0.266095 -0.375729 0.044597 0.886585
-0.02319 -0.09435 0.08792 1.0 0.244914 -0.967603 -0.044924 0.041753
0.01955 0.0 0.11236 1.0 -0.074619 0.077926 0.517553 0.848822
-0.0012 0.0935 -0.00094 1.0 0.040427 -0.185111 0.184621 0.964373
0.1367 0.00103 -0.07412 1.0 0.0 -0.024996 0.000244 0.999688
0.0012 -0.0935 0.00094 1.0 -0.192509 -0.004091 0.083444 0.977732
-0.1367 -0.00103 0.07412 1.0 0.000691 -0.074892 0.002284 0.997189
0.04184 0.0 0.29363 1.0 0.0 0.0 0.0 1.0
0.0 0.17528 0.00003 1.0 -0.068369 -0.11907 -0.485528 0.863372
0.21175 -0.00194 0.03537 1.0 0.0 0.0 0.0 1.0
0.01545 -0.00217 0.03772 1.0 0.0 0.0 0.0 1.0
0.20253 -0.00433 0.07298 1.0 0.0 0.0 0.0 1.0
0.0 -0.17528 -0.00003 1.0 -0.066158 -0.185104 -0.306283 0.931424
0.21133 -0.00375 0.03157 1.0 0.0 0.0 0.0 1.0
0.00301 0.17235 -0.00005 1.0 0.174092 -0.070002 -0.114856 0.9755
0.00274 0.18335 0.00113 1.0 -0.002024 -0.080903 -0.000122 0.99672
-0.00301 -0.17235 0.00005 1.0 -0.069568 -0.15121 -0.045133 0.985017
-0.00266 -0.18336 -0.00109 1.0 -0.003027 -0.170951 0.000122 0.985275
0.05434 0.14794 0.03756 1.0 -0.130431 -0.039431 -0.199418 0.970394
0.01196 0.15393 0.04553 1.0 -0.283502 0.009032 -0.051262 0.957558
-0.03124 0.14728 0.04113 1.0 -0.410338 -0.021509 0.099323 0.906253
-0.07001 0.1413 0.02956 1.0 -0.537654 -0.113905 0.224655 0.804664
0.09958 0.09391 -0.02147 1.0 -0.30084 -0.119105 -0.279909 0.903858
-0.05434 -0.14794 -0.03756 1.0 -0.160365 -0.011484 -0.089122 0.982959
-0.01196 -0.15393 -0.04553 1.0 -0.287452 0.008181 -0.022689 0.957491
0.03124 -0.14728 -0.04113 1.0 -0.393277 -0.007501 0.046016 0.918237
0.07001 -0.1413 -0.02956 1.0 -0.507833 -0.029894 0.115771 0.853117
-0.00249 -0.14826 0.01591 1.0 0.707107 0.0 0.0 0.707107
-0.09958 -0.09391 0.02147 1.0 -0.42625 -0.187583 -0.290141 0.836027
0.00074 0.05825 -0.00249 1.0 -0.334081 0.009967 0.000999 0.942491
0.00034 0.05524 -0.00625 1.0 -0.333426 0.004338 0.001871 0.942764
0.00033 0.0566 -0.00383 1.0 -0.333442 -0.000722 0.000366 0.94277
0.00078 0.0516 -0.00392 1.0 -0.333865 -0.015451 -0.000546 0.942494
0.00086 0.05627 -0.00025 1.0 0.079476 0.12585 0.124737 0.980962
-0.00074 -0.05825 0.00249 1.0 -0.329746 0.001965 0.000211 0.944068
-0.00034 -0.05524 0.00625 1.0 -0.32968 0.007738 0.001582 0.94406
-0.00033 -0.0566 0.00383 1.0 -0.3297 -0.007827 -0.001408 0.944052
-0.00078 -0.0516 0.00392 1.0 -0.329679 -0.008189 0.000345 0.944058
-0.00086 -0.05627 0.00025 1.0 0.00369 0.006404 0.209234 0.977838


##### Pose: 2 ##############################################

0.0 0.0 0.0 1.0 0.0 0.0 0.707107 0.707107
0.0 0.0 0.6234 1.0 0.0 0.0 0.0 1.0
0.0 0.0 0.0 1.0 0.0 0.0 0.0 1.0
-0.29531 0.35911 -0.21365 1.0 -0.279564 -0.100593 -0.812746 0.501168
0.0 0.0 -0.6234 1.0 0.0 0.0 0.0 1.0
0.00313 0.12307 0.0005 1.0 0.534236 -0.207302 0.293047 0.765337
0.00313 -0.12307 0.0005 1.0 -0.031085 -0.979248 0.184851 0.077053
0.00295 0.0 0.10781 1.0 0.044339 -0.04006 -0.334948 0.94034
0.00295 0.0 0.10781 1.0 0.0183 -0.02382 -0.170196 0.984952
0.0 0.0 0.12763 1.0 0.033015 -0.027698 -0.225394 0.973314
-0.00406 0.00155 -0.20992 1.0 -0.048768 0.189872 -0.063357 0.978548
0.00406 -0.00155 0.20992 1.0 -0.030607 0.677727 0.064069 0.731877
-0.00508 0.00195 -0.15497 1.0 -0.009859 0.003768 -0.300668 0.95367
-0.00603 0.00231 -0.184 1.0 0.009355 -0.084036 -0.301068 0.949847
-0.02319 0.09435 0.08792 1.0 -0.078194 -0.009806 -0.022515 0.996636
-0.02727 0.0 0.12737 1.0 -0.024421 0.155477 0.339877 0.927208
0.0051 -0.0019 0.155 1.0 0.001239 -0.000722 0.028936 0.99958
0.00603 -0.00231 0.184 1.0 -0.22563 -0.400321 0.028547 0.887704
-0.02319 -0.09435 0.08792 1.0 0.241988 -0.969233 -0.015255 0.042385
0.01955 0.0 0.11236 1.0 -0.06454 0.097345 0.573316 0.810967
-0.0012 0.0935 -0.00094 1.0 0.020144 -0.031536 -0.240625 0.969896
0.1367 0.00103 -0.07412 1.0 0.0 -0.024996 0.000244 0.999688
0.0012 -0.0935 0.00094 1.0 -0.208035 0.106193 0.319676 0.918287
-0.1367 -0.00103 0.07412 1.0 0.000691 -0.074892 0.002284 0.997189
0.04184 0.0 0.29363 1.0 0.0 0.0 0.0 1.0
0.0 0.17528 0.00003 1.0 -0.015826 -0.037689 -0.364731 0.930215
0.21175 -0.00194 0.03537 1.0 0.0 0.0 0.0 1.0
0.01545 -0.00217 0.03772 1.0 0.0 0.0 0.0 1.0
0.20253 -0.00433 0.07298 1.0 0.0 0.0 0.0 1.0
0.0 -0.17528 -0.00003 1.0 -0.032417 -0.152113 -0.176302 0.971971
0.21133 -0.00375 0.03157 1.0 0.0 0.0 0.0 1.0
0.00301 0.17235 -0.00005 1.0 0.343904 -0.017723 -0.099836 0.933514
0.00274 0.18335 0.00113 1.0 -0.001596 -0.021706 -0.000273 0.999763
-0.00301 -0.17235 0.00005 1.0 0.054505 -0.150168 0.004109 0.987148
-0.00266 -0.18336 -0.00109 1.0 -0.002993 -0.166136 0.000122 0.986098
0.05434 0.14794 0.03756 1.0 0.005124 -0.022841 -0.269198 0.9628
0.01196 0.15393 0.04553 1.0 -0.178058 0.014931 -0.066959 0.981626
-0.03124 0.14728 0.04113 1.0 -0.33383 -0.039649 0.127215 0.933168
-0.07001 0.1413 0.02956 1.0 -0.482279 -0.160878 0.28645 0.812079
0.09958 0.0939 -0.02147 1.0 -0.350377 -0.168887 -0.38882 0.835184
-0.05434 -0.14794 -0.03756 1.0 -0.00274 0.00426 -0.118507 0.99294
-0.01196 -0.15393 -0.04553 1.0 -0.167627 0.007796 -0.033712 0.985243
0.03124 -0.14728 -0.04113 1.0 -0.305355 -0.016607 0.065773 0.949819
0.07001 -0.1413 -0.02956 1.0 -0.454094 -0.061137 0.136704 0.878278
-0.00249 -0.14826 0.01591 1.0 0.707107 0.0 0.0 0.707107
-0.09958 -0.09391 0.02147 1.0 -0.171131 -0.150781 -0.295309 0.927778
0.00074 0.05825 -0.00249 1.0 -0.243645 0.007833 0.000752 0.969833
0.00034 0.05524 -0.00625 1.0 -0.242737 0.003927 0.0023 0.970081
0.00033 0.0566 -0.00383 1.0 -0.242745 -0.000762 0.000273 0.97009
0.00078 0.0516 -0.00392 1.0 -0.243491 -0.011463 -0.000598 0.969835
0.00086 0.05627 -0.00025 1.0 0.106421 0.145527 0.037666 0.982893
-0.00074 -0.05825 0.00249 1.0 -0.237624 0.001835 0.000345 0.971355
-0.00034 -0.05524 0.00625 1.0 -0.238762 0.006114 0.001057 0.971058
-0.00033 -0.0566 0.00383 1.0 -0.2376 -0.007376 -0.001942 0.971333
-0.00078 -0.0516 0.00392 1.0 -0.238762 -0.006188 0.000244 0.971058
-0.00086 -0.05627 0.00025 1.0 0.000762 0.007927 0.094769 0.995467


##### Pose: 3 ##############################################

0.0 0.0 0.0 1.0 0.0 0.0 0.707107 0.707107
0.0 0.0 0.6234 1.0 0.0 0.0 0.0 1.0
0.0 0.0 0.0 1.0 0.0 0.0 0.0 1.0
-0.29331 0.34847 -0.20203 1.0 -0.289452 -0.100965 -0.822469 0.479133
0.0 0.0 -0.6234 1.0 0.0 0.0 0.0 1.0
0.00313 0.12307 0.0005 1.0 0.568509 -0.22086 0.297193 0.734639
0.00313 -0.12307 0.0005 1.0 -0.029931 -0.976723 0.200531 0.070026
0.00295 0.0 0.10781 1.0 0.043771 -0.0367 -0.342114 0.937921
0.00295 0.0 0.10781 1.0 0.018027 -0.022221 -0.174481 0.984245
0.0 0.0 0.12763 1.0 0.032815 -0.02532 -0.23113 0.97204
-0.00406 0.00155 -0.20992 1.0 -0.060389 0.273507 -0.083679 0.956318
0.00406 -0.00155 0.20992 1.0 -0.02477 0.678876 0.049128 0.732189
-0.00508 0.00195 -0.15497 1.0 -0.010127 0.003757 -0.290243 0.956892
-0.00603 0.00231 -0.184 1.0 0.024463 -0.133999 -0.290444 0.947147
-0.02319 0.09435 0.08792 1.0 -0.090315 -0.010079 -0.022394 0.995611
-0.02727 0.0 0.12737 1.0 -0.02374 0.153242 0.361271 0.919476
0.0051 -0.0019 0.155 1.0 0.001014 -0.000782 0.007748 0.999969
0.00603 -0.00231 0.184 1.0 -0.228323 -0.395009 0.009666 0.889799
-0.02319 -0.09435 0.08792 1.0 0.239647 -0.969914 0.005887 0.042444
0.01955 0.0 0.11236 1.0 -0.068939 0.09043 0.588754 0.800274
-0.0012 0.0935 -0.00094 1.0 0.097119 0.055317 -0.627929 0.770203
0.1367 0.00103 -0.07412 1.0 0.0 -0.024996 0.000244 0.999688
0.0012 -0.0935 0.00094 1.0 -0.264851 0.175648 0.476987 0.819442
-0.1367 -0.00103 0.07412 1.0 0.000691 -0.074892 0.002284 0.997189
0.04184 0.0 0.29363 1.0 0.0 0.0 0.0 1.0
0.0 0.17528 0.00003 1.0 0.008739 0.033685 -0.258652 0.965344
0.21175 -0.00194 0.03537 1.0 0.0 0.0 0.0 1.0
0.01545 -0.00217 0.03772 1.0 0.0 0.0 0.0 1.0
0.20253 -0.00433 0.07298 1.0 0.0 0.0 0.0 1.0
0.0 -0.17528 -0.00003 1.0 -0.008625 -0.114312 -0.040936 0.992564
0.21133 -0.00375 0.03157 1.0 0.0 0.0 0.0 1.0
0.00301 0.17235 -0.00005 1.0 0.459382 0.011776 -0.09691 0.882858
0.00274 0.18335 0.00113 1.0 -0.001164 0.022427 -0.000323 0.999748
-0.00301 -0.17235 0.00005 1.0 0.147005 -0.152038 0.03768 0.976655
-0.00266 -0.18336 -0.00109 1.0 -0.002958 -0.161316 -0.000122 0.986898
0.05434 0.14794 0.03756 1.0 0.005124 -0.022841 -0.269198 0.9628
0.01196 0.15393 0.04553 1.0 -0.178007 0.01567 -0.067093 0.981614
-0.03124 0.14728 0.04113 1.0 -0.33383 -0.039649 0.127215 0.933168
-0.07001 0.1413 0.02956 1.0 -0.482279 -0.160878 0.28645 0.812078
0.09958 0.0939 -0.02147 1.0 -0.350377 -0.168887 -0.38882 0.835184
-0.05434 -0.14794 -0.03756 1.0 0.105188 0.006212 -0.114757 0.987789
-0.01196 -0.15393 -0.04553 1.0 -0.075876 0.009855 -0.033006 0.996522
0.03124 -0.14728 -0.04113 1.0 -0.230353 -0.014446 0.069581 0.970509
0.07001 -0.1413 -0.02956 1.0 -0.404795 -0.053365 0.135808 0.90269
-0.00249 -0.14826 0.01591 1.0 0.707107 0.0 0.0 0.707107
-0.09958 -0.09391 0.02147 1.0 -0.171131 -0.150781 -0.295309 0.927778
0.00074 0.05825 -0.00249 1.0 -0.243641 0.007079 0.000366 0.96984
0.00034 0.05524 -0.00625 1.0 -0.242736 0.003719 0.002323 0.970083
0.00033 0.0566 -0.00383 1.0 -0.242745 -0.000762 0.000273 0.97009
0.00078 0.0516 -0.00392 1.0 -0.243484 -0.010472 -0.000122 0.969848
0.00086 0.05627 -0.00025 1.0 0.106421 0.145527 0.037666 0.982893
-0.00074 -0.05825 0.00249 1.0 -0.237624 0.001731 0.000323 0.971356
-0.00034 -0.05524 0.00625 1.0 -0.238759 0.005331 0.000657 0.971064
-0.00033 -0.0566 0.00383 1.0 -0.237598 -0.007094 -0.001731 0.971336
-0.00078 -0.0516 0.00392 1.0 -0.238759 -0.005406 0.000559 0.971064
-0.00086 -0.05627 0.00025 1.0 0.000722 0.008325 0.094769 0.995464


##### Pose: 4 ##############################################

0.0 0.0 0.0 1.0 0.0 0.0 0.707107 0.707107
0.0 0.0 0.6234 1.0 0.0 0.0 0.0 1.0
0.0 0.0 0.0 1.0 0.0 0.0 0.0 1.0
-0.29136 0.30119 -0.1904 1.0 -0.294997 -0.093141 -0.833866 0.457131
0.0 0.0 -0.6234 1.0 0.0 0.0 0.0 1.0
0.00313 0.12307 0.0005 1.0 0.598358 -0.163064 0.340209 0.706849
0.00313 -0.12307 0.0005 1.0 -0.046916 -0.961654 0.233151 0.136605
0.00295 0.0 0.10781 1.0 0.047527 -0.032022 -0.348199 0.935667
0.00295 0.0 0.10781 1.0 0.022052 -0.018259 -0.181403 0.982992
0.0 0.0 0.12763 1.0 0.036982 -0.01787 -0.240273 0.969836
-0.00406 0.00155 -0.20992 1.0 -0.06758 0.33707 -0.072679 0.936234
0.00406 -0.00155 0.20992 1.0 -0.006458 0.554114 0.023297 0.83209
-0.00508 0.00195 -0.15497 1.0 -0.010391 0.003743 -0.279912 0.959962
-0.00603 0.00231 -0.184 1.0 0.043807 -0.202951 -0.27938 0.937464
-0.02319 0.09435 0.08792 1.0 -0.073646 -0.009704 -0.022559 0.996982
-0.02727 0.0 0.12737 1.0 -0.069241 0.146534 0.422055 0.891966
0.0051 -0.0019 0.155 1.0 -0.000299 -0.000546 -0.015071 0.999886
0.00603 -0.00231 0.184 1.0 -0.253415 -0.312066 -0.008488 0.9156
-0.02319 -0.09435 0.08792 1.0 0.237968 -0.970302 0.013999 0.041102
0.01955 0.0 0.11236 1.0 -0.105254 0.121017 0.62173 0.766634
-0.0012 0.0935 -0.00094 1.0 0.104306 -0.004933 -0.608514 0.786642
0.1367 0.00103 -0.07412 1.0 0.0 -0.024996 0.000244 0.999688
0.0012 -0.0935 0.00094 1.0 -0.270261 0.177792 0.484893 0.812544
-0.1367 -0.00103 0.07412 1.0 0.000691 -0.074892 0.002284 0.997189
0.04184 0.0 0.29363 1.0 0.0 0.0 0.0 1.0
0.0 0.17528 0.00003 1.0 0.023937 0.077323 -0.287941 0.954221
0.21175 -0.00194 0.03537 1.0 0.0 0.0 0.0 1.0
0.01545 -0.00217 0.03772 1.0 0.0 0.0 0.0 1.0
0.20253 -0.00433 0.07298 1.0 0.0 0.0 0.0 1.0
0.0 -0.17528 -0.00003 1.0 -0.006697 -0.112367 -0.034537 0.993044
0.21133 -0.00375 0.03157 1.0 0.0 0.0 0.0 1.0
0.00301 0.17235 -0.00005 1.0 0.419411 0.038939 -0.007768 0.906928
0.00274 0.18335 0.00113 1.0 -0.000732 0.050927 -0.000345 0.998702
-0.00301 -0.17235 0.00005 1.0 0.181932 -0.151128 0.050017 0.97034
-0.00266 -0.18336 -0.00109 1.0 -0.002922 -0.156492 -0.000122 0.987675
0.05434 0.14794 0.03756 1.0 0.005124 -0.022841 -0.269198 0.9628
0.01196 0.15393 0.04553 1.0 -0.178058 0.014931 -0.066959 0.981626
-0.03124 0.14728 0.04113 1.0 -0.33383 -0.039649 0.127215 0.933168
-0.07001 0.1413 0.02956 1.0 -0.482279 -0.160878 0.28645 0.812078
0.09958 0.0939 -0.02147 1.0 -0.350377 -0.168887 -0.38882 0.835184
-0.05434 -0.14794 -0.03756 1.0 0.141602 -0.000546 -0.112282 0.983535
-0.01196 -0.15393 -0.04553 1.0 -0.036693 -0.001092 -0.032377 0.998801
0.03124 -0.14728 -0.04113 1.0 -0.189528 -0.010344 0.074515 0.978989
0.07001 -0.1413 -0.02956 1.0 -0.363682 -0.044342 0.136655 0.920378
-0.00249 -0.14826 0.01591 1.0 0.707107 0.0 0.0 0.707107
-0.09958 -0.09391 0.02147 1.0 -0.171131 -0.150781 -0.295309 0.927778
0.00074 0.05825 -0.00249 1.0 -0.243641 0.007079 0.000366 0.96984
0.00034 0.05524 -0.00625 1.0 -0.242736 0.003506 0.002345 0.970083
0.00033 0.0566 -0.00383 1.0 -0.242745 -0.000762 0.000273 0.97009
0.00078 0.0516 -0.00392 1.0 -0.243484 -0.011241 0.000173 0.96984
0.00086 0.05627 -0.00025 1.0 0.106421 0.145527 0.037666 0.982893
-0.00074 -0.05825 0.00249 1.0 -0.237624 0.001629 0.000299 0.971356
-0.00034 -0.05524 0.00625 1.0 -0.238759 0.00491 0.000752 0.971066
-0.00033 -0.0566 0.00383 1.0 -0.237596 -0.006813 -0.00152 0.971339
-0.00078 -0.0516 0.00392 1.0 -0.23876 -0.005441 0.000405 0.971063
-0.00086 -0.05627 0.00025 1.0 0.000722 0.008325 0.094769 0.995464


##### Pose: 5 ##############################################

0.0 0.0 0.0 1.0 0.0 0.0 0.707107 0.707107
0.0 0.0 0.6234 1.0 0.0 0.0 0.0 1.0
0.0 0.0 0.0 1.0 0.0 0.0 0.0 1.0
-0.28941 0.29619 -0.16298 1.0 -0.3 -0.085575 -0.844835 0.434662
0.0 0.0 -0.6234 1.0 0.0 0.0 0.0 1.0
0.00313 0.12307 0.0005 1.0 0.559772 -0.0762 0.377771 0.733579
0.00313 -0.12307 0.0005 1.0 -0.059018 -0.951678 0.22961 0.195205
0.00295 0.0 0.10781 1.0 0.051302 -0.027315 -0.35424 0.933347
0.00295 0.0 0.10781 1.0 0.024536 -0.017102 -0.184021 0.982467
0.0 0.0 0.12763 1.0 0.039132 -0.015073 -0.243699 0.968944
-0.00406 0.00155 -0.20992 1.0 -0.072511 0.216846 -0.051934 0.972123
0.00406 -0.00155 0.20992 1.0 -0.007219 0.421335 0.03339 0.906262
-0.00508 0.00195 -0.15497 1.0 -0.010546 0.003584 -0.278823 0.960278
-0.00603 0.00231 -0.184 1.0 0.063615 -0.146006 -0.27297 0.948748
-0.02319 0.09435 0.08792 1.0 -0.069096 -0.009601 -0.022603 0.997308
-0.02727 0.0 0.12737 1.0 -0.090696 0.14226 0.444125 0.879937
0.0051 -0.0019 0.155 1.0 -0.000173 0.0 -0.00529 0.999986
0.00603 -0.00231 0.184 1.0 -0.247734 -0.232254 0.000938 0.940577
-0.02319 -0.09435 0.08792 1.0 0.237956 -0.970269 0.014187 0.041877
0.01955 0.0 0.11236 1.0 -0.117153 0.127952 0.629381 0.757485
-0.0012 0.0935 -0.00094 1.0 0.100297 -0.012247 -0.604566 0.79012
0.1367 0.00103 -0.07412 1.0 0.0 -0.024996 0.000244 0.999688
0.0012 -0.0935 0.00094 1.0 -0.275374 0.180211 0.492725 0.805553
-0.1367 -0.00103 0.07412 1.0 0.000691 -0.074892 0.002284 0.997189
0.04184 0.0 0.29363 1.0 0.0 0.0 0.0 1.0
0.0 0.17528 0.00003 1.0 0.026471 0.081257 -0.292906 0.952314
0.21175 -0.00194 0.03537 1.0 0.0 0.0 0.0 1.0
0.01545 -0.00217 0.03772 1.0 0.0 0.0 0.0 1.0
0.20253 -0.00433 0.07298 1.0 0.0 0.0 0.0 1.0
0.0 -0.17528 -0.00003 1.0 -0.004792 -0.110431 -0.028129 0.993474
0.21133 -0.00375 0.03157 1.0 0.0 0.0 0.0 1.0
0.00301 0.17235 -0.00005 1.0 0.413576 0.041539 -0.001158 0.909521
0.00274 0.18335 0.00113 1.0 -0.000323 0.053388 -0.000323 0.998574
-0.00301 -0.17235 0.00005 1.0 0.181968 -0.151821 0.049887 0.970232
-0.00266 -0.18336 -0.00109 1.0 -0.002886 -0.151665 -0.000122 0.988428
0.05434 0.14794 0.03756 1.0 0.005124 -0.022841 -0.269198 0.9628
0.01196 0.15393 0.04553 1.0 -0.178066 0.014807 -0.066937 0.981628
-0.03124 0.14728 0.04113 1.0 -0.33383 -0.039649 0.127215 0.933168
-0.07001 0.1413 0.02956 1.0 -0.482279 -0.160878 0.28645 0.812078
0.09958 0.0939 -0.02147 1.0 -0.350377 -0.168887 -0.38882 0.835184
-0.05434 -0.14794 -0.03756 1.0 0.177902 -0.007517 -0.110482 0.977798
-0.01196 -0.15393 -0.04553 1.0 0.002546 -0.012059 -0.032665 0.99939
0.03124 -0.14728 -0.04113 1.0 -0.148684 -0.007826 0.072568 0.986188
0.07001 -0.1413 -0.02956 1.0 -0.32193 -0.035544 0.138598 0.935889
-0.00249 -0.14826 0.01591 1.0 0.707107 0.0 0.0 0.707107
-0.09958 -0.09391 0.02147 1.0 -0.171131 -0.150781 -0.295309 0.927778
0.00074 0.05825 -0.00249 1.0 -0.243641 0.007079 0.000366 0.96984
0.00034 0.05524 -0.00625 1.0 -0.242735 0.003294 0.002367 0.970084
0.00033 0.0566 -0.00383 1.0 -0.242745 -0.000762 0.000273 0.97009
0.00078 0.0516 -0.00392 1.0 -0.243484 -0.011241 0.000173 0.96984
0.00086 0.05627 -0.00025 1.0 0.106421 0.145527 0.037666 0.982893
-0.00074 -0.05825 0.00249 1.0 -0.237624 0.00152 0.000273 0.971356
-0.00034 -0.05524 0.00625 1.0 -0.238759 0.00547 0.000622 0.971063
-0.00033 -0.0566 0.00383 1.0 -0.237594 -0.006533 -0.001303 0.971342
-0.00078 -0.0516 0.00392 1.0 -0.238762 -0.005531 0.000122 0.971062
-0.00086 -0.05627 0.00025 1.0 0.000722 0.008325 0.094769 0.995464


##### Pose: 6 ##############################################

0.0 0.0 0.0 1.0 0.0 0.0 0.707107 0.707107
0.0 0.0 0.6234 1.0 0.0 0.0 0.0 1.0
0.0 0.0 0.0 1.0 0.0 0.0 0.0 1.0
-0.28747 0.29118 -0.16547 1.0 -0.299843 -0.085675 -0.848199 0.42815
0.0 0.0 -0.6234 1.0 0.0 0.0 0.0 1.0
0.00313 0.12307 0.0005 1.0 0.571187 -0.056538 0.360226 0.735382
0.00313 -0.12307 0.0005 1.0 -0.053908 -0.954353 0.230106 0.182635
0.00295 0.0 0.10781 1.0 0.055097 -0.02258 -0.360239 0.930958
0.00295 0.0 0.10781 1.0 0.024652 -0.016484 -0.184006 0.982478
0.0 0.0 0.12763 1.0 0.039536 -0.015337 -0.242559 0.969209
-0.00406 0.00155 -0.20992 1.0 -0.069355 0.21165 -0.048923 0.973653
0.00406 -0.00155 0.20992 1.0 -0.007969 0.446012 0.031975 0.89442
-0.00508 0.00195 -0.15497 1.0 -0.0107 0.003429 -0.277733 0.960593
-0.00603 0.00231 -0.184 1.0 0.056714 -0.180726 -0.271973 0.943479
-0.02319 0.09435 0.08792 1.0 -0.069475 -0.009609 -0.022599 0.997281
-0.02727 0.0 0.12737 1.0 -0.108553 0.146472 0.443395 0.877589
0.0051 -0.0019 0.155 1.0 -0.000345 0.000457 -0.010996 0.999939
0.00603 -0.00231 0.184 1.0 -0.242401 -0.242468 -0.004997 0.939375
-0.02319 -0.09435 0.08792 1.0 0.237956 -0.970269 0.014187 0.041877
0.01955 0.0 0.11236 1.0 -0.113296 0.099878 0.624553 0.766239
-0.0012 0.0935 -0.00094 1.0 0.096257 -0.019521 -0.600533 0.793545
0.1367 0.00103 -0.07412 1.0 0.0 -0.024996 0.000244 0.999688
0.0012 -0.0935 0.00094 1.0 -0.280189 0.182902 0.500473 0.798478
-0.1367 -0.00103 0.07412 1.0 0.000691 -0.074892 0.002284 0.997189
0.04184 0.0 0.29363 1.0 0.0 0.0 0.0 1.0
0.0 0.17528 0.00003 1.0 0.029042 0.085185 -0.297847 0.950362
0.21175 -0.00194 0.03537 1.0 0.0 0.0 0.0 1.0
0.01545 -0.00217 0.03772 1.0 0.0 0.0 0.0 1.0
0.20253 -0.00433 0.07298 1.0 0.0 0.0 0.0 1.0
0.0 -0.17528 -0.00003 1.0 -0.004023 -0.108527 -0.021592 0.993851
0.21133 -0.00375 0.03157 1.0 0.0 0.0 0.0 1.0
0.00301 0.17235 -0.00005 1.0 0.407654 0.044224 0.005422 0.912049
0.00274 0.18335 0.00113 1.0 0.0 0.055849 -0.000299 0.998439
-0.00301 -0.17235 0.00005 1.0 0.181968 -0.151821 0.049887 0.970232
-0.00266 -0.18336 -0.00109 1.0 -0.00285 -0.151665 -0.000122 0.988428
0.05434 0.14794 0.03756 1.0 0.005124 -0.022841 -0.269198 0.9628
0.01196 0.15393 0.04553 1.0 -0.178091 0.014438 -0.06687 0.981633
-0.03124 0.14728 0.04113 1.0 -0.33383 -0.039649 0.127215 0.933168
-0.07001 0.1413 0.02956 1.0 -0.482279 -0.160878 0.28645 0.812079
0.09958 0.0939 -0.02147 1.0 -0.350377 -0.168887 -0.38882 0.835184
-0.05434 -0.14794 -0.03756 1.0 0.214022 -0.014597 -0.109365 0.970578
-0.01196 -0.15393 -0.04553 1.0 0.042175 -0.010744 -0.033354 0.998496
0.03124 -0.14728 -0.04113 1.0 -0.107559 -0.005167 0.070965 0.991649
0.07001 -0.1413 -0.02956 1.0 -0.279666 -0.027058 0.141614 0.94921
-0.00249 -0.14826 0.01591 1.0 0.707107 0.0 0.0 0.707107
-0.09958 -0.09391 0.02147 1.0 -0.171131 -0.150781 -0.295309 0.927778
0.00074 0.05825 -0.00249 1.0 -0.243641 0.007079 0.000366 0.96984
0.00034 0.05524 -0.00625 1.0 -0.242735 0.003083 0.002398 0.970085
0.00033 0.0566 -0.00383 1.0 -0.242745 -0.000762 0.000273 0.97009
0.00078 0.0516 -0.00392 1.0 -0.243484 -0.011241 0.000173 0.96984
0.00086 0.05627 -0.00025 1.0 0.106421 0.145527 0.037666 0.982893
-0.00074 -0.05825 0.00249 1.0 -0.237624 0.001408 0.000273 0.971356
-0.00034 -0.05524 0.00625 1.0 -0.238759 0.005892 0.000518 0.971061
-0.00033 -0.0566 0.00383 1.0 -0.237593 -0.006253 -0.001092 0.971344
-0.00078 -0.0516 0.00392 1.0 -0.238762 -0.005531 0.000122 0.971062
-0.00086 -0.05627 0.00025 1.0 0.000722 0.008325 0.094769 0.995464


##### Pose: 7 ##############################################

0.0 0.0 0.0 1.0 0.0 0.0 0.707107 0.707107
0.0 0.0 0.6234 1.0 0.0 0.0 0.0 1.0
0.0 0.0 0.0 1.0 0.0 0.0 0.0 1.0
-0.28552 0.28618 -0.17352 1.0 -0.297321 -0.089482 -0.847875 0.429769
0.0 0.0 -0.6234 1.0 0.0 0.0 0.0 1.0
0.00313 0.12307 0.0005 1.0 0.59487 -0.060512 0.334745 0.728295
0.00313 -0.12307 0.0005 1.0 -0.048796 -0.956859 0.230504 0.170022
0.00295 0.0 0.10781 1.0 0.060221 -0.018209 -0.359641 0.930967
0.00295 0.0 0.10781 1.0 0.027211 -0.015408 -0.184029 0.982423
0.0 0.0 0.12763 1.0 0.041547 -0.012903 -0.243077 0.969031
-0.00406 0.00155 -0.20992 1.0 -0.065521 0.249635 -0.056282 0.96448
0.00406 -0.00155 0.20992 1.0 -0.007736 0.467371 0.02905 0.88355
-0.00508 0.00195 -0.15497 1.0 -0.010855 0.003275 -0.276643 0.960906
-0.00603 0.00231 -0.184 1.0 0.051066 -0.211478 -0.270635 0.937777
-0.02319 0.09435 0.08792 1.0 -0.062458 -0.00945 -0.022667 0.997746
-0.02727 0.0 0.12737 1.0 -0.114008 0.143155 0.441346 0.878477
0.0051 -0.0019 0.155 1.0 -0.000488 0.000546 -0.013034 0.999915
0.00603 -0.00231 0.184 1.0 -0.243553 -0.254405 -0.006865 0.935902
-0.02319 -0.09435 0.08792 1.0 0.237956 -0.970269 0.014187 0.041876
0.01955 0.0 0.11236 1.0 -0.114003 0.096263 0.62023 0.770098
-0.0012 0.0935 -0.00094 1.0 0.096948 -0.031667 -0.58661 0.803422
0.1367 0.00103 -0.07412 1.0 0.0 -0.024996 0.000244 0.999688
0.0012 -0.0935 0.00094 1.0 -0.284706 0.185864 0.508127 0.791331
-0.1367 -0.00103 0.07412 1.0 0.000691 -0.074892 0.002284 0.997189
0.04184 0.0 0.29363 1.0 0.0 0.0 0.0 1.0
0.0 0.17528 0.00003 1.0 0.034558 0.092531 -0.319992 0.942257
0.21175 -0.00194 0.03537 1.0 0.0 0.0 0.0 1.0
0.01545 -0.00217 0.03772 1.0 0.0 0.0 0.0 1.0
0.20253 -0.00433 0.07298 1.0 0.0 0.0 0.0 1.0
0.0 -0.17528 -0.00003 1.0 -0.00328 -0.106618 -0.015051 0.994181
0.21133 -0.00375 0.03157 1.0 0.0 0.0 0.0 1.0
0.00301 0.17235 -0.00005 1.0 0.38908 0.049204 0.015405 0.91976
0.00274 0.18335 0.00113 1.0 0.000503 0.062939 -0.000273 0.998017
-0.00301 -0.17235 0.00005 1.0 0.181968 -0.151821 0.049887 0.970232
-0.00266 -0.18336 -0.00109 1.0 -0.002813 -0.151665 -0.000122 0.988428
0.05434 0.14794 0.03756 1.0 0.005124 -0.022841 -0.269198 0.9628
0.01196 0.15393 0.04553 1.0 -0.178096 0.014377 -0.066859 0.981634
-0.03124 0.14728 0.04113 1.0 -0.33383 -0.039649 0.127215 0.933168
-0.07001 0.1413 0.02956 1.0 -0.482279 -0.160878 0.28645 0.812078
0.09958 0.0939 -0.02147 1.0 -0.350377 -0.168887 -0.38882 0.835184
-0.05434 -0.14794 -0.03756 1.0 0.249897 -0.021763 -0.10894 0.961878
-0.01196 -0.15393 -0.04553 1.0 0.08174 -0.009413 -0.033754 0.996037
0.03124 -0.14728 -0.04113 1.0 -0.066227 -0.002401 0.069712 0.995364
0.07001 -0.1413 -0.02956 1.0 -0.237015 -0.01897 0.145674 0.960335
-0.00249 -0.14826 0.01591 1.0 0.707107 0.0 0.0 0.707107
-0.09958 -0.09391 0.02147 1.0 -0.171131 -0.150781 -0.295309 0.927778
0.00074 0.05825 -0.00249 1.0 -0.243641 0.007079 0.000366 0.96984
0.00034 0.05524 -0.00625 1.0 -0.242735 0.003246 0.002326 0.970084
0.00033 0.0566 -0.00383 1.0 -0.242745 -0.000762 0.000273 0.97009
0.00078 0.0516 -0.00392 1.0 -0.243484 -0.011241 0.000173 0.96984
0.00086 0.05627 -0.00025 1.0 0.106421 0.145527 0.037666 0.982893
-0.00074 -0.05825 0.00249 1.0 -0.237624 0.001303 0.000244 0.971356
-0.00034 -0.05524 0.00625 1.0 -0.238759 0.005949 0.000503 0.971061
-0.00033 -0.0566 0.00383 1.0 -0.237591 -0.005973 -0.00088 0.971346
-0.00078 -0.0516 0.00392 1.0 -0.238762 -0.005531 0.000122 0.971062
-0.00086 -0.05627 0.00025 1.0 0.000722 0.008325 0.094769 0.995464


##### Pose: 8 ##############################################

0.0 0.0 0.0 1.0 0.0 0.0 0.707107 0.707107
0.0 0.0 0.6234 1.0 0.0 0.0 0.0 1.0
0.0 0.0 0.0 1.0 0.0 0.0 0.0 1.0
-0.28357 0.28118 -0.18157 1.0 -0.294828 -0.093257 -0.847498 0.431424
0.0 0.0 -0.6234 1.0 0.0 0.0 0.0 1.0
0.00313 0.12307 0.0005 1.0 0.618605 -0.086663 0.313876 0.715052
0.00313 -0.12307 0.0005 1.0 -0.043684 -0.959194 0.230804 0.157379
0.00295 0.0 0.10781 1.0 0.065342 -0.013843 -0.359008 0.930942
0.00295 0.0 0.10781 1.0 0.02977 -0.014332 -0.184048 0.982362
0.0 0.0 0.12763 1.0 0.043559 -0.010468 -0.243586 0.968844
-0.00406 0.00155 -0.20992 1.0 -0.062079 0.312113 -0.070992 0.945353
0.00406 -0.00155 0.20992 1.0 -0.007368 0.488459 0.026156 0.872164
-0.00508 0.00195 -0.15497 1.0 -0.011009 0.003119 -0.275553 0.961218
-0.00603 0.00231 -0.184 1.0 0.045565 -0.242062 -0.269219 0.931048
-0.02319 0.09435 0.08792 1.0 -0.055438 -0.00929 -0.022733 0.99816
-0.02727 0.0 0.12737 1.0 -0.119514 0.139783 0.439384 0.879272
0.0051 -0.0019 0.155 1.0 -0.000585 0.000657 -0.015071 0.999886
0.00603 -0.00231 0.184 1.0 -0.244775 -0.266288 -0.008705 0.932255
-0.02319 -0.09435 0.08792 1.0 0.237956 -0.970269 0.014187 0.041877
0.01955 0.0 0.11236 1.0 -0.114905 0.092454 0.615945 0.773861
-0.0012 0.0935 -0.00094 1.0 0.097524 -0.043649 -0.572355 0.813015
0.1367 0.00103 -0.07412 1.0 0.0 -0.024996 0.000244 0.999688
0.0012 -0.0935 0.00094 1.0 -0.288925 0.189096 0.515679 0.784118
-0.1367 -0.00103 0.07412 1.0 0.000691 -0.074892 0.002284 0.997189
0.04184 0.0 0.29363 1.0 0.0 0.0 0.0 1.0
0.0 0.17528 0.00003 1.0 0.040398 0.099741 -0.341886 0.93356
0.21175 -0.00194 0.03537 1.0 0.0 0.0 0.0 1.0
0.01545 -0.00217 0.03772 1.0 0.0 0.0 0.0 1.0
0.20253 -0.00433 0.07298 1.0 0.0 0.0 0.0 1.0
0.0 -0.17528 -0.00003 1.0 -0.002561 -0.104703 -0.008506 0.994464
0.21133 -0.00375 0.03157 1.0 0.0 0.0 0.0 1.0
0.00301 0.17235 -0.00005 1.0 0.370178 0.054591 0.025177 0.927014
0.00274 0.18335 0.00113 1.0 0.00093 0.070026 -0.000244 0.997545
-0.00301 -0.17235 0.00005 1.0 0.181968 -0.151821 0.049887 0.970232
-0.00266 -0.18336 -0.00109 1.0 -0.002776 -0.151665 -0.000122 0.988428
0.05434 0.14794 0.03756 1.0 0.005124 -0.022841 -0.269198 0.9628
0.01196 0.15393 0.04553 1.0 -0.1781 0.014315 -0.066847 0.981635
-0.03124 0.14728 0.04113 1.0 -0.33383 -0.039649 0.127215 0.933168
-0.07001 0.1413 0.02956 1.0 -0.482279 -0.160878 0.28645 0.812078
0.09958 0.0939 -0.02147 1.0 -0.350377 -0.168887 -0.38882 0.835184
-0.05434 -0.14794 -0.03756 1.0 0.28546 -0.02897 -0.109213 0.951707
-0.01196 -0.15393 -0.04553 1.0 0.121176 -0.008067 -0.0341 0.992012
0.03124 -0.14728 -0.04113 1.0 -0.024765 0.00044 0.068817 0.997322
0.07001 -0.1413 -0.02956 1.0 -0.194101 -0.01136 0.150741 0.969264
-0.00249 -0.14826 0.01591 1.0 0.707107 0.0 0.0 0.707107
-0.09958 -0.09391 0.02147 1.0 -0.171131 -0.150781 -0.295309 0.927778
0.00074 0.05825 -0.00249 1.0 -0.243641 0.007079 0.000366 0.96984
0.00034 0.05524 -0.00625 1.0 -0.242735 0.003411 0.002254 0.970084
0.00033 0.0566 -0.00383 1.0 -0.242745 -0.000762 0.000273 0.97009
0.00078 0.0516 -0.00392 1.0 -0.243484 -0.011241 0.000173 0.96984
0.00086 0.05627 -0.00025 1.0 0.106421 0.145527 0.037666 0.982893
-0.00074 -0.05825 0.00249 1.0 -0.237624 0.001208 0.000244 0.971356
-0.00034 -0.05524 0.00625 1.0 -0.238759 0.006005 0.000488 0.97106
-0.00033 -0.0566 0.00383 1.0 -0.23759 -0.005692 -0.000669 0.971349
-0.00078 -0.0516 0.00392 1.0 -0.238762 -0.005531 0.000122 0.971062
-0.00086 -0.05627 0.00025 1.0 0.000722 0.008325 0.094769 0.995464


##### Pose: 9 ##############################################

0.0 0.0 0.0 1.0 0.0 0.0 0.707107 0.707107
0.0 0.0 0.6234 1.0 0.0 0.0 0.0 1.0
0.0 0.0 0.0 1.0 0.0 0.0 0.0 1.0
-0.28505 0.27618 -0.18962 1.0 -0.292363 -0.097001 -0.847069 0.433115
0.0 0.0 -0.6234 1.0 0.0 0.0 0.0 1.0
0.00313 0.12307 0.0005 1.0 0.631709 -0.134744 0.310727 0.697307
0.00313 -0.12307 0.0005 1.0 -0.041333 -0.95676 0.249373 0.143927
0.00295 0.0 0.10781 1.0 0.069487 -0.009325 -0.362074 0.929509
0.00295 0.0 0.10781 1.0 0.033387 -0.011488 -0.185746 0.981963
0.0 0.0 0.12763 1.0 0.048265 -0.005925 -0.245777 0.968106
-0.00406 0.00155 -0.20992 1.0 -0.060178 0.37898 -0.090585 0.918992
0.00406 -0.00155 0.20992 1.0 -0.003012 0.547184 0.013104 0.836904
-0.00508 0.00195 -0.15497 1.0 -0.009981 0.0033 -0.274458 0.961542
-0.00603 0.00231 -0.184 1.0 0.040211 -0.272443 -0.267734 0.923296
-0.02319 0.09435 0.08792 1.0 -0.032272 -0.00876 -0.022942 0.999178
-0.02727 0.0 0.12737 1.0 -0.130161 0.135182 0.439565 0.878389
0.0051 -0.0019 0.155 1.0 -0.000863 0.000732 -0.024035 0.999711
0.00603 -0.00231 0.184 1.0 -0.25421 -0.306343 -0.017155 0.91719
-0.02319 -0.09435 0.08792 1.0 0.237956 -0.970269 0.014187 0.041876
0.01955 0.0 0.11236 1.0 -0.111903 0.083615 0.612411 0.7781
-0.0012 0.0935 -0.00094 1.0 0.080158 -0.086033 -0.505155 0.85498
0.1367 0.00103 -0.07412 1.0 0.0 -0.024996 0.000244 0.999688
0.0012 -0.0935 0.00094 1.0 -0.292845 0.192594 0.523121 0.776849
-0.1367 -0.00103 0.07412 1.0 0.000691 -0.074892 0.002284 0.997189
0.04184 0.0 0.29363 1.0 0.0 0.0 0.0 1.0
0.0 0.17528 0.00003 1.0 0.057044 0.109373 -0.433169 0.892832
0.21175 -0.00194 0.03537 1.0 0.0 0.0 0.0 1.0
0.01545 -0.00217 0.03772 1.0 0.0 0.0 0.0 1.0
0.20253 -0.00433 0.07298 1.0 0.0 0.0 0.0 1.0
0.0 -0.17528 -0.00003 1.0 -0.001867 -0.102784 -0.001961 0.9947
0.21133 -0.00375 0.03157 1.0 0.0 0.0 0.0 1.0
0.00301 0.17235 -0.00005 1.0 0.306144 0.065113 0.037396 0.949019
0.00274 0.18335 0.00113 1.0 0.001354 0.077109 -0.000211 0.997022
-0.00301 -0.17235 0.00005 1.0 0.181968 -0.151821 0.049887 0.970232
-0.00266 -0.18336 -0.00109 1.0 -0.002738 -0.151665 -0.000122 0.988428
0.05434 0.14794 0.03756 1.0 0.005124 -0.022841 -0.269198 0.9628
0.01196 0.15393 0.04553 1.0 -0.178091 0.014438 -0.06687 0.981633
-0.03124 0.14728 0.04113 1.0 -0.33383 -0.039649 0.127215 0.933168
-0.07001 0.1413 0.02956 1.0 -0.482279 -0.160878 0.28645 0.812079
0.09958 0.09391 -0.02147 1.0 -0.350377 -0.168887 -0.38882 0.835184
-0.05434 -0.14794 -0.03756 1.0 0.320647 -0.036174 -0.110187 0.940072
-0.01196 -0.15393 -0.04553 1.0 0.160422 -0.006707 -0.034394 0.986426
0.03124 -0.14728 -0.04113 1.0 0.016752 0.003367 0.068283 0.99752
0.07001 -0.1413 -0.02956 1.0 -0.151049 -0.004311 0.156773 0.976006
-0.00249 -0.14826 0.01591 1.0 0.707107 0.0 0.0 0.707107
-0.09958 -0.09391 0.02147 1.0 -0.171131 -0.150781 -0.295309 0.927778
0.00074 0.05825 -0.00249 1.0 -0.243641 0.007079 0.000366 0.96984
0.00034 0.05524 -0.00625 1.0 -0.242736 0.003576 0.00219 0.970083
0.00033 0.0566 -0.00383 1.0 -0.242745 -0.000762 0.000273 0.97009
0.00078 0.0516 -0.00392 1.0 -0.243484 -0.011241 0.000173 0.96984
0.00086 0.05627 -0.00025 1.0 0.106421 0.145527 0.037666 0.982893
-0.00074 -0.05825 0.00249 1.0 -0.237623 0.001112 0.000273 0.971357
-0.00034 -0.05524 0.00625 1.0 -0.238759 0.006005 0.000488 0.97106
-0.00033 -0.0566 0.00383 1.0 -0.237588 -0.005411 -0.000473 0.971351
-0.00078 -0.0516 0.00392 1.0 -0.238762 -0.005531 0.000122 0.971062
-0.00086 -0.05627 0.00025 1.0 0.000722 0.008325 0.094769 0.995464


##### Pose: 10 #############################################

0.0 0.0 0.0 1.0 0.0 0.0 0.707107 0.707107
0.0 0.0 0.6234 1.0 0.0 0.0 0.0 1.0
0.0 0.0 0.0 1.0 0.0 0.0 0.0 1.0
-0.28653 0.27117 -0.20212 1.0 -0.288627 -0.098181 -0.846885 0.435707
0.0 0.0 -0.6234 1.0 0.0 0.0 0.0 1.0
0.00313 0.12307 0.0005 1.0 0.637283 -0.174448 0.311266 0.683046
0.00313 -0.12307 0.0005 1.0 -0.038489 -0.953798 0.267829 0.130597
0.00295 0.0 0.10781 1.0 0.074667 -0.004391 -0.365112 0.927954
0.00295 0.0 0.10781 1.0 0.036159 -0.009135 -0.186568 0.981734
0.0 0.0 0.12763 1.0 0.052461 -0.002248 -0.245646 0.967936
-0.00406 0.00155 -0.20992 1.0 -0.069637 0.428629 -0.116364 0.893245
0.00406 -0.00155 0.20992 1.0 0.006888 0.592236 -0.006407 0.80571
-0.00508 0.00195 -0.15497 1.0 -0.008952 0.003478 -0.273363 0.961863
-0.00603 0.00231 -0.184 1.0 0.035001 -0.302586 -0.266187 0.914528
-0.02319 0.09435 0.08792 1.0 -0.01175 -0.008287 -0.023117 0.999629
-0.02727 0.0 0.12737 1.0 -0.141883 0.130211 0.438939 0.877637
0.0051 -0.0019 0.155 1.0 -0.001202 0.000503 -0.03707 0.999312
0.00603 -0.00231 0.184 1.0 -0.276834 -0.344643 -0.028747 0.896525
-0.02319 -0.09435 0.08792 1.0 0.237956 -0.970269 0.014187 0.041876
0.01955 0.0 0.11236 1.0 -0.107349 0.080229 0.607009 0.783313
-0.0012 0.0935 -0.00094 1.0 0.054585 -0.11753 -0.430887 0.893053
0.1367 0.00103 -0.07412 1.0 0.0 -0.024996 0.000244 0.999688
0.0012 -0.0935 0.00094 1.0 -0.296467 0.196357 0.530442 0.769534
-0.1367 -0.00103 0.07412 1.0 0.000691 -0.074892 0.002284 0.997189
0.04184 0.0 0.29363 1.0 0.0 0.0 0.0 1.0
0.0 0.17528 0.00003 1.0 0.075596 0.116797 -0.519653 0.842974
0.21175 -0.00194 0.03537 1.0 0.0 0.0 0.0 1.0
0.01545 -0.00217 0.03772 1.0 0.0 0.0 0.0 1.0
0.20253 -0.00433 0.07298 1.0 0.0 0.0 0.0 1.0
0.0 -0.17528 -0.00003 1.0 -0.001202 -0.100859 0.004592 0.994889
0.21133 -0.00375 0.03157 1.0 0.0 0.0 0.0 1.0
0.00301 0.17235 -0.00005 1.0 0.240425 0.077452 0.048212 0.966371
0.00274 0.18335 0.00113 1.0 0.001215 0.084188 -0.000211 0.996449
-0.00301 -0.17235 0.00005 1.0 0.181968 -0.151821 0.049887 0.970232
-0.00266 -0.18336 -0.00109 1.0 -0.002699 -0.151665 -0.000122 0.988428
0.05434 0.14794 0.03756 1.0 0.005124 -0.022841 -0.269198 0.9628
0.01196 0.15393 0.04553 1.0 -0.178075 0.014685 -0.066914 0.981629
-0.03124 0.14728 0.04113 1.0 -0.33383 -0.039649 0.127215 0.933168
-0.07001 0.1413 0.02956 1.0 -0.482279 -0.160878 0.28645 0.812078
0.09958 0.0939 -0.02147 1.0 -0.350377 -0.168887 -0.38882 0.835184
-0.05434 -0.14794 -0.03756 1.0 0.355391 -0.04333 -0.11186 0.926988
-0.01196 -0.15393 -0.04553 1.0 0.199415 -0.005339 -0.034632 0.979288
0.03124 -0.14728 -0.04113 1.0 0.058247 0.006316 0.068114 0.995956
0.07001 -0.1413 -0.02956 1.0 -0.10798 0.002104 0.163723 0.980577
-0.00249 -0.14826 0.01591 1.0 0.707107 0.0 0.0 0.707107
-0.09958 -0.09391 0.02147 1.0 -0.171131 -0.150781 -0.295309 0.927778
0.00074 0.05825 -0.00249 1.0 -0.243641 0.007079 0.000366 0.96984
0.00034 0.05524 -0.00625 1.0 -0.242736 0.003739 0.002114 0.970083
0.00033 0.0566 -0.00383 1.0 -0.242745 -0.000762 0.000273 0.97009
0.00078 0.0516 -0.00392 1.0 -0.243484 -0.011241 0.000173 0.96984
0.00086 0.05627 -0.00025 1.0 0.106421 0.145527 0.037666 0.982893
-0.00074 -0.05825 0.00249 1.0 -0.237623 0.001007 0.000299 0.971357
-0.00034 -0.05524 0.00625 1.0 -0.238759 0.00578 0.000546 0.971062
-0.00033 -0.0566 0.00383 1.0 -0.237587 -0.005131 -0.000273 0.971353
-0.00078 -0.0516 0.00392 1.0 -0.238762 -0.005531 0.000122 0.971062
-0.00086 -0.05627 0.00025 1.0 0.000722 0.008325 0.094769 0.995464


##### Pose: 11 #############################################

0.0 0.0 0.0 1.0 0.0 0.0 0.707107 0.707107
0.0 0.0 0.6234 1.0 0.0 0.0 0.0 1.0
0.0 0.0 0.0 1.0 0.0 0.0 0.0 1.0
-0.28499 0.26617 -0.21462 1.0 -0.287889 -0.100435 -0.845774 0.437835
0.0 0.0 -0.6234 1.0 0.0 0.0 0.0 1.0
0.00313 0.12307 0.0005 1.0 0.641252 -0.190807 0.305774 0.677415
0.00313 -0.12307 0.0005 1.0 -0.039764 -0.949914 0.279761 0.133477
0.00295 0.0 0.10781 1.0 0.078116 -0.001899 -0.365728 0.927436
0.00295 0.0 0.10781 1.0 0.037845 -0.008517 -0.186571 0.981675
0.0 0.0 0.12763 1.0 0.054676 0.000122 -0.245545 0.967842
-0.00406 0.00155 -0.20992 1.0 -0.067614 0.463845 -0.130054 0.873706
0.00406 -0.00155 0.20992 1.0 0.012172 0.597642 -0.015368 0.801523
-0.00508 0.00195 -0.15497 1.0 -0.008894 0.0034 -0.271137 0.962494
-0.00603 0.00231 -0.184 1.0 0.039278 -0.325468 -0.261392 0.907856
-0.02319 0.09435 0.08792 1.0 -0.003768 -0.008102 -0.023183 0.999691
-0.02727 0.0 0.12737 1.0 -0.148256 0.128758 0.438565 0.876985
0.0051 -0.0019 0.155 1.0 -0.001064 0.000244 -0.041141 0.999153
0.00603 -0.00231 0.184 1.0 -0.289512 -0.350831 -0.031166 0.890016
-0.02319 -0.09435 0.08792 1.0 0.237924 -0.970277 0.014967 0.041595
0.01955 0.0 0.11236 1.0 -0.104471 0.079937 0.604102 0.785975
-0.0012 0.0935 -0.00094 1.0 0.039767 -0.134766 -0.378719 0.914783
0.1367 0.00103 -0.07412 1.0 0.0 -0.024996 0.000244 0.999688
0.0012 -0.0935 0.00094 1.0 -0.296467 0.196357 0.530442 0.769534
-0.1367 -0.00103 0.07412 1.0 0.000691 -0.074892 0.002284 0.997189
0.04184 0.0 0.29363 1.0 0.0 0.0 0.0 1.0
0.0 0.17528 0.00003 1.0 0.084084 0.114309 -0.571807 0.808022
0.21175 -0.00194 0.03537 1.0 0.0 0.0 0.0 1.0
0.01545 -0.00217 0.03772 1.0 0.0 0.0 0.0 1.0
0.20253 -0.00433 0.07298 1.0 0.0 0.0 0.0 1.0
0.0 -0.17528 -0.00003 1.0 -0.003098 -0.10085 0.004784 0.994885
0.21133 -0.00375 0.03157 1.0 0.0 0.0 0.0 1.0
0.00301 0.17235 -0.00005 1.0 0.203326 0.080934 0.050702 0.974442
0.00274 0.18335 0.00113 1.0 0.001085 0.08634 -0.000211 0.996265
-0.00301 -0.17235 0.00005 1.0 0.181968 -0.151821 0.049887 0.970232
-0.00266 -0.18336 -0.00109 1.0 -0.002666 -0.151665 -0.000122 0.988428
0.05434 0.14794 0.03756 1.0 0.005124 -0.022841 -0.269198 0.9628
0.01196 0.15393 0.04553 1.0 -0.178058 0.014931 -0.066959 0.981626
-0.03124 0.14728 0.04113 1.0 -0.33383 -0.039649 0.127215 0.933168
-0.07001 0.1413 0.02956 1.0 -0.482279 -0.160878 0.28645 0.812078
0.09958 0.0939 -0.02147 1.0 -0.351454 -0.166491 -0.382994 0.8379
-0.05434 -0.14794 -0.03756 1.0 0.355003 -0.04201 -0.115155 0.926794
-0.01196 -0.15393 -0.04553 1.0 0.199371 -0.004866 -0.036946 0.979215
0.03124 -0.14728 -0.04113 1.0 0.058042 0.007961 0.072723 0.99563
0.07001 -0.1413 -0.02956 1.0 -0.106767 -0.001744 0.164134 0.980642
-0.00249 -0.14826 0.01591 1.0 0.707107 0.0 0.0 0.707107
-0.09958 -0.09391 0.02147 1.0 -0.171131 -0.150781 -0.295309 0.927778
0.00074 0.05825 -0.00249 1.0 -0.243643 0.007491 0.000646 0.969836
0.00034 0.05524 -0.00625 1.0 -0.242736 0.003902 0.00205 0.970082
0.00033 0.0566 -0.00383 1.0 -0.242745 -0.000762 0.000273 0.97009
0.00078 0.0516 -0.00392 1.0 -0.24349 -0.012084 -0.000323 0.969828
0.00086 0.05627 -0.00025 1.0 0.106421 0.145527 0.037666 0.982893
-0.00074 -0.05825 0.00249 1.0 -0.237624 0.001386 0.000211 0.971356
-0.00034 -0.05524 0.00625 1.0 -0.238755 0.005339 -0.000273 0.971065
-0.00033 -0.0566 0.00383 1.0 -0.237586 -0.004851 -0.000122 0.971354
-0.00078 -0.0516 0.00392 1.0 -0.238765 -0.006114 -0.00044 0.971058
-0.00086 -0.05627 0.00025 1.0 0.000722 0.008325 0.094769 0.995464


##### Pose: 12 #############################################

0.0 0.0 0.0 1.0 0.0 0.0 0.707107 0.707107
0.0 0.0 0.6234 1.0 0.0 0.0 0.0 1.0
0.0 0.0 0.0 1.0 0.0 0.0 0.0 1.0
-0.20454 0.26117 -0.21189 1.0 -0.212489 -0.145178 -0.840526 0.476747
0.0 0.0 -0.6234 1.0 0.0 0.0 0.0 1.0
0.00313 0.12307 0.0005 1.0 0.498378 -0.232857 0.316607 0.772759
0.00313 -0.12307 0.0005 1.0 -0.031652 -0.924664 0.375304 0.056048
0.00295 0.0 0.10781 1.0 0.065242 -0.037378 -0.261132 0.96237
0.00295 0.0 0.10781 1.0 0.029861 -0.022886 -0.132256 0.990501
0.0 0.0 0.12763 1.0 0.026114 -0.012021 -0.1906 0.981247
-0.00406 0.00155 -0.20992 1.0 -0.045001 0.571842 -0.073594 0.815816
0.00406 -0.00155 0.20992 1.0 0.069139 0.560519 -0.083544 0.821011
-0.00508 0.00195 -0.15497 1.0 -0.003565 0.002254 -0.146046 0.989269
-0.00603 0.00231 -0.184 1.0 0.083453 -0.314521 -0.139991 0.935155
-0.02319 0.09435 0.08792 1.0 0.008005 -0.086028 0.072423 0.993625
-0.02727 0.0 0.12737 1.0 -0.142173 0.123019 0.380734 0.90537
0.0051 -0.0019 0.155 1.0 -0.000546 0.0 0.002858 0.999996
0.00603 -0.00231 0.184 1.0 -0.33932 -0.238185 0.011589 0.909943
-0.02319 -0.09435 0.08792 1.0 0.256368 -0.965674 0.018798 0.03736
0.01955 0.0 0.11236 1.0 -0.083405 0.073856 0.549332 0.828144
-0.0012 0.0935 -0.00094 1.0 0.11959 -0.037655 -0.056106 0.990521
0.1367 0.00103 -0.07412 1.0 0.0 -0.024996 0.000244 0.999688
0.0012 -0.0935 0.00094 1.0 -0.254272 0.202864 0.518682 0.790671
-0.1367 -0.00103 0.07412 1.0 0.000691 -0.074892 0.002284 0.997189
0.04184 0.0 0.29363 1.0 0.0 0.0 0.0 1.0
0.0 0.17528 0.00003 1.0 0.072767 0.081018 -0.650324 0.751811
0.21175 -0.00194 0.03537 1.0 0.0 0.0 0.0 1.0
0.01545 -0.00217 0.03772 1.0 0.0 0.0 0.0 1.0
0.20253 -0.00433 0.07298 1.0 0.0 0.0 0.0 1.0
0.0 -0.17528 -0.00003 1.0 -0.022074 -0.110292 -0.149278 0.982377
0.21133 -0.00375 0.03157 1.0 0.0 0.0 0.0 1.0
0.00301 0.17235 -0.00005 1.0 0.105878 0.07166 0.018541 0.99162
0.00274 0.18335 0.00113 1.0 0.000946 0.06182 -0.000244 0.998087
-0.00301 -0.17235 0.00005 1.0 0.162601 -0.129849 0.025703 0.977773
-0.00266 -0.18336 -0.00109 1.0 -0.002543 -0.133019 -0.000173 0.99111
0.05434 0.14794 0.03756 1.0 -0.003385 -0.020192 -0.219654 0.975363
0.01196 0.15393 0.04553 1.0 -0.218099 0.015668 -0.053974 0.974307
-0.03124 0.14728 0.04113 1.0 -0.39792 -0.037024 0.10129 0.911059
-0.07001 0.1413 0.02956 1.0 -0.572361 -0.151816 0.219612 0.775323
0.09958 0.0939 -0.02147 1.0 -0.340171 -0.166852 -0.37623 0.845515
-0.05434 -0.14794 -0.03756 1.0 0.381849 -0.049889 -0.125086 0.914361
-0.01196 -0.15393 -0.04553 1.0 0.219583 -0.008193 -0.040384 0.974723
0.03124 -0.14728 -0.04113 1.0 0.071279 0.008559 0.077452 0.994408
0.07001 -0.1413 -0.02956 1.0 -0.104693 -0.003323 0.184175 0.977296
-0.00249 -0.14826 0.01591 1.0 0.705905 0.041204 0.041204 0.705905
-0.09958 -0.09391 0.02147 1.0 -0.171131 -0.150781 -0.295309 0.927778
0.00074 0.05825 -0.00249 1.0 -0.296539 0.008633 0.000913 0.954981
0.00034 0.05524 -0.00625 1.0 -0.296195 0.004172 0.001744 0.955117
0.00033 0.0566 -0.00383 1.0 -0.296209 -0.000743 0.000323 0.955123
0.00078 0.0516 -0.00392 1.0 -0.296351 -0.014207 -0.000598 0.954973
0.00086 0.05627 -0.00025 1.0 0.102278 0.141394 0.044958 0.983629
-0.00074 -0.05825 0.00249 1.0 -0.246386 0.002241 0.001957 0.969167
-0.00034 -0.05524 0.00625 1.0 -0.246413 0.00422 -0.002487 0.969153
-0.00033 -0.0566 0.00383 1.0 -0.246423 -0.004576 0.000122 0.969152
-0.00078 -0.0516 0.00392 1.0 -0.24645 -0.007889 -0.002505 0.96912
-0.00086 -0.05627 0.00025 1.0 0.000722 0.008325 0.094769 0.995464


##### Pose: 13 #############################################

0.0 0.0 0.0 1.0 0.0 0.0 0.707107 0.707107
0.0 0.0 0.6234 1.0 0.0 0.0 0.0 1.0
0.0 0.0 0.0 1.0 0.0 0.0 0.0 1.0
-0.11176 0.25616 -0.20917 1.0 -0.105846 -0.200104 -0.815192 0.53312
0.0 0.0 -0.6234 1.0 0.0 0.0 0.0 1.0
0.00313 0.12307 0.0005 1.0 0.259633 -0.251061 0.335918 0.869896
0.00313 -0.12307 0.0005 1.0 -0.052626 -0.857841 0.509652 0.039912
0.00295 0.0 0.10781 1.0 0.010841 -0.047842 -0.120021 0.991559
0.00295 0.0 0.10781 1.0 0.003066 -0.027868 -0.06077 0.997758
0.0 0.0 0.12763 1.0 -0.019042 -0.011711 -0.111846 0.993474
-0.00406 0.00155 -0.20992 1.0 0.035238 0.559528 -0.005842 0.828041
0.00406 -0.00155 0.20992 1.0 0.1009 0.445515 -0.173081 0.87257
-0.00508 0.00195 -0.15497 1.0 0.003138 -0.001202 0.095734 0.995401
-0.00603 0.00231 -0.184 1.0 -0.001215 -0.149625 0.098237 0.98385
-0.02319 0.09435 0.08792 1.0 0.042994 -0.187392 0.197122 0.961342
-0.02727 0.0 0.12737 1.0 -0.115238 0.124706 0.310728 0.935209
0.0051 -0.0019 0.155 1.0 -0.000173 -0.000173 0.0159 0.999874
0.00603 -0.00231 0.184 1.0 -0.352266 -0.081617 0.025612 0.931983
-0.02319 -0.09435 0.08792 1.0 0.293125 -0.955321 0.025308 0.028267
0.01955 0.0 0.11236 1.0 -0.052562 0.058657 0.48365 0.871711
-0.0012 0.0935 -0.00094 1.0 0.125462 0.139566 0.371248 0.909371
0.1367 0.00103 -0.07412 1.0 0.0 -0.024996 0.000244 0.999688
0.0012 -0.0935 0.00094 1.0 -0.158543 0.204471 0.455956 0.851563
-0.1367 -0.00103 0.07412 1.0 0.000691 -0.074892 0.002284 0.997189
0.04184 0.0 0.29363 1.0 0.0 0.0 0.0 1.0
0.0 0.17528 0.00003 1.0 0.043448 0.042804 -0.709033 0.702533
0.21175 -0.00194 0.03537 1.0 0.0 0.0 0.0 1.0
0.01545 -0.00217 0.03772 1.0 0.0 0.0 0.0 1.0
0.20253 -0.00433 0.07298 1.0 0.0 0.0 0.0 1.0
0.0 -0.17528 -0.00003 1.0 -0.063542 -0.120498 -0.432226 0.891417
0.21133 -0.00375 0.03157 1.0 0.0 0.0 0.0 1.0
0.00301 0.17235 -0.00005 1.0 0.007015 0.044997 -0.030394 0.9985
0.00274 0.18335 0.00113 1.0 0.0008 0.037262 -0.000273 0.999305
-0.00301 -0.17235 0.00005 1.0 0.11323 -0.083487 -0.025867 0.989717
-0.00266 -0.18336 -0.00109 1.0 -0.002414 -0.092981 -0.000273 0.995665
0.05434 0.14794 0.03756 1.0 -0.041027 -0.013148 -0.169409 0.984604
0.01196 0.15393 0.04553 1.0 -0.287241 0.01694 -0.040982 0.956831
-0.03124 0.14728 0.04113 1.0 -0.487189 -0.033001 0.073762 0.86955
-0.07001 0.1413 0.02956 1.0 -0.678694 -0.134729 0.151893 0.705798
0.09958 0.09391 -0.02147 1.0 -0.314676 -0.156104 -0.330004 0.876189
-0.05434 -0.14794 -0.03756 1.0 0.433778 -0.06344 -0.155921 0.885156
-0.01196 -0.15393 -0.04553 1.0 0.258582 -0.009026 -0.049673 0.964669
0.03124 -0.14728 -0.04113 1.0 0.08516 0.007537 0.097996 0.991508
0.07001 -0.1413 -0.02956 1.0 -0.109136 -0.009158 0.229615 0.9671
-0.00249 -0.14826 0.01591 1.0 0.702305 0.082268 0.082268 0.702305
-0.09958 -0.09391 0.02147 1.0 -0.174907 -0.151982 -0.294693 0.927074
0.00074 0.05825 -0.00249 1.0 -0.376192 0.010265 0.000984 0.926484
0.00034 0.05524 -0.00625 1.0 -0.375859 0.004457 0.001298 0.926665
0.00033 0.0566 -0.00383 1.0 -0.37588 -0.000712 0.000386 0.926668
0.00078 0.0516 -0.00392 1.0 -0.375951 -0.017037 -0.000457 0.926483
0.00086 0.05627 -0.00025 1.0 0.090765 0.130837 0.06727 0.984946
-0.00074 -0.05825 0.00249 1.0 -0.262265 0.00315 0.00369 0.964984
-0.00034 -0.05524 0.00625 1.0 -0.257873 0.002376 -0.005961 0.966158
-0.00033 -0.0566 0.00383 1.0 -0.262373 -0.004293 0.00044 0.964957
-0.00078 -0.0516 0.00392 1.0 -0.257959 -0.010686 -0.006527 0.966075
-0.00086 -0.05627 0.00025 1.0 0.000722 0.008325 0.094769 0.995464


##### Pose: 14 #############################################

0.0 0.0 0.0 1.0 0.0 0.0 0.707107 0.707107
0.0 0.0 0.6234 1.0 0.0 0.0 0.0 1.0
0.0 0.0 0.0 1.0 0.0 0.0 0.0 1.0
-0.06064 0.22685 -0.19837 1.0 -0.026457 -0.22702 -0.783874 0.577324
0.0 0.0 -0.6234 1.0 0.0 0.0 0.0 1.0
0.00313 0.12307 0.0005 1.0 0.101709 -0.234888 0.325329 0.910299
0.00313 -0.12307 0.0005 1.0 -0.106969 -0.789014 0.595083 0.109044
0.00295 0.0 0.10781 1.0 -0.057374 -0.04055 -0.022496 0.997275
0.00295 0.0 0.10781 1.0 -0.029015 -0.020064 -0.011816 0.999308
0.0 0.0 0.12763 1.0 -0.048198 0.008081 -0.042028 0.997921
-0.00406 0.00155 -0.20992 1.0 0.060362 0.505403 0.042295 0.85973
0.00406 -0.00155 0.20992 1.0 0.0745 0.302435 -0.209751 0.926816
-0.00508 0.00195 -0.15497 1.0 0.003837 -0.001709 0.208189 0.97808
-0.00603 0.00231 -0.184 1.0 -0.045209 -0.049352 0.208802 0.975665
-0.02319 0.09435 0.08792 1.0 0.077165 -0.244381 0.271256 0.927763
-0.02727 0.0 0.12737 1.0 -0.077703 0.119647 0.265788 0.953417
0.0051 -0.0019 0.155 1.0 -0.000299 0.000173 -0.003662 0.999993
0.00603 -0.00231 0.184 1.0 -0.329812 -0.014058 0.007826 0.94391
-0.02319 -0.09435 0.08792 1.0 0.321959 -0.946241 0.025089 0.01846
0.01955 0.0 0.11236 1.0 -0.02691 0.034077 0.440855 0.896527
-0.0012 0.0935 -0.00094 1.0 0.045726 0.218818 0.613258 0.75759
0.1367 0.00103 -0.07412 1.0 0.0 -0.024996 0.000244 0.999688
0.0012 -0.0935 0.00094 1.0 -0.104655 0.18912 0.297672 0.929878
-0.1367 -0.00103 0.07412 1.0 0.000691 -0.074892 0.002284 0.997189
0.04184 0.0 0.29363 1.0 0.0 0.0 0.0 1.0
0.0 0.17528 0.00003 1.0 0.016566 0.013433 -0.762015 0.647208
0.21175 -0.00194 0.03537 1.0 0.0 0.0 0.0 1.0
0.01545 -0.00217 0.03772 1.0 0.0 0.0 0.0 1.0
0.20253 -0.00433 0.07298 1.0 0.0 0.0 0.0 1.0
0.0 -0.17528 -0.00003 1.0 -0.102627 -0.126912 -0.593722 0.787944
0.21133 -0.00375 0.03157 1.0 0.0 0.0 0.0 1.0
0.00301 0.17235 -0.00005 1.0 -0.076036 0.014401 -0.073431 0.994293
0.00274 0.18335 0.00113 1.0 0.000669 0.01318 -0.000299 0.999913
-0.00301 -0.17235 0.00005 1.0 0.056793 -0.043801 -0.071516 0.994858
-0.00266 -0.18336 -0.00109 1.0 -0.002274 -0.055584 -0.000366 0.998451
0.05434 0.14794 0.03756 1.0 -0.147998 0.009163 -0.177556 0.972875
0.01196 0.15393 0.04553 1.0 -0.361013 0.022995 -0.04314 0.931279
-0.03124 0.14728 0.04113 1.0 -0.530526 -0.039015 0.076567 0.843302
-0.07001 0.1413 0.02956 1.0 -0.689586 -0.147676 0.160088 0.690677
0.09958 0.0939 -0.02147 1.0 -0.27808 -0.144148 -0.284637 0.906021
-0.05434 -0.14794 -0.03756 1.0 0.482062 -0.072989 -0.188563 0.852486
-0.01196 -0.15393 -0.04553 1.0 0.297028 -0.009107 -0.059074 0.952996
0.03124 -0.14728 -0.04113 1.0 0.098966 0.00496 0.118384 0.988011
0.07001 -0.1413 -0.02956 1.0 -0.111927 -0.013796 0.274591 0.954925
-0.00249 -0.14826 0.01591 1.0 0.696318 0.123052 0.123052 0.696318
-0.09958 -0.09391 0.02147 1.0 -0.16955 -0.1245 -0.257088 0.943217
0.00074 0.05825 -0.00249 1.0 -0.435433 0.011985 0.001007 0.900141
0.00034 0.05524 -0.00625 1.0 -0.43492 0.004677 0.000913 0.900456
0.00033 0.0566 -0.00383 1.0 -0.434946 -0.00068 0.00044 0.900456
0.00078 0.0516 -0.00392 1.0 -0.435158 -0.019992 -0.000273 0.900132
0.00086 0.05627 -0.00025 1.0 0.074421 0.113712 0.100374 0.985625
-0.00074 -0.05825 0.00249 1.0 -0.278073 0.004122 0.00539 0.960536
-0.00034 -0.05524 0.00625 1.0 -0.271833 0.000366 -0.009791 0.962295
-0.00033 -0.0566 0.00383 1.0 -0.278252 -0.004006 0.00068 0.9605
-0.00078 -0.0516 0.00392 1.0 -0.27198 -0.013853 -0.010853 0.962142
-0.00086 -0.05627 0.00025 1.0 0.002373 0.008466 0.12911 0.991591


##### Pose: 15 #############################################

0.0 0.0 0.0 1.0 0.0 0.0 0.707107 0.707107
0.0 0.0 0.6234 1.0 0.0 0.0 0.0 1.0
0.0 0.0 0.0 1.0 0.0 0.0 0.0 1.0
-0.026 0.19754 -0.17335 1.0 0.006635 -0.214626 -0.760819 0.61241
0.0 0.0 -0.6234 1.0 0.0 0.0 0.0 1.0
0.00313 0.12307 0.0005 1.0 0.030935 -0.19529 0.317908 0.927275
0.00313 -0.12307 0.0005 1.0 -0.062376 -0.838261 0.532911 0.097126
0.00295 0.0 0.10781 1.0 -0.090965 -0.006953 0.023495 0.995553
0.00295 0.0 0.10781 1.0 -0.053566 -0.004002 0.011553 0.99849
0.0 0.0 0.12763 1.0 -0.054477 0.031384 0.013022 0.997937
-0.00406 0.00155 -0.20992 1.0 0.032978 0.476296 0.079028 0.875105
0.00406 -0.00155 0.20992 1.0 0.077813 0.389276 -0.168289 0.902268
-0.00508 0.00195 -0.15497 1.0 0.004483 -0.001798 0.187049 0.982339
-0.00603 0.00231 -0.184 1.0 -0.011939 -0.113112 0.184988 0.976137
-0.02319 0.09435 0.08792 1.0 0.073014 -0.236451 0.265139 0.931913
-0.02727 0.0 0.12737 1.0 -0.046119 0.096341 0.234087 0.966331
0.0051 -0.0019 0.155 1.0 -0.001343 0.000819 -0.041957 0.999118
0.00603 -0.00231 0.184 1.0 -0.286732 -0.130105 -0.031569 0.94861
-0.02319 -0.09435 0.08792 1.0 -0.340302 0.940204 -0.011879 -0.008357
0.01955 0.0 0.11236 1.0 -0.006798 -0.003598 0.413961 0.910262
-0.0012 0.0935 -0.00094 1.0 0.008529 0.141471 0.617011 0.774087
0.1367 0.00103 -0.07412 1.0 0.0 -0.024996 0.000244 0.999688
0.0012 -0.0935 0.00094 1.0 -0.020599 0.108346 -0.036365 0.993234
-0.1367 -0.00103 0.07412 1.0 0.000691 -0.074892 0.002284 0.997189
0.04184 0.0 0.29363 1.0 0.0 0.0 0.0 1.0
0.0 0.17528 0.00003 1.0 -0.00199 -0.002029 -0.718342 0.695684
0.21175 -0.00194 0.03537 1.0 0.0 0.0 0.0 1.0
0.01545 -0.00217 0.03772 1.0 0.0 0.0 0.0 1.0
0.20253 -0.00433 0.07298 1.0 0.0 0.0 0.0 1.0
0.0 -0.17528 -0.00003 1.0 -0.107307 -0.158879 -0.530996 0.8254
0.21133 -0.00375 0.03157 1.0 0.0 0.0 0.0 1.0
0.00301 0.17235 -0.00005 1.0 -0.109109 0.000634 -0.081834 0.990655
0.00274 0.18335 0.00113 1.0 0.000546 0.001802 -0.000299 0.999998
-0.00301 -0.17235 0.00005 1.0 -0.002978 -0.012558 -0.107577 0.994113
-0.00266 -0.18336 -0.00109 1.0 -0.002139 -0.022365 -0.00044 0.999748
0.05434 0.14794 0.03756 1.0 -0.291429 0.046137 -0.190941 0.936206
0.01196 0.15393 0.04553 1.0 -0.440216 0.029831 -0.046867 0.896172
-0.03124 0.14728 0.04113 1.0 -0.556001 -0.047676 0.084622 0.825487
-0.07001 0.1413 0.02956 1.0 -0.662486 -0.162301 0.185914 0.707253
0.09958 0.0939 -0.02147 1.0 -0.245075 -0.117724 -0.22911 0.934659
-0.05434 -0.14794 -0.03756 1.0 0.487694 -0.088693 -0.218627 0.84053
-0.01196 -0.15393 -0.04553 1.0 0.300269 -0.010934 -0.068187 0.951351
0.03124 -0.14728 -0.04113 1.0 0.112601 0.001782 0.138662 0.983916
0.07001 -0.1413 -0.02956 1.0 -0.113039 -0.017188 0.318956 0.940848
-0.00249 -0.14826 0.01591 1.0 0.69158 0.147368 0.147368 0.69158
-0.09958 -0.09391 0.02147 1.0 -0.195522 -0.056591 -0.141099 0.968844
0.00074 0.05825 -0.00249 1.0 -0.488054 0.013458 0.000743 0.872709
0.00034 0.05524 -0.00625 1.0 -0.48757 0.004683 0.000598 0.873071
0.00033 0.0566 -0.00383 1.0 -0.4876 -0.000646 0.000488 0.873067
0.00078 0.0516 -0.00392 1.0 -0.487746 -0.022315 0.000211 0.8727
0.00086 0.05627 -0.00025 1.0 0.0571 0.091459 0.14033 0.984217
-0.00074 -0.05825 0.00249 1.0 -0.293806 0.005143 0.007062 0.955825
-0.00034 -0.05524 0.00625 1.0 -0.294564 -0.001177 -0.01249 0.955549
-0.00033 -0.0566 0.00383 1.0 -0.294055 -0.003713 0.000905 0.955781
-0.00078 -0.0516 0.00392 1.0 -0.293506 -0.016851 -0.014043 0.955706
-0.00086 -0.05627 0.00025 1.0 0.003136 0.007858 0.242095 0.970216


##### Pose: 16 #############################################

0.0 0.0 0.0 1.0 0.0 0.0 0.707107 0.707107
0.0 0.0 0.6234 1.0 0.0 0.0 0.0 1.0
0.0 0.0 0.0 1.0 0.0 0.0 0.0 1.0
-0.00823 0.15814 -0.14833 1.0 0.016096 -0.174768 -0.738006 0.651571
0.0 0.0 -0.6234 1.0 0.0 0.0 0.0 1.0
0.00313 0.12307 0.0005 1.0 -0.004428 -0.14746 0.309295 0.939453
0.00313 -0.12307 0.0005 1.0 -0.043839 0.914696 -0.396257 0.066255
0.00295 0.0 0.10781 1.0 -0.126579 0.026342 0.04019 0.990792
0.00295 0.0 0.10781 1.0 -0.063786 0.012019 0.023777 0.997608
0.0 0.0 0.12763 1.0 -0.053289 0.043642 0.047208 0.996507
-0.00406 0.00155 -0.20992 1.0 0.019834 0.450204 0.09333 0.887813
0.00406 -0.00155 0.20992 1.0 0.072781 0.588597 -0.103203 0.798502
-0.00508 0.00195 -0.15497 1.0 0.005128 -0.001823 0.158437 0.987354
-0.00603 0.00231 -0.184 1.0 -0.003255 -0.185586 0.152581 0.970704
-0.02319 0.09435 0.08792 1.0 0.048636 -0.191614 0.216588 0.956038
-0.02727 0.0 0.12737 1.0 -0.025025 0.071339 0.205675 0.975696
0.0051 -0.0019 0.155 1.0 -0.003157 0.00132 -0.10454 0.994515
0.00603 -0.00231 0.184 1.0 -0.210316 -0.279237 -0.094603 0.932118
-0.02319 -0.09435 0.08792 1.0 -0.332653 0.943046 0.002546 0.0
0.01955 0.0 0.11236 1.0 0.00666 -0.039934 0.390522 0.919703
-0.0012 0.0935 -0.00094 1.0 -0.02978 -0.004225 0.502315 0.864162
0.1367 0.00103 -0.07412 1.0 0.0 -0.024996 0.000244 0.999688
0.0012 -0.0935 0.00094 1.0 -0.044872 0.061092 -0.348099 0.934388
-0.1367 -0.00103 0.07412 1.0 0.000691 -0.074892 0.002284 0.997189
0.04184 0.0 0.29363 1.0 0.0 0.0 0.0 1.0
0.0 0.17528 0.00003 1.0 -0.010038 -0.011865 -0.630134 0.776331
0.21175 -0.00194 0.03537 1.0 0.0 0.0 0.0 1.0
0.01545 -0.00217 0.03772 1.0 0.0 0.0 0.0 1.0
0.20253 -0.00433 0.07298 1.0 0.0 0.0 0.0 1.0
0.0 -0.17528 -0.00003 1.0 -0.101334 -0.198899 -0.418354 0.880426
0.21133 -0.00375 0.03157 1.0 0.0 0.0 0.0 1.0
0.00301 0.17235 -0.00005 1.0 -0.142187 -0.013665 -0.089394 0.9857
0.00274 0.18335 0.00113 1.0 0.000386 -0.009579 -0.000299 0.999954
-0.00301 -0.17235 0.00005 1.0 -0.055807 -0.004567 -0.125272 0.990541
-0.00266 -0.18336 -0.00109 1.0 -0.00201 -0.008217 -0.000473 0.999964
0.05434 0.14794 0.03756 1.0 -0.362741 0.063002 -0.190335 0.910067
0.01196 0.15393 0.04553 1.0 -0.470722 0.031868 -0.046612 0.880473
-0.03124 0.14728 0.04113 1.0 -0.554113 -0.049148 0.086669 0.826457
-0.07001 0.1413 0.02956 1.0 -0.628793 -0.157799 0.19862 0.73503
0.09958 0.0939 -0.02147 1.0 -0.209759 -0.094971 -0.17112 0.957966
-0.05434 -0.14794 -0.03756 1.0 0.430644 -0.107316 -0.212999 0.870437
-0.01196 -0.15393 -0.04553 1.0 0.244775 -0.008206 -0.074038 0.966714
0.03124 -0.14728 -0.04113 1.0 0.063072 0.009632 0.139095 0.988222
0.07001 -0.1413 -0.02956 1.0 -0.149123 -0.015871 0.322809 0.934508
-0.00249 -0.14826 0.01591 1.0 0.685993 0.171504 0.171503 0.685993
-0.09958 -0.09391 0.02147 1.0 -0.233707 0.024183 -0.028831 0.971579
0.00074 0.05825 -0.00249 1.0 -0.501425 0.014283 0.000712 0.865083
0.00034 0.05524 -0.00625 1.0 -0.501612 0.004653 0.000503 0.86508
0.00033 0.0566 -0.00383 1.0 -0.501643 -0.00064 0.000496 0.865074
0.00078 0.0516 -0.00392 1.0 -0.501109 -0.023167 0.000334 0.865074
0.00086 0.05627 -0.00025 1.0 0.040267 0.067771 0.182908 0.979964
-0.00074 -0.05825 0.00249 1.0 -0.325647 0.006373 0.008592 0.945431
-0.00034 -0.05524 0.00625 1.0 -0.325868 -0.00147 -0.012917 0.945326
-0.00033 -0.0566 0.00383 1.0 -0.325883 -0.004223 0.00146 0.9454
-0.00078 -0.0516 0.00392 1.0 -0.326092 -0.018887 -0.01444 0.945039
-0.00086 -0.05627 0.00025 1.0 0.003636 0.006665 0.351877 0.936015


##### Pose: 17 #############################################

0.0 0.0 0.0 1.0 0.0 0.0 0.707107 0.707107
0.0 0.0 0.6234 1.0 0.0 0.0 0.0 1.0
0.0 0.0 0.0 1.0 0.0 0.0 0.0 1.0
0.00954 0.11874 -0.13828 1.0 0.01926 -0.128982 -0.718257 0.683447
0.0 0.0 -0.6234 1.0 0.0 0.0 0.0 1.0
0.00313 0.12307 0.0005 1.0 -0.001208 -0.114133 0.305933 0.945186
0.00313 -0.12307 0.0005 1.0 -0.098846 0.923244 -0.292972 0.228073
0.00295 0.0 0.10781 1.0 -0.098086 0.043129 0.0597 0.992449
0.00295 0.0 0.10781 1.0 -0.054607 0.020962 0.030423 0.997824
0.0 0.0 0.12763 1.0 -0.044698 0.04542 0.054679 0.996469
-0.00406 0.00155 -0.20992 1.0 0.016364 0.457228 0.086509 0.884981
0.00406 -0.00155 0.20992 1.0 0.036357 0.647797 -0.058201 0.758716
-0.00508 0.00195 -0.15497 1.0 0.004723 -0.001669 0.129694 0.991541
-0.00603 0.00231 -0.184 1.0 -0.016076 -0.269513 0.120662 0.955272
-0.02319 0.09435 0.08792 1.0 0.027443 -0.142612 0.161153 0.976186
-0.02727 0.0 0.12737 1.0 -0.014821 0.062454 0.194353 0.978829
0.0051 -0.0019 0.155 1.0 -0.004717 0.001577 -0.156256 0.987704
0.00603 -0.00231 0.184 1.0 -0.155021 -0.304091 -0.144663 0.928746
-0.02319 -0.09435 0.08792 1.0 -0.260846 0.965355 0.006724 0.00198
0.01955 0.0 0.11236 1.0 0.01258 -0.058166 0.381394 0.922495
-0.0012 0.0935 -0.00094 1.0 -0.100709 -0.126716 0.386821 0.907838
0.1367 0.00103 -0.07412 1.0 0.0 -0.024996 0.000244 0.999688
0.0012 -0.0935 0.00094 1.0 -0.095814 0.082974 -0.420614 0.898342
-0.1367 -0.00103 0.07412 1.0 0.000691 -0.074892 0.002284 0.997189
0.04184 0.0 0.29363 1.0 0.0 0.0 0.0 1.0
0.0 0.17528 0.00003 1.0 -0.015521 -0.020497 -0.586931 0.809229
0.21175 -0.00194 0.03537 1.0 0.0 0.0 0.0 1.0
0.01545 -0.00217 0.03772 1.0 0.0 0.0 0.0 1.0
0.20253 -0.00433 0.07298 1.0 0.0 0.0 0.0 1.0
0.0 -0.17528 -0.00003 1.0 -0.105456 -0.222025 -0.393912 0.885673
0.21133 -0.00375 0.03157 1.0 0.0 0.0 0.0 1.0
0.00301 0.17235 -0.00005 1.0 -0.152553 -0.01543 -0.085253 0.98449
0.00274 0.18335 0.00113 1.0 0.000244 -0.011831 -0.000299 0.99993
-0.00301 -0.17235 0.00005 1.0 -0.080724 -0.041221 -0.104662 0.990369
-0.00266 -0.18336 -0.00109 1.0 -0.001903 -0.041407 -0.000405 0.999141
0.05434 0.14794 0.03756 1.0 -0.378013 0.062354 -0.171185 0.907697
0.01196 0.15393 0.04553 1.0 -0.463477 0.02995 -0.042129 0.8846
-0.03124 0.14728 0.04113 1.0 -0.528463 -0.043148 0.079606 0.844114
-0.07001 0.1413 0.02956 1.0 -0.589257 -0.137343 0.183638 0.774719
0.09958 0.0939 -0.02147 1.0 -0.20085 -0.068993 -0.110932 0.970872
-0.05434 -0.14794 -0.03756 1.0 0.227784 -0.125817 -0.149065 0.953973
-0.01196 -0.15393 -0.04553 1.0 0.063804 -0.017852 -0.056269 0.996215
0.03124 -0.14728 -0.04113 1.0 -0.080513 0.02852 0.108686 0.9904
0.07001 -0.1413 -0.02956 1.0 -0.249914 0.013771 0.262212 0.931986
-0.00249 -0.14826 0.01591 1.0 0.692547 0.142751 0.142751 0.692548
-0.09958 -0.09391 0.02147 1.0 -0.280037 0.095384 0.097669 0.950233
0.00074 0.05825 -0.00249 1.0 -0.484217 0.014139 0.000819 0.874833
0.00034 0.05524 -0.00625 1.0 -0.476443 0.004597 0.000622 0.879193
0.00033 0.0566 -0.00383 1.0 -0.476473 -0.000657 0.000473 0.879189
0.00078 0.0516 -0.00392 1.0 -0.48391 -0.022557 0.000173 0.874827
0.00086 0.05627 -0.00025 1.0 0.027022 0.043431 0.223671 0.973321
-0.00074 -0.05825 0.00249 1.0 -0.38221 0.007977 0.009834 0.923989
-0.00034 -0.05524 0.00625 1.0 -0.382539 0.000211 -0.010282 0.923882
-0.00033 -0.0566 0.00383 1.0 -0.382426 -0.004639 0.002184 0.923972
-0.00078 -0.0516 0.00392 1.0 -0.382731 -0.019245 -0.011011 0.923594
-0.00086 -0.05627 0.00025 1.0 0.003816 0.004903 0.457 0.889445


##### Pose: 18 #############################################

0.0 0.0 0.0 1.0 0.0 0.0 0.707107 0.707107
0.0 0.0 0.6234 1.0 0.0 0.0 0.0 1.0
0.0 0.0 0.0 1.0 0.0 0.0 0.0 1.0
0.02731 0.07934 -0.12824 1.0 0.010992 -0.078787 -0.699282 0.710406
0.0 0.0 -0.6234 1.0 0.0 0.0 0.0 1.0
0.00313 0.12307 0.0005 1.0 0.022722 -0.09139 0.305799 0.947427
0.00313 -0.12307 0.0005 1.0 -0.100646 0.933607 -0.252705 0.233213
0.00295 0.0 0.10781 1.0 -0.068524 0.044691 0.062763 0.99467
0.00295 0.0 0.10781 1.0 -0.035781 0.025181 0.033281 0.998488
0.0 0.0 0.12763 1.0 -0.032859 0.042505 0.054086 0.99709
-0.00406 0.00155 -0.20992 1.0 0.0167 0.453788 0.076054 0.887701
0.00406 -0.00155 0.20992 1.0 0.011578 0.606698 -0.031737 0.794214
-0.00508 0.00195 -0.15497 1.0 0.0043 -0.00145 0.100841 0.994892
-0.00603 0.00231 -0.184 1.0 -0.031766 -0.333294 0.089883 0.937991
-0.02319 0.09435 0.08792 1.0 0.010872 -0.087902 0.098937 0.991144
-0.02727 0.0 0.12737 1.0 -0.010582 0.061728 0.190228 0.97974
0.0051 -0.0019 0.155 1.0 -0.005279 0.001891 -0.161892 0.986793
0.00603 -0.00231 0.184 1.0 -0.149695 -0.31442 -0.150662 0.92522
-0.02319 -0.09435 0.08792 1.0 -0.148492 0.9889 0.005014 0.001329
0.01955 0.0 0.11236 1.0 0.012389 -0.067604 0.375897 0.924109
-0.0012 0.0935 -0.00094 1.0 -0.188654 -0.215201 0.307642 0.907444
0.1367 0.00103 -0.07412 1.0 0.0 -0.024996 0.000244 0.999688
0.0012 -0.0935 0.00094 1.0 -0.157649 0.129435 -0.392921 0.896664
-0.1367 -0.00103 0.07412 1.0 0.000691 -0.074892 0.002284 0.997189
0.04184 0.0 0.29363 1.0 0.0 0.0 0.0 1.0
0.0 0.17528 0.00003 1.0 -0.021967 -0.023901 -0.663164 0.74777
0.21175 -0.00194 0.03537 1.0 0.0 0.0 0.0 1.0
0.01545 -0.00217 0.03772 1.0 0.0 0.0 0.0 1.0
0.20253 -0.00433 0.07298 1.0 0.0 0.0 0.0 1.0
0.0 -0.17528 -0.00003 1.0 -0.111848 -0.231697 -0.401116 0.879154
0.21133 -0.00375 0.03157 1.0 0.0 0.0 0.0 1.0
0.00301 0.17235 -0.00005 1.0 -0.162895 -0.01711 -0.081084 0.983157
0.00274 0.18335 0.00113 1.0 0.000173 -0.014083 -0.000299 0.999901
-0.00301 -0.17235 0.00005 1.0 -0.098042 -0.100597 -0.065204 0.987935
-0.00266 -0.18336 -0.00109 1.0 -0.001794 -0.080427 -0.000345 0.996759
0.05434 0.14794 0.03756 1.0 -0.369891 0.04922 -0.142429 0.916773
0.01196 0.15393 0.04553 1.0 -0.436565 0.025694 -0.035949 0.898587
-0.03124 0.14728 0.04113 1.0 -0.491186 -0.032666 0.067532 0.867818
-0.07001 0.1413 0.02956 1.0 -0.543168 -0.10772 0.1587 0.817422
0.09958 0.0939 -0.02147 1.0 -0.19261 -0.043206 -0.049909 0.979052
-0.05434 -0.14794 -0.03756 1.0 0.014286 -0.114899 -0.086015 0.989543
-0.01196 -0.15393 -0.04553 1.0 -0.111823 -0.015799 -0.036401 0.992936
0.03124 -0.14728 -0.04113 1.0 -0.214915 0.031434 0.075347 0.973214
0.07001 -0.1413 -0.02956 1.0 -0.33924 0.031197 0.19108 0.92056
-0.00249 -0.14826 0.01591 1.0 0.699389 0.10419 0.10419 0.699389
-0.09958 -0.09391 0.02147 1.0 -0.358807 0.135677 0.191858 0.903349
0.00074 0.05825 -0.00249 1.0 -0.451196 0.013294 0.000837 0.892326
0.00034 0.05524 -0.00625 1.0 -0.450878 0.004536 0.000722 0.892574
0.00033 0.0566 -0.00383 1.0 -0.450906 -0.000669 0.000457 0.892571
0.00078 0.0516 -0.00392 1.0 -0.450909 -0.021228 0.0 0.892317
0.00086 0.05627 -0.00025 1.0 0.017795 0.022109 0.258047 0.965715
-0.00074 -0.05825 0.00249 1.0 -0.428846 0.007585 0.00666 0.903321
-0.00034 -0.05524 0.00625 1.0 -0.45669 0.004672 -0.004679 0.889601
-0.00033 -0.0566 0.00383 1.0 -0.428974 -0.005628 0.001619 0.903298
-0.00078 -0.0516 0.00392 1.0 -0.456795 -0.017457 -0.005565 0.889383
-0.00086 -0.05627 0.00025 1.0 0.006053 0.006011 0.518641 0.85495


##### Pose: 19 #############################################

0.0 0.0 0.0 1.0 0.0 0.0 0.707107 0.707107
0.0 0.0 0.6234 1.0 0.0 0.0 0.0 1.0
0.0 0.0 0.0 1.0 0.0 0.0 0.0 1.0
0.04508 0.03994 -0.12711 1.0 0.006922 -0.060082 -0.688938 0.722293
0.0 0.0 -0.6234 1.0 0.0 0.0 0.0 1.0
0.00313 0.12307 0.0005 1.0 0.035319 -0.073757 0.306207 0.948446
0.00313 -0.12307 0.0005 1.0 -0.096612 0.946248 -0.24636 0.185977
0.00295 0.0 0.10781 1.0 -0.051289 0.046919 0.065393 0.995436
0.00295 0.0 0.10781 1.0 -0.027142 0.025855 0.034351 0.998707
0.0 0.0 0.12763 1.0 -0.026612 0.040364 0.052001 0.997476
-0.00406 0.00155 -0.20992 1.0 0.017835 0.448967 0.065853 0.89094
0.00406 -0.00155 0.20992 1.0 0.005021 0.570397 -0.021774 0.821065
-0.00508 0.00195 -0.15497 1.0 0.003889 -0.00132 0.093307 0.995629
-0.00603 0.00231 -0.184 1.0 -0.045012 -0.351299 0.083181 0.931474
-0.02319 0.09435 0.08792 1.0 0.005356 -0.058104 0.065359 0.996154
-0.02727 0.0 0.12737 1.0 -0.010189 0.062981 0.190256 0.979659
0.0051 -0.0019 0.155 1.0 -0.005117 0.001965 -0.154649 0.987954
0.00603 -0.00231 0.184 1.0 -0.152043 -0.323904 -0.143323 0.922728
-0.02319 -0.09435 0.08792 1.0 -0.096931 0.995285 0.003411 0.000752
0.01955 0.0 0.11236 1.0 0.010791 -0.068755 0.375483 0.924213
-0.0012 0.0935 -0.00094 1.0 -0.23597 -0.242979 0.27375 0.900189
0.1367 0.00103 -0.07412 1.0 0.0 -0.024996 0.000244 0.999688
0.0012 -0.0935 0.00094 1.0 -0.188651 0.14119 -0.361358 0.902162
-0.1367 -0.00103 0.07412 1.0 0.000691 -0.074892 0.002284 0.997189
0.04184 0.0 0.29363 1.0 0.0 0.0 0.0 1.0
0.0 0.17528 0.00003 1.0 -0.024309 -0.023349 -0.72186 0.691218
0.21175 -0.00194 0.03537 1.0 0.0 0.0 0.0 1.0
0.01545 -0.00217 0.03772 1.0 0.0 0.0 0.0 1.0
0.20253 -0.00433 0.07298 1.0 0.0 0.0 0.0 1.0
0.0 -0.17528 -0.00003 1.0 -0.118427 -0.241209 -0.408182 0.872457
0.21133 -0.00375 0.03157 1.0 0.0 0.0 0.0 1.0
0.00301 0.17235 -0.00005 1.0 -0.162238 -0.017618 -0.075706 0.983685
0.00274 0.18335 0.00113 1.0 0.0 -0.016336 -0.000299 0.999867
-0.00301 -0.17235 0.00005 1.0 -0.105101 -0.128575 -0.046593 0.985013
-0.00266 -0.18336 -0.00109 1.0 -0.002149 -0.119324 -0.000244 0.992853
0.05434 0.14794 0.03756 1.0 -0.360412 0.042219 -0.129547 0.922788
0.01196 0.15393 0.04553 1.0 -0.42237 0.023172 -0.033118 0.905522
-0.03124 0.14728 0.04113 1.0 -0.473688 -0.02794 0.062501 0.878028
-0.07001 0.1413 0.02956 1.0 -0.524186 -0.093383 0.147291 0.833555
0.09958 0.0939 -0.02147 1.0 -0.185144 -0.017847 0.011675 0.98248
-0.05434 -0.14794 -0.03756 1.0 -0.205914 -0.083454 -0.036851 0.974308
-0.01196 -0.15393 -0.04553 1.0 -0.284537 -0.007654 -0.019491 0.958436
0.03124 -0.14728 -0.04113 1.0 -0.346112 0.025915 0.043728 0.936815
0.07001 -0.1413 -0.02956 1.0 -0.423539 0.037246 0.118021 0.897384
-0.00249 -0.14826 0.01591 1.0 0.704084 0.065309 0.06531 0.704085
-0.09958 -0.09391 0.02147 1.0 -0.391518 0.14065 0.218986 0.882596
0.00074 0.05825 -0.00249 1.0 -0.434941 0.01285 0.000846 0.900367
0.00034 0.05524 -0.00625 1.0 -0.434766 0.004485 0.000772 0.900532
0.00033 0.0566 -0.00383 1.0 -0.434792 -0.00068 0.00044 0.900531
0.00078 0.0516 -0.00392 1.0 -0.434663 -0.020487 0.000122 0.90036
0.00086 0.05627 -0.00025 1.0 0.01486 0.014612 0.269721 0.962713
-0.00074 -0.05825 0.00249 1.0 -0.474359 0.006019 0.004032 0.880302
-0.00034 -0.05524 0.00625 1.0 -0.488059 0.007145 -0.002277 0.872778
-0.00033 -0.0566 0.00383 1.0 -0.474409 -0.006685 0.001152 0.880278
-0.00078 -0.0516 0.00392 1.0 -0.488127 -0.016062 -0.003396 0.872618
-0.00086 -0.05627 0.00025 1.0 0.006771 0.006593 0.577716 0.816183


##### Pose: 20 #############################################

0.0 0.0 0.0 1.0 0.0 0.0 0.707107 0.707107
0.0 0.0 0.6234 1.0 0.0 0.0 0.0 1.0
0.0 0.0 0.0 1.0 0.0 0.0 0.0 1.0
0.06285 0.00054 -0.12598 1.0 0.00137 -0.039866 -0.684974 0.727475
0.0 0.0 -0.6234 1.0 0.0 0.0 0.0 1.0
0.00313 0.12307 0.0005 1.0 0.043348 -0.055548 0.306632 0.949217
0.00313 -0.12307 0.0005 1.0 -0.09344 0.95628 -0.240189 0.138227
0.00295 0.0 0.10781 1.0 -0.034061 0.049066 0.068118 0.995888
0.00295 0.0 0.10781 1.0 -0.018504 0.026513 0.035434 0.998849
0.0 0.0 0.12763 1.0 -0.020369 0.038248 0.049891 0.997814
-0.00406 0.00155 -0.20992 1.0 0.019826 0.44362 0.055616 0.894268
0.00406 -0.00155 0.20992 1.0 -0.000604 0.532803 -0.0113 0.846164
-0.00508 0.00195 -0.15497 1.0 0.003474 -0.001208 0.085767 0.996308
-0.00603 0.00231 -0.184 1.0 -0.058518 -0.369329 0.077025 0.92425
-0.02319 0.09435 0.08792 1.0 0.001863 -0.02809 0.031493 0.999108
-0.02727 0.0 0.12737 1.0 -0.009796 0.064235 0.190284 0.979576
0.0051 -0.0019 0.155 1.0 -0.004953 0.002035 -0.147398 0.989063
0.00603 -0.00231 0.184 1.0 -0.154259 -0.333332 -0.135949 0.920115
-0.02319 -0.09435 0.08792 1.0 -0.045108 0.99898 0.001782 0.00104
0.01955 0.0 0.11236 1.0 0.009192 -0.069909 0.375077 0.924308
-0.0012 0.0935 -0.00094 1.0 -0.284099 -0.272917 0.242365 0.886602
0.1367 0.00103 -0.07412 1.0 0.0 -0.024996 0.000244 0.999688
0.0012 -0.0935 0.00094 1.0 -0.220098 0.154318 -0.330076 0.904872
-0.1367 -0.00103 0.07412 1.0 0.000691 -0.074892 0.002284 0.997189
0.04184 0.0 0.29363 1.0 0.0 0.0 0.0 1.0
0.0 0.17528 0.00003 1.0 -0.027462 -0.021662 -0.775723 0.630104
0.21175 -0.00194 0.03537 1.0 0.0 0.0 0.0 1.0
0.01545 -0.00217 0.03772 1.0 0.0 0.0 0.0 1.0
0.20253 -0.00433 0.07298 1.0 0.0 0.0 0.0 1.0
0.0 -0.17528 -0.00003 1.0 -0.125189 -0.250559 -0.415109 0.865582
0.21133 -0.00375 0.03157 1.0 0.0 0.0 0.0 1.0
0.00301 0.17235 -0.00005 1.0 -0.161561 -0.018136 -0.070327 0.984187
0.00274 0.18335 0.00113 1.0 -0.000173 -0.018587 -0.000299 0.999827
-0.00301 -0.17235 0.00005 1.0 -0.111136 -0.156219 -0.027645 0.981061
-0.00266 -0.18336 -0.00109 1.0 -0.002505 -0.158038 -0.000122 0.98743
0.05434 0.14794 0.03756 1.0 -0.350558 0.034858 -0.116824 0.928572
0.01196 0.15393 0.04553 1.0 -0.408052 0.020566 -0.030376 0.912221
-0.03124 0.14728 0.04113 1.0 -0.45594 -0.023021 0.057691 0.88784
-0.07001 0.1413 0.02956 1.0 -0.504606 -0.078491 0.136705 0.848837
0.09958 0.0939 -0.02147 1.0 -0.178547 0.00685 0.073541 0.981155
-0.05434 -0.14794 -0.03756 1.0 -0.419915 -0.037737 -0.00734 0.906749
-0.01196 -0.15393 -0.04553 1.0 -0.448735 0.005513 -0.007002 0.89362
0.03124 -0.14728 -0.04113 1.0 -0.471231 0.012579 0.015505 0.881784
0.07001 -0.1413 -0.02956 1.0 -0.501163 0.031587 0.044925 0.863609
-0.00249 -0.14826 0.01591 1.0 0.70662 0.026228 0.026228 0.70662
-0.09958 -0.09391 0.02147 1.0 -0.421815 0.148193 0.245665 0.860093
0.00074 0.05825 -0.00249 1.0 -0.418543 0.012412 0.000828 0.908112
0.00034 0.05524 -0.00625 1.0 -0.418513 0.004435 0.000828 0.9082
0.00033 0.0566 -0.00383 1.0 -0.418538 -0.000691 0.000423 0.908199
0.00078 0.0516 -0.00392 1.0 -0.418274 -0.019754 0.0 0.908106
0.00086 0.05627 -0.00025 1.0 0.012159 0.007288 0.281421 0.95948
-0.00074 -0.05825 0.00249 1.0 -0.518639 0.004206 0.001587 0.854982
-0.00034 -0.05524 0.00625 1.0 -0.518809 0.009793 -0.000086 0.854834
-0.00033 -0.0566 0.00383 1.0 -0.518613 -0.007802 0.0008 0.854973
-0.00078 -0.0516 0.00392 1.0 -0.518843 -0.014536 -0.001337 0.854745
-0.00086 -0.05627 0.00025 1.0 0.00548 0.005163 0.633852 0.773418


##### Pose: 21 #############################################

0.0 0.0 0.0 1.0 0.0 0.0 0.707107 0.707107
0.0 0.0 0.6234 1.0 0.0 0.0 0.0 1.0
0.0 0.0 0.0 1.0 0.0 0.0 0.0 1.0
0.06508 -0.00683 -0.12485 1.0 -0.000606 -0.032268 -0.681637 0.730978
0.0 0.0 -0.6234 1.0 0.0 0.0 0.0 1.0
0.00313 0.12307 0.0005 1.0 0.050646 -0.048831 0.306683 0.949208
0.00313 -0.12307 0.0005 1.0 -0.090274 0.960922 -0.232727 0.119656
0.00295 0.0 0.10781 1.0 -0.026866 0.051841 0.07042 0.995807
0.00295 0.0 0.10781 1.0 -0.01479 0.026695 0.035528 0.998903
0.0 0.0 0.12763 1.0 -0.017388 0.037294 0.049418 0.99793
-0.00406 0.00155 -0.20992 1.0 0.020907 0.440163 0.05133 0.896206
0.00406 -0.00155 0.20992 1.0 -0.002831 0.514643 -0.006441 0.857376
-0.00508 0.00195 -0.15497 1.0 0.003066 -0.001112 0.083336 0.996516
-0.00603 0.00231 -0.184 1.0 -0.062912 -0.3755 0.07457 0.921673
-0.02319 0.09435 0.08792 1.0 0.000657 -0.014544 0.015713 0.999771
-0.02727 0.0 0.12737 1.0 -0.009735 0.065552 0.190293 0.979488
0.0051 -0.0019 0.155 1.0 -0.004754 0.00201 -0.144172 0.989539
0.00603 -0.00231 0.184 1.0 -0.154515 -0.334076 -0.132995 0.920234
-0.02319 -0.09435 0.08792 1.0 -0.02256 0.999745 0.000854 0.000479
0.01955 0.0 0.11236 1.0 0.008632 -0.070383 0.375137 0.924253
-0.0012 0.0935 -0.00094 1.0 -0.306429 -0.281064 0.230224 0.87983
0.1367 0.00103 -0.07412 1.0 0.0 -0.024996 0.000244 0.999688
0.0012 -0.0935 0.00094 1.0 -0.231674 0.16553 -0.315049 0.905357
-0.1367 -0.00103 0.07412 1.0 0.000691 -0.074892 0.002284 0.997189
0.04184 0.0 0.29363 1.0 0.0 0.0 0.0 1.0
0.0 0.17528 0.00003 1.0 -0.028574 -0.020588 -0.802032 0.596242
0.21175 -0.00194 0.03537 1.0 0.0 0.0 0.0 1.0
0.01545 -0.00217 0.03772 1.0 0.0 0.0 0.0 1.0
0.20253 -0.00433 0.07298 1.0 0.0 0.0 0.0 1.0
0.0 -0.17528 -0.00003 1.0 -0.128165 -0.25256 -0.419593 0.862397
0.21133 -0.00375 0.03157 1.0 0.0 0.0 0.0 1.0
0.00301 0.17235 -0.00005 1.0 -0.160856 -0.019052 -0.067335 0.984494
0.00274 0.18335 0.00113 1.0 -0.000244 -0.020839 -0.000299 0.999783
-0.00301 -0.17235 0.00005 1.0 -0.113894 -0.168256 -0.019258 0.978952
-0.00266 -0.18336 -0.00109 1.0 -0.002845 -0.170659 0.000122 0.985326
0.05434 0.14794 0.03756 1.0 -0.345352 0.031168 -0.11152 0.931302
0.01196 0.15393 0.04553 1.0 -0.401408 0.019395 -0.029032 0.915234
-0.03124 0.14728 0.04113 1.0 -0.448042 -0.02077 0.05535 0.892056
-0.07001 0.1413 0.02956 1.0 -0.496374 -0.071676 0.132716 0.854905
0.09958 0.0939 -0.02147 1.0 -0.172763 0.011047 0.082881 0.981408
-0.05434 -0.14794 -0.03756 1.0 -0.483416 -0.02106 -0.00218 0.875135
-0.01196 -0.15393 -0.04553 1.0 -0.497322 0.010605 -0.003883 0.867493
0.03124 -0.14728 -0.04113 1.0 -0.508402 0.006707 0.007493 0.861061
0.07001 -0.1413 -0.02956 1.0 -0.52314 0.027334 0.021615 0.851534
-0.00249 -0.14826 0.01591 1.0 0.706985 0.013117 0.013117 0.706985
-0.09958 -0.09391 0.02147 1.0 -0.434456 0.14841 0.254229 0.851229
0.00074 0.05825 -0.00249 1.0 -0.411543 0.012098 0.000732 0.91131
0.00034 0.05524 -0.00625 1.0 -0.411193 0.004389 0.000837 0.911537
0.00033 0.0566 -0.00383 1.0 -0.411218 -0.000691 0.000423 0.911537
0.00078 0.0516 -0.00392 1.0 -0.411276 -0.01922 0.000173 0.911308
0.00086 0.05627 -0.00025 1.0 0.011192 0.004498 0.285882 0.958189
-0.00074 -0.05825 0.00249 1.0 -0.531699 0.003212 0.001047 0.846927
-0.00034 -0.05524 0.00625 1.0 -0.531709 0.011256 0.000712 0.846852
-0.00033 -0.0566 0.00383 1.0 -0.531641 -0.008982 0.000244 0.846922
-0.00078 -0.0516 0.00392 1.0 -0.531729 -0.013582 -0.000579 0.846805
-0.00086 -0.05627 0.00025 1.0 0.005787 0.005332 0.647125 0.762343


##### Pose: 22 #############################################

0.0 0.0 0.0 1.0 0.0 0.0 0.707107 0.707107
0.0 0.0 0.6234 1.0 0.0 0.0 0.0 1.0
0.0 0.0 0.0 1.0 0.0 0.0 0.0 1.0
0.0673 -0.01421 -0.12372 1.0 -0.003119 -0.024138 -0.679334 0.733425
0.0 0.0 -0.6234 1.0 0.0 0.0 0.0 1.0
0.00313 0.12307 0.0005 1.0 0.054781 -0.045968 0.306933 0.949041
0.00313 -0.12307 0.0005 1.0 -0.087439 0.965108 -0.225216 0.100989
0.00295 0.0 0.10781 1.0 -0.019688 0.054581 0.072765 0.99566
0.00295 0.0 0.10781 1.0 -0.011075 0.026876 0.035624 0.998942
0.0 0.0 0.12763 1.0 -0.014407 0.036343 0.048941 0.998036
-0.00406 0.00155 -0.20992 1.0 0.021646 0.438019 0.04908 0.897364
0.00406 -0.00155 0.20992 1.0 -0.004852 0.496227 -0.001495 0.868178
-0.00508 0.00195 -0.15497 1.0 0.002658 -0.001021 0.080903 0.996718
-0.00603 0.00231 -0.184 1.0 -0.067338 -0.381669 0.072177 0.919013
-0.02319 0.09435 0.08792 1.0 -0.000173 -0.001007 0.0 0.999999
-0.02727 0.0 0.12737 1.0 -0.009674 0.06687 0.190301 0.979398
0.0051 -0.0019 0.155 1.0 -0.004558 0.001983 -0.140944 0.990005
0.00603 -0.00231 0.184 1.0 -0.154767 -0.334813 -0.130041 0.920346
-0.02319 -0.09435 0.08792 1.0 0.0 1.0 0.0 0.0
0.01955 0.0 0.11236 1.0 0.008073 -0.070856 0.375198 0.924197
-0.0012 0.0935 -0.00094 1.0 -0.32862 -0.289579 0.218409 0.872038
0.1367 0.00103 -0.07412 1.0 0.0 -0.024996 0.000244 0.999688
0.0012 -0.0935 0.00094 1.0 -0.243406 0.176955 -0.300165 0.905175
-0.1367 -0.00103 0.07412 1.0 0.000691 -0.074892 0.002284 0.997189
0.04184 0.0 0.29363 1.0 0.0 0.0 0.0 1.0
0.0 0.17528 0.00003 1.0 -0.029571 -0.019536 -0.826866 0.561281
0.21175 -0.00194 0.03537 1.0 0.0 0.0 0.0 1.0
0.01545 -0.00217 0.03772 1.0 0.0 0.0 0.0 1.0
0.20253 -0.00433 0.07298 1.0 0.0 0.0 0.0 1.0
0.0 -0.17528 -0.00003 1.0 -0.131162 -0.25454 -0.42405 0.859178
0.21133 -0.00375 0.03157 1.0 0.0 0.0 0.0 1.0
0.00301 0.17235 -0.00005 1.0 -0.160141 -0.019972 -0.064344 0.984792
0.00274 0.18335 0.00113 1.0 -0.000386 -0.02309 -0.000299 0.999733
-0.00301 -0.17235 0.00005 1.0 -0.11645 -0.180211 -0.010809 0.976651
-0.00266 -0.18336 -0.00109 1.0 -0.003193 -0.183252 0.0 0.983061
0.05434 0.14794 0.03756 1.0 -0.340074 0.027406 -0.106263 0.933974
0.01196 0.15393 0.04553 1.0 -0.394738 0.018204 -0.027708 0.918195
-0.03124 0.14728 0.04113 1.0 -0.440097 -0.018477 0.053053 0.896191
-0.07001 0.1413 0.02956 1.0 -0.488054 -0.064779 0.128883 0.860811
0.09958 0.0939 -0.02147 1.0 -0.167023 0.01513 0.092264 0.98151
-0.05434 -0.14794 -0.03756 1.0 -0.544625 -0.003912 0.000532 0.83867
-0.01196 -0.15393 -0.04553 1.0 -0.544401 0.01604 -0.001351 0.838671
0.03124 -0.14728 -0.04113 1.0 -0.544639 0.000193 0.0 0.838671
0.07001 -0.1413 -0.02956 1.0 -0.544269 0.021937 -0.001455 0.838623
-0.00249 -0.14826 0.01591 1.0 0.707107 0.0 0.0 0.707107
-0.09958 -0.09391 0.02147 1.0 -0.446708 0.149015 0.262808 0.842128
0.00074 0.05825 -0.00249 1.0 -0.404519 0.011785 0.000634 0.914453
0.00034 0.05524 -0.00625 1.0 -0.403848 0.004343 0.000846 0.914815
0.00033 0.0566 -0.00383 1.0 -0.403872 -0.000691 0.000423 0.914815
0.00078 0.0516 -0.00392 1.0 -0.404255 -0.018689 0.000273 0.914455
0.00086 0.05627 -0.00025 1.0 0.01026 0.001739 0.290347 0.956865
-0.00074 -0.05825 0.00249 1.0 -0.544634 0.002204 0.000546 0.838671
-0.00034 -0.05524 0.00625 1.0 -0.544486 0.012745 0.001431 0.838672
-0.00033 -0.0566 0.00383 1.0 -0.544545 -0.010181 -0.000259 0.83867
-0.00078 -0.0516 0.00392 1.0 -0.544494 -0.012607 0.000193 0.83867
-0.00086 -0.05627 0.00025 1.0 0.005608 0.005015 0.660184 0.751066