# SQEE Animation Format


################################################################################

SECTION Header

BoneCount 56
PoseCount 20
TotalTime 20

Times 1 1 1 1 1 1 1 1 1 1 1 1 1 1 1 1 1 1 1 1


################################################################################

SECTION Poses


##### Pose: 0 ##############################################

0.0 0.0 0.0 1.0 0.0 0.0 0.707107 0.707107
0.0 0.0 0.6234 1.0 0.0 0.0 0.0 1.0
0.0 0.0 0.0 1.0 0.0 0.0 0.0 1.0
0.02322 0.00053 -0.08683 1.0 -0.004994 -0.000691 -0.000712 0.999987
0.0 0.0 -0.6234 1.0 0.0 0.0 0.0 1.0
0.00313 0.12307 0.0005 1.0 0.006719 -0.273764 0.094755 0.957094
0.00313 -0.12307 0.0005 1.0 0.117687 0.975512 -0.035623 0.182365
0.00295 0.0 0.10781 1.0 0.006883 0.050626 0.000999 0.998693
0.00295 0.0 0.10781 1.0 0.003433 0.025323 0.000503 0.999673
0.0 0.0 0.12763 1.0 0.00093 0.03375 0.0 0.99943
-0.00406 0.00155 -0.20992 1.0 -0.002207 0.340027 0.003359 0.940407
0.00406 -0.00155 0.20992 1.0 0.000086 0.659403 0.008418 0.751743
-0.00508 0.00195 -0.15497 1.0 -0.002251 0.000863 -0.068649 0.997638
-0.00603 0.00231 -0.184 1.0 0.047631 0.187508 -0.066646 0.978841
-0.02319 0.09435 0.08792 1.0 0.0 0.0 0.0 1.0
-0.02727 0.0 0.12737 1.0 0.0 0.124675 0.0 0.992198
0.0051 -0.0019 0.155 1.0 -0.00105 0.000386 -0.032025 0.999487
0.00603 -0.00231 0.184 1.0 0.126631 -0.05021 -0.036591 0.990002
-0.02319 -0.09435 0.08792 1.0 0.0 1.0 0.0 0.0
0.01955 0.0 0.11236 1.0 0.0 0.0 0.0 1.0
-0.0012 0.0935 -0.00094 1.0 -0.260285 0.02607 0.50757 0.820942
0.1367 0.00103 -0.07412 1.0 0.0 0.0 0.0 1.0
0.0012 -0.0935 0.00094 1.0 -0.261707 0.150759 0.535364 0.788775
-0.1367 -0.00103 0.07412 1.0 0.0 0.0 0.0 1.0
0.04184 0.0 0.29363 1.0 0.0 0.0 0.0 1.0
0.0 0.17528 0.00003 1.0 -0.009146 -0.020068 -0.398781 0.916781
0.21175 -0.00194 0.03537 1.0 0.0 0.0 0.0 1.0
0.01545 -0.00217 0.03772 1.0 0.0 0.0 0.0 1.0
0.20253 -0.00433 0.07298 1.0 0.0 0.0 0.0 1.0
0.0 -0.17528 -0.00003 1.0 -0.051461 -0.102808 -0.428943 0.895986
0.21133 -0.00375 0.03157 1.0 0.0 0.0 0.0 1.0
0.00301 0.17235 -0.00005 1.0 0.265531 -0.036283 -0.04163 0.96252
0.00301 0.18335 0.0012 1.0 -0.000573 -0.032359 0.0 0.999476
-0.00302 -0.17235 0.00005 1.0 0.344359 -0.162532 -0.029639 0.924187
-0.00269 -0.18335 -0.0011 1.0 -0.002912 -0.16683 0.000122 0.985981
0.05434 0.14794 0.03756 1.0 0.14233 -0.025881 -0.156993 0.976947
0.01196 0.15393 0.04553 1.0 0.128797 -0.007638 -0.039396 0.990859
-0.03124 0.14728 0.04113 1.0 0.116188 0.007097 0.079029 0.990053
-0.07001 0.1413 0.02956 1.0 0.098854 0.018307 0.196613 0.975313
0.09958 0.0939 -0.02147 1.0 -0.11109 0.036924 -0.118258 0.986058
-0.05434 -0.14794 -0.03756 1.0 0.180519 -0.019084 -0.0888 0.979369
-0.01196 -0.15393 -0.04553 1.0 0.092154 -0.003394 -0.025744 0.995406
0.03124 -0.14728 -0.04113 1.0 0.014102 0.001092 0.051726 0.998561
0.07001 -0.1413 -0.02956 1.0 -0.076699 -0.008293 0.128512 0.988703
-0.00243 -0.14826 0.01593 1.0 0.707107 0.0 0.0 0.707107
-0.09958 -0.09391 0.02147 1.0 -0.109851 0.049536 -0.084229 0.989133
0.00074 0.05825 -0.00249 1.0 -0.053612 0.001184 0.0 0.998561
0.00034 0.05524 -0.00625 1.0 -0.096489 0.0 0.0 0.995334
0.00033 0.0566 -0.00383 1.0 -0.055235 -0.000691 0.0 0.998473
0.00078 0.0516 -0.00392 1.0 -0.035654 -0.001823 -0.000122 0.999363
0.00086 0.05627 -0.00025 1.0 -0.002024 -0.001177 0.022206 0.999751
-0.00074 -0.05825 0.00249 1.0 -0.053596 0.001292 0.0 0.998562
-0.00034 -0.05524 0.00625 1.0 -0.096479 0.0 0.0 0.995335
-0.00033 -0.0566 0.00383 1.0 -0.055215 -0.000691 0.0 0.998474
-0.00078 -0.0516 0.00392 1.0 -0.035633 -0.001739 0.0 0.999363
-0.00086 -0.05627 0.00025 1.0 0.001315 0.002021 0.160163 0.987088


##### Pose: 1 ##############################################

0.0 0.0 0.0 1.0 0.0 0.0 0.707107 0.707107
0.0 0.0 0.6234 1.0 0.0 0.0 0.0 1.0
0.0 0.0 0.0 1.0 0.0 0.0 0.0 1.0
0.02101 0.00053 -0.08677 1.0 -0.005049 0.002139 -0.000722 0.999985
0.0 0.0 -0.6234 1.0 0.0 0.0 0.0 1.0
0.00313 0.12307 0.0005 1.0 0.006558 -0.283647 0.096195 0.954069
0.00313 -0.12307 0.0005 1.0 0.117754 0.972849 -0.034364 0.19626
0.00295 0.0 0.10781 1.0 0.006963 0.050883 0.001007 0.99868
0.00295 0.0 0.10781 1.0 0.003433 0.025357 0.000503 0.999672
0.0 0.0 0.12763 1.0 0.00093 0.033919 0.0 0.999424
-0.00406 0.00155 -0.20992 1.0 -0.002184 0.333983 0.003374 0.942571
0.00406 -0.00155 0.20992 1.0 -0.000043 0.667445 0.008418 0.744612
-0.00508 0.00195 -0.15497 1.0 -0.002248 0.000854 -0.070897 0.997481
-0.00603 0.00231 -0.184 1.0 0.04825 0.190458 -0.068728 0.978097
-0.02319 0.09435 0.08792 1.0 0.0 0.0 0.0 1.0
-0.02727 0.0 0.12737 1.0 0.000622 0.124675 -0.0021 0.992195
0.0051 -0.0019 0.155 1.0 -0.00105 0.000386 -0.031034 0.999518
0.00603 -0.00231 0.184 1.0 0.127807 -0.061916 -0.034287 0.989271
-0.02319 -0.09435 0.08792 1.0 0.0 1.0 0.0 0.0
0.01955 0.0 0.11236 1.0 0.0 0.0 0.0 1.0
-0.0012 0.0935 -0.00094 1.0 -0.239785 -0.06626 0.561777 0.788999
0.1367 0.00103 -0.07412 1.0 0.0 0.0 0.0 1.0
0.0012 -0.0935 0.00094 1.0 -0.245224 0.092448 0.559296 0.786452
-0.1367 -0.00103 0.07412 1.0 0.0 0.0 0.0 1.0
0.04184 0.0 0.29363 1.0 0.0 0.0 0.0 1.0
0.0 0.17528 0.00003 1.0 -0.01976 -0.034679 -0.47866 0.877093
0.21175 -0.00194 0.03537 1.0 0.0 0.0 0.0 1.0
0.01545 -0.00217 0.03772 1.0 0.0 0.0 0.0 1.0
0.20253 -0.00433 0.07298 1.0 0.0 0.0 0.0 1.0
0.0 -0.17528 -0.00003 1.0 -0.059334 -0.112717 -0.446279 0.885782
0.21133 -0.00375 0.03157 1.0 0.0 0.0 0.0 1.0
0.00301 0.17235 -0.00005 1.0 0.249637 -0.061921 -0.021016 0.966129
0.00301 0.18335 0.0012 1.0 -0.000573 -0.059098 0.0 0.998252
-0.00302 -0.17235 0.00005 1.0 0.314812 -0.181818 -0.038416 0.930785
-0.00269 -0.18335 -0.0011 1.0 -0.002914 -0.188346 0.0 0.982098
0.05434 0.14794 0.03756 1.0 0.124473 -0.021202 -0.14538 0.981286
0.01196 0.15393 0.04553 1.0 0.122765 -0.006428 -0.035253 0.991789
-0.03124 0.14728 0.04113 1.0 0.118004 0.005765 0.071307 0.990433
-0.07001 0.1413 0.02956 1.0 0.112166 0.018955 0.18129 0.976828
0.09958 0.0939 -0.02147 1.0 -0.102465 0.027327 -0.150117 0.982964
-0.05434 -0.14794 -0.03756 1.0 0.167591 -0.01602 -0.08981 0.981627
-0.01196 -0.15393 -0.04553 1.0 0.093561 -0.00271 -0.02478 0.995302
0.03124 -0.14728 -0.04113 1.0 0.020197 -0.000122 0.049862 0.998552
0.07001 -0.1413 -0.02956 1.0 -0.046799 -0.002487 0.129131 0.99052
-0.00243 -0.14826 0.01593 1.0 0.707107 0.0 0.0 0.707107
-0.09958 -0.09391 0.02147 1.0 -0.067375 0.049027 -0.128852 0.988157
0.00074 0.05825 -0.00249 1.0 -0.053612 0.001184 0.0 0.998561
0.00034 0.05524 -0.00625 1.0 -0.096489 0.0 0.0 0.995334
0.00033 0.0566 -0.00383 1.0 -0.055235 -0.000598 0.0 0.998473
0.00078 0.0516 -0.00392 1.0 -0.035654 -0.001823 -0.000122 0.999363
0.00086 0.05627 -0.00025 1.0 -0.002024 -0.001177 0.022206 0.999751
-0.00074 -0.05825 0.00249 1.0 -0.053596 0.001292 0.0 0.998562
-0.00034 -0.05524 0.00625 1.0 -0.096479 0.0 0.0 0.995335
-0.00033 -0.0566 0.00383 1.0 -0.055215 -0.000691 0.0 0.998474
-0.00078 -0.0516 0.00392 1.0 -0.035633 -0.001739 0.0 0.999363
-0.00086 -0.05627 0.00025 1.0 0.001315 0.002021 0.160163 0.987088


##### Pose: 2 ##############################################

0.0 0.0 0.0 1.0 0.0 0.0 0.707107 0.707107
0.0 0.0 0.6234 1.0 0.0 0.0 0.0 1.0
0.0 0.0 0.0 1.0 0.0 0.0 0.0 1.0
0.0188 0.00053 -0.08672 1.0 -0.005107 0.004968 -0.000732 0.999974
0.0 0.0 -0.6234 1.0 0.0 0.0 0.0 1.0
0.00313 0.12307 0.0005 1.0 0.006343 -0.298783 0.098349 0.949219
0.00313 -0.12307 0.0005 1.0 0.117882 0.96998 -0.033115 0.21011
0.00295 0.0 0.10781 1.0 0.007043 0.051139 0.001014 0.998666
0.00295 0.0 0.10781 1.0 0.003433 0.02539 0.000503 0.999672
0.0 0.0 0.12763 1.0 0.00093 0.034089 0.0 0.999418
-0.00406 0.00155 -0.20992 1.0 -0.002163 0.327925 0.003387 0.944695
0.00406 -0.00155 0.20992 1.0 -0.000183 0.682512 0.008416 0.730826
-0.00508 0.00195 -0.15497 1.0 -0.002248 0.000854 -0.073145 0.997318
-0.00603 0.00231 -0.184 1.0 0.048881 0.193404 -0.070807 0.977339
-0.02319 0.09435 0.08792 1.0 0.0 0.0 0.0 1.0
-0.02727 0.0 0.12737 1.0 0.001245 0.124677 -0.004204 0.992188
0.0051 -0.0019 0.155 1.0 -0.00105 0.000386 -0.030044 0.999548
0.00603 -0.00231 0.184 1.0 0.129257 -0.087508 -0.031836 0.987229
-0.02319 -0.09435 0.08792 1.0 0.0 1.0 0.0 0.0
0.01955 0.0 0.11236 1.0 0.0 0.0 0.0 1.0
-0.0012 0.0935 -0.00094 1.0 -0.216064 -0.164722 0.614294 0.740828
0.1367 0.00103 -0.07412 1.0 0.0 0.0 0.0 1.0
0.0012 -0.0935 0.00094 1.0 -0.198041 0.0008 0.628007 0.752586
-0.1367 -0.00103 0.07412 1.0 0.0 0.0 0.0 1.0
0.04184 0.0 0.29363 1.0 0.0 0.0 0.0 1.0
0.0 0.17528 0.00003 1.0 -0.049475 -0.064768 -0.59109 0.802477
0.21175 -0.00194 0.03537 1.0 0.0 0.0 0.0 1.0
0.01545 -0.00217 0.03772 1.0 0.0 0.0 0.0 1.0
0.20253 -0.00433 0.07298 1.0 0.0 0.0 0.0 1.0
0.0 -0.17528 -0.00003 1.0 -0.084826 -0.116642 -0.567991 0.8103
0.21133 -0.00375 0.03157 1.0 0.0 0.0 0.0 1.0
0.00301 0.17235 -0.00005 1.0 0.218169 -0.12301 0.000323 0.968127
0.00301 0.18335 0.0012 1.0 -0.000573 -0.127021 0.0 0.9919
-0.00302 -0.17235 0.00005 1.0 0.235015 -0.205035 -0.035604 0.949453
-0.00269 -0.18335 -0.0011 1.0 -0.002912 -0.209772 0.000122 0.977746
0.05434 0.14794 0.03756 1.0 0.07588 -0.011654 -0.119335 0.989882
0.01196 0.15393 0.04553 1.0 0.085816 -0.005528 -0.029411 0.995861
-0.03124 0.14728 0.04113 1.0 0.094854 0.004767 0.059239 0.993716
-0.07001 0.1413 0.02956 1.0 0.104648 0.015471 0.149076 0.983151
0.09958 0.0939 -0.02147 1.0 -0.07974 0.009255 -0.201705 0.976151
-0.05434 -0.14794 -0.03756 1.0 0.112902 -0.012379 -0.087963 0.989627
-0.01196 -0.15393 -0.04553 1.0 0.070886 -0.00261 -0.023757 0.997198
0.03124 -0.14728 -0.04113 1.0 0.026289 -0.001239 0.047985 0.998501
0.07001 -0.1413 -0.02956 1.0 0.002852 0.002441 0.126912 0.991907
-0.00243 -0.14826 0.01593 1.0 0.707107 0.0 0.0 0.707107
-0.09958 -0.09391 0.02147 1.0 -0.003374 0.052206 -0.198088 0.978787
0.00074 0.05825 -0.00249 1.0 -0.053612 0.001184 0.0 0.998561
0.00034 0.05524 -0.00625 1.0 -0.096489 0.0 0.0 0.995334
0.00033 0.0566 -0.00383 1.0 -0.055235 -0.000518 0.0 0.998473
0.00078 0.0516 -0.00392 1.0 -0.035654 -0.001823 -0.000122 0.999363
0.00086 0.05627 -0.00025 1.0 -0.002024 -0.001177 0.022206 0.999751
-0.00074 -0.05825 0.00249 1.0 -0.053596 0.001292 0.0 0.998562
-0.00034 -0.05524 0.00625 1.0 -0.096479 0.0 0.0 0.995335
-0.00033 -0.0566 0.00383 1.0 -0.055215 -0.000691 0.0 0.998474
-0.00078 -0.0516 0.00392 1.0 -0.035633 -0.001739 0.0 0.999363
-0.00086 -0.05627 0.00025 1.0 0.001315 0.002021 0.160163 0.987088


##### Pose: 3 ##############################################

0.0 0.0 0.0 1.0 0.0 0.0 0.707107 0.707107
0.0 0.0 0.6234 1.0 0.0 0.0 0.0 1.0
0.0 0.0 0.0 1.0 0.0 0.0 0.0 1.0
0.01659 0.00053 -0.08666 1.0 -0.005162 0.007795 -0.000752 0.999956
0.0 0.0 -0.6234 1.0 0.0 0.0 0.0 1.0
0.00313 0.12307 0.0005 1.0 0.006443 -0.317123 0.100682 0.943003
0.00313 -0.12307 0.0005 1.0 0.11797 0.966197 -0.032248 0.22695
0.00295 0.0 0.10781 1.0 0.007123 0.051396 0.001014 0.998652
0.00295 0.0 0.10781 1.0 0.003433 0.025424 0.000503 0.999671
0.0 0.0 0.12763 1.0 0.00093 0.034258 0.0 0.999413
-0.00406 0.00155 -0.20992 1.0 -0.002139 0.321854 0.003403 0.946781
0.00406 -0.00155 0.20992 1.0 -0.000353 0.697295 0.008411 0.716735
-0.00508 0.00195 -0.15497 1.0 -0.002244 0.000846 -0.075392 0.997151
-0.00603 0.00231 -0.184 1.0 0.049524 0.196347 -0.072883 0.976567
-0.02319 0.09435 0.08792 1.0 0.0 0.0 0.0 1.0
-0.02727 0.0 0.12737 1.0 0.001863 0.124679 -0.006302 0.992175
0.0051 -0.0019 0.155 1.0 -0.00105 0.000386 -0.029053 0.999577
0.00603 -0.00231 0.184 1.0 0.130869 -0.118282 -0.029915 0.983864
-0.02319 -0.09435 0.08792 1.0 0.0 1.0 0.0 0.0
0.01955 0.0 0.11236 1.0 0.0 0.0 0.0 1.0
-0.0012 0.0935 -0.00094 1.0 -0.205763 -0.234037 0.628501 0.712653
0.1367 0.00103 -0.07412 1.0 0.0 0.0 0.0 1.0
0.0012 -0.0935 0.00094 1.0 -0.15748 -0.09727 0.663141 0.725246
-0.1367 -0.00103 0.07412 1.0 0.0 0.0 0.0 1.0
0.04184 0.0 0.29363 1.0 0.0 0.0 0.0 1.0
0.0 0.17528 0.00003 1.0 -0.091076 -0.092406 -0.684188 0.717672
0.21175 -0.00194 0.03537 1.0 0.0 0.0 0.0 1.0
0.01545 -0.00217 0.03772 1.0 0.0 0.0 0.0 1.0
0.20253 -0.00433 0.07298 1.0 0.0 0.0 0.0 1.0
0.0 -0.17528 -0.00003 1.0 -0.111625 -0.113845 -0.679432 0.716206
0.21133 -0.00375 0.03157 1.0 0.0 0.0 0.0 1.0
0.00301 0.17235 -0.00005 1.0 0.190929 -0.194078 0.029459 0.961775
0.00301 0.18335 0.0012 1.0 -0.000559 -0.194352 0.000122 0.980932
-0.00302 -0.17235 0.00005 1.0 0.142964 -0.229475 -0.014714 0.962645
-0.00269 -0.18335 -0.0011 1.0 -0.002907 -0.231097 0.000211 0.972926
0.05434 0.14794 0.03756 1.0 0.017534 -0.001965 -0.090207 0.995767
0.01196 0.15393 0.04553 1.0 0.038776 -0.003885 -0.023349 0.998968
-0.03124 0.14728 0.04113 1.0 0.056715 0.003392 0.046206 0.997315
-0.07001 0.1413 0.02956 1.0 0.07698 0.009211 0.112682 0.990602
0.09958 0.09391 -0.02147 1.0 -0.055647 -0.014969 -0.24765 0.967134
-0.05434 -0.14794 -0.03756 1.0 0.049509 -0.007526 -0.08538 0.995089
-0.01196 -0.15393 -0.04553 1.0 0.048172 -0.002466 -0.022752 0.998577
0.03124 -0.14728 -0.04113 1.0 0.032378 -0.002373 0.046096 0.998409
0.07001 -0.1413 -0.02956 1.0 0.044258 0.005804 0.12281 0.991426
-0.00243 -0.14826 0.01593 1.0 0.707107 0.0 0.0 0.707107
-0.09958 -0.09391 0.02147 1.0 0.056366 0.056659 -0.25877 0.962627
0.00074 0.05825 -0.00249 1.0 -0.053612 0.001184 0.0 0.998561
0.00034 0.05524 -0.00625 1.0 -0.096489 0.000173 0.0 0.995334
0.00033 0.0566 -0.00383 1.0 -0.055235 -0.000423 0.0 0.998473
0.00078 0.0516 -0.00392 1.0 -0.035654 -0.001823 -0.000122 0.999363
0.00086 0.05627 -0.00025 1.0 -0.002024 -0.001177 0.022206 0.999751
-0.00074 -0.05825 0.00249 1.0 -0.053596 0.001292 0.0 0.998562
-0.00034 -0.05524 0.00625 1.0 -0.096479 0.0 0.0 0.995335
-0.00033 -0.0566 0.00383 1.0 -0.055215 -0.000691 0.0 0.998474
-0.00078 -0.0516 0.00392 1.0 -0.035633 -0.001739 0.0 0.999363
-0.00086 -0.05627 0.00025 1.0 0.001315 0.002021 0.160163 0.987088


##### Pose: 4 ##############################################

0.0 0.0 0.0 1.0 0.0 0.0 0.707107 0.707107
0.0 0.0 0.6234 1.0 0.0 0.0 0.0 1.0
0.0 0.0 0.0 1.0 0.0 0.0 0.0 1.0
0.01438 0.00053 -0.08661 1.0 -0.005219 0.010621 -0.000772 0.99993
0.0 0.0 -0.6234 1.0 0.0 0.0 0.0 1.0
0.00313 0.12307 0.0005 1.0 0.006435 -0.331566 0.102727 0.937801
0.00313 -0.12307 0.0005 1.0 0.118125 0.962113 -0.031395 0.24372
0.00295 0.0 0.10781 1.0 0.007203 0.051653 0.001021 0.998639
0.00295 0.0 0.10781 1.0 0.003433 0.025457 0.000503 0.99967
0.0 0.0 0.12763 1.0 0.00093 0.034428 0.0 0.999407
-0.00406 0.00155 -0.20992 1.0 -0.002128 0.318063 0.003409 0.948061
0.00406 -0.00155 0.20992 1.0 -0.000523 0.711788 0.008402 0.702344
-0.00508 0.00195 -0.15497 1.0 -0.002241 0.000837 -0.07764 0.996979
-0.00603 0.00231 -0.184 1.0 0.050181 0.199286 -0.074955 0.975781
-0.02319 0.09435 0.08792 1.0 0.0 0.0 0.0 1.0
-0.02727 0.0 0.12737 1.0 0.00249 0.124682 -0.008402 0.992158
0.0051 -0.0019 0.155 1.0 -0.00105 0.000386 -0.028062 0.999606
0.00603 -0.00231 0.184 1.0 0.132361 -0.144034 -0.028517 0.980266
-0.02319 -0.09435 0.08792 1.0 0.0 1.0 0.0 0.0
0.01955 0.0 0.11236 1.0 0.0 0.0 0.0 1.0
-0.0012 0.0935 -0.00094 1.0 -0.212623 -0.254412 0.607816 0.721544
0.1367 0.00103 -0.07412 1.0 0.0 0.0 0.0 1.0
0.0012 -0.0935 0.00094 1.0 -0.147756 -0.145662 0.648084 0.73276
-0.1367 -0.00103 0.07412 1.0 0.0 0.0 0.0 1.0
0.04184 0.0 0.29363 1.0 0.0 0.0 0.0 1.0
0.0 0.17528 0.00003 1.0 -0.127094 -0.107684 -0.741073 0.650432
0.21175 -0.00194 0.03537 1.0 0.0 0.0 0.0 1.0
0.01545 -0.00217 0.03772 1.0 0.0 0.0 0.0 1.0
0.20253 -0.00433 0.07298 1.0 0.0 0.0 0.0 1.0
0.0 -0.17528 -0.00003 1.0 -0.13141 -0.109182 -0.746759 0.642777
0.21133 -0.00375 0.03157 1.0 0.0 0.0 0.0 1.0
0.00301 0.17235 -0.00005 1.0 0.182964 -0.247472 0.056073 0.949809
0.00301 0.18335 0.0012 1.0 -0.000559 -0.248898 0.000122 0.96853
-0.00302 -0.17235 0.00005 1.0 0.080969 -0.248787 0.023428 0.964884
-0.00269 -0.18335 -0.0011 1.0 -0.002904 -0.251089 0.000244 0.96796
0.05434 0.14794 0.03756 1.0 -0.023401 0.003405 -0.069744 0.997285
0.01196 0.15393 0.04553 1.0 -0.002184 -0.001573 -0.018457 0.999826
-0.03124 0.14728 0.04113 1.0 0.016828 0.001112 0.036476 0.999192
-0.07001 0.1413 0.02956 1.0 0.038556 0.002448 0.086244 0.995525
0.09958 0.0939 -0.02147 1.0 -0.036962 -0.033227 -0.263237 0.96345
-0.05434 -0.14794 -0.03756 1.0 0.00998 -0.003418 -0.08278 0.996512
-0.01196 -0.15393 -0.04553 1.0 0.02543 -0.002274 -0.021767 0.999437
0.03124 -0.14728 -0.04113 1.0 0.038464 -0.003483 0.044196 0.998276
0.07001 -0.1413 -0.02956 1.0 0.051679 0.006584 0.117325 0.991726
-0.00243 -0.14826 0.01593 1.0 0.707107 0.0 0.0 0.707107
-0.09958 -0.09391 0.02147 1.0 0.08038 0.067252 -0.278061 0.954829
0.00074 0.05825 -0.00249 1.0 -0.053612 0.001184 0.0 0.998561
0.00034 0.05524 -0.00625 1.0 -0.096489 0.000244 0.0 0.995334
0.00033 0.0566 -0.00383 1.0 -0.055235 -0.000299 0.0 0.998473
0.00078 0.0516 -0.00392 1.0 -0.035654 -0.001823 -0.000122 0.999363
0.00086 0.05627 -0.00025 1.0 -0.002024 -0.001177 0.022206 0.999751
-0.00074 -0.05825 0.00249 1.0 -0.053596 0.001292 0.0 0.998562
-0.00034 -0.05524 0.00625 1.0 -0.096479 0.0 0.0 0.995335
-0.00033 -0.0566 0.00383 1.0 -0.055215 -0.000691 0.0 0.998474
-0.00078 -0.0516 0.00392 1.0 -0.035633 -0.001739 0.0 0.999363
-0.00086 -0.05627 0.00025 1.0 0.001315 0.002021 0.160163 0.987088


##### Pose: 5 ##############################################

0.0 0.0 0.0 1.0 0.0 0.0 0.707107 0.707107
0.0 0.0 0.6234 1.0 0.0 0.0 0.0 1.0
0.0 0.0 0.0 1.0 0.0 0.0 0.0 1.0
0.01217 0.00053 -0.08655 1.0 -0.005277 0.013448 -0.000782 0.999895
0.0 0.0 -0.6234 1.0 0.0 0.0 0.0 1.0
0.00313 0.12307 0.0005 1.0 0.006244 -0.337468 0.103912 0.935563
0.00313 -0.12307 0.0005 1.0 0.118346 0.95773 -0.030558 0.260411
0.00295 0.0 0.10781 1.0 0.007282 0.05191 0.001029 0.998625
0.00295 0.0 0.10781 1.0 0.003433 0.02549 0.000503 0.999669
0.0 0.0 0.12763 1.0 0.00093 0.034597 0.0 0.999401
-0.00406 0.00155 -0.20992 1.0 -0.002114 0.314267 0.003418 0.949326
0.00406 -0.00155 0.20992 1.0 -0.000694 0.725983 0.00839 0.687661
-0.00508 0.00195 -0.15497 1.0 -0.002241 0.000837 -0.079886 0.996801
-0.00603 0.00231 -0.184 1.0 0.050849 0.202221 -0.077023 0.974981
-0.02319 0.09435 0.08792 1.0 0.0 0.0 0.0 1.0
-0.02727 0.0 0.12737 1.0 0.00311 0.124686 -0.010502 0.992136
0.0051 -0.0019 0.155 1.0 -0.00105 0.000386 -0.027072 0.999633
0.00603 -0.00231 0.184 1.0 0.133336 -0.154669 -0.027714 0.978535
-0.02319 -0.09435 0.08792 1.0 0.0 1.0 0.0 0.0
0.01955 0.0 0.11236 1.0 0.0 0.0 0.0 1.0
-0.0012 0.0935 -0.00094 1.0 -0.221042 -0.14641 0.515327 0.81495
0.1367 0.00103 -0.07412 1.0 0.0 0.0 0.0 1.0
0.0012 -0.0935 0.00094 1.0 -0.136318 -0.041568 0.562598 0.814354
-0.1367 -0.00103 0.07412 1.0 0.0 0.0 0.0 1.0
0.04184 0.0 0.29363 1.0 0.0 0.0 0.0 1.0
0.0 0.17528 0.00003 1.0 -0.133369 -0.101606 -0.773653 0.611024
0.21175 -0.00194 0.03537 1.0 0.0 0.0 0.0 1.0
0.01545 -0.00217 0.03772 1.0 0.0 0.0 0.0 1.0
0.20253 -0.00433 0.07298 1.0 0.0 0.0 0.0 1.0
0.0 -0.17528 -0.00003 1.0 -0.152182 -0.106931 -0.794093 0.578639
0.21133 -0.00375 0.03157 1.0 0.0 0.0 0.0 1.0
0.00301 0.17235 -0.00005 1.0 0.192508 -0.249759 0.073147 0.946156
0.00301 0.18335 0.0012 1.0 -0.000559 -0.241892 0.000122 0.970303
-0.00302 -0.17235 0.00005 1.0 0.120737 -0.26841 0.125407 0.947445
-0.00269 -0.18335 -0.0011 1.0 -0.002896 -0.270974 0.000323 0.962582
0.05434 0.14794 0.03756 1.0 -0.049637 0.00584 -0.060677 0.996905
0.01196 0.15393 0.04553 1.0 -0.04069 0.000837 -0.015731 0.999048
-0.03124 0.14728 0.04113 1.0 -0.030658 -0.000345 0.031055 0.999047
-0.07001 0.1413 0.02956 1.0 -0.021017 -0.002214 0.075618 0.996913
0.09958 0.0939 -0.02147 1.0 -0.022541 -0.041102 -0.245589 0.96824
-0.05434 -0.14794 -0.03756 1.0 -0.001922 -0.001021 -0.079508 0.996832
-0.01196 -0.15393 -0.04553 1.0 0.008674 -0.001911 -0.020815 0.999744
0.03124 -0.14728 -0.04113 1.0 0.004546 -0.002871 0.042432 0.999085
0.07001 -0.1413 -0.02956 1.0 0.020057 0.003747 0.111023 0.993608
-0.00243 -0.14826 0.01593 1.0 0.707107 0.0 0.0 0.707107
-0.09958 -0.09391 0.02147 1.0 0.061115 0.095845 -0.263444 0.957954
0.00074 0.05825 -0.00249 1.0 -0.062005 0.00119 0.0 0.998075
0.00034 0.05524 -0.00625 1.0 -0.096489 0.000299 0.0 0.995334
0.00033 0.0566 -0.00383 1.0 -0.062817 -0.000244 0.0 0.998025
0.00078 0.0516 -0.00392 1.0 -0.035654 -0.001823 -0.000122 0.999363
0.00086 0.05627 -0.00025 1.0 -0.002024 -0.001177 0.022206 0.999751
-0.00074 -0.05825 0.00249 1.0 -0.053596 0.001292 0.0 0.998562
-0.00034 -0.05524 0.00625 1.0 -0.096479 0.0 0.0 0.995335
-0.00033 -0.0566 0.00383 1.0 -0.055215 -0.000691 0.0 0.998474
-0.00078 -0.0516 0.00392 1.0 -0.035633 -0.001739 0.0 0.999363
-0.00086 -0.05627 0.00025 1.0 0.001315 0.002021 0.160163 0.987088


##### Pose: 6 ##############################################

0.0 0.0 0.0 1.0 0.0 0.0 0.707107 0.707107
0.0 0.0 0.6234 1.0 0.0 0.0 0.0 1.0
0.0 0.0 0.0 1.0 0.0 0.0 0.0 1.0
0.00996 0.00053 -0.0865 1.0 -0.005331 0.016275 -0.0008 0.999853
0.0 0.0 -0.6234 1.0 0.0 0.0 0.0 1.0
0.00313 0.12307 0.0005 1.0 0.005748 -0.33117 0.103709 0.937837
0.00313 -0.12307 0.0005 1.0 0.119582 0.961982 -0.025657 0.244197
0.00295 0.0 0.10781 1.0 0.007361 0.052166 0.001036 0.998611
0.00295 0.0 0.10781 1.0 0.003433 0.025524 0.000503 0.999668
0.0 0.0 0.12763 1.0 0.00093 0.034767 0.0 0.999395
-0.00406 0.00155 -0.20992 1.0 -0.0021 0.310465 0.003427 0.950576
0.00406 -0.00155 0.20992 1.0 -0.000523 0.711788 0.008402 0.702344
-0.00508 0.00195 -0.15497 1.0 -0.002238 0.000828 -0.082132 0.996619
-0.00603 0.00231 -0.184 1.0 0.05153 0.205151 -0.079087 0.974168
-0.02319 0.09435 0.08792 1.0 0.0 0.0 0.0 1.0
-0.02727 0.0 0.12737 1.0 0.003727 0.124691 -0.012602 0.992109
0.0051 -0.0019 0.155 1.0 -0.00105 0.000386 -0.026081 0.999659
0.00603 -0.00231 0.184 1.0 0.133291 -0.14411 -0.027916 0.980146
-0.02319 -0.09435 0.08792 1.0 0.0 1.0 0.0 0.0
0.01955 0.0 0.11236 1.0 0.0 0.0 0.0 1.0
-0.0012 0.0935 -0.00094 1.0 -0.213143 -0.03199 0.352833 0.910525
0.1367 0.00103 -0.07412 1.0 0.0 0.0 0.0 1.0
0.0012 -0.0935 0.00094 1.0 -0.120982 0.060055 0.397815 0.907469
-0.1367 -0.00103 0.07412 1.0 0.0 0.0 0.0 1.0
0.04184 0.0 0.29363 1.0 0.0 0.0 0.0 1.0
0.0 0.17528 0.00003 1.0 -0.120195 -0.101145 -0.744148 0.649282
0.21175 -0.00194 0.03537 1.0 0.0 0.0 0.0 1.0
0.01545 -0.00217 0.03772 1.0 0.0 0.0 0.0 1.0
0.20253 -0.00433 0.07298 1.0 0.0 0.0 0.0 1.0
0.0 -0.17528 -0.00003 1.0 -0.163405 -0.118374 -0.783069 0.588294
0.21133 -0.00375 0.03157 1.0 0.0 0.0 0.0 1.0
0.00301 0.17235 -0.00005 1.0 0.170821 -0.234197 0.059633 0.955205
0.00301 0.18335 0.0012 1.0 -0.000559 -0.234873 0.000122 0.972026
-0.00302 -0.17235 0.00005 1.0 0.171082 -0.285412 0.192009 0.923257
-0.00269 -0.18335 -0.0011 1.0 -0.002889 -0.294249 0.000386 0.955724
0.05434 0.14794 0.03756 1.0 -0.070882 0.006561 -0.057562 0.995801
0.01196 0.15393 0.04553 1.0 -0.081635 0.002702 -0.014937 0.996547
-0.03124 0.14728 0.04113 1.0 -0.089977 -0.001036 0.029306 0.995512
-0.07001 0.1413 0.02956 1.0 -0.098872 -0.007086 0.072104 0.992459
0.09958 0.0939 -0.02147 1.0 -0.007805 -0.043064 -0.204605 0.977866
-0.05434 -0.14794 -0.03756 1.0 0.001769 -0.000345 -0.075739 0.997126
-0.01196 -0.15393 -0.04553 1.0 -0.008087 -0.00152 -0.019882 0.999768
0.03124 -0.14728 -0.04113 1.0 -0.02939 -0.002392 0.040679 0.998737
0.07001 -0.1413 -0.02956 1.0 -0.041259 -0.000953 0.104596 0.993658
-0.00243 -0.14826 0.01593 1.0 0.707107 0.0 0.0 0.707107
-0.09958 -0.09391 0.02147 1.0 0.0122 0.134719 -0.225098 0.9649
0.00074 0.05825 -0.00249 1.0 -0.070394 0.00119 0.0 0.997519
0.00034 0.05524 -0.00625 1.0 -0.096489 0.000345 0.0 0.995334
0.00033 0.0566 -0.00383 1.0 -0.070395 -0.000173 0.0 0.997519
0.00078 0.0516 -0.00392 1.0 -0.080064 -0.001823 0.000122 0.996788
0.00086 0.05627 -0.00025 1.0 -0.002024 -0.001177 0.022206 0.999751
-0.00074 -0.05825 0.00249 1.0 -0.053596 0.001292 0.0 0.998562
-0.00034 -0.05524 0.00625 1.0 -0.096479 0.0 0.0 0.995335
-0.00033 -0.0566 0.00383 1.0 -0.055215 -0.000691 0.0 0.998474
-0.00078 -0.0516 0.00392 1.0 -0.043595 -0.001739 0.0 0.999048
-0.00086 -0.05627 0.00025 1.0 0.001315 0.002021 0.160163 0.987088


##### Pose: 7 ##############################################

0.0 0.0 0.0 1.0 0.0 0.0 0.707107 0.707107
0.0 0.0 0.6234 1.0 0.0 0.0 0.0 1.0
0.0 0.0 0.0 1.0 0.0 0.0 0.0 1.0
0.00775 0.00053 -0.08644 1.0 -0.005395 0.013274 -0.000782 0.999897
0.0 0.0 -0.6234 1.0 0.0 0.0 0.0 1.0
0.00313 0.12307 0.0005 1.0 0.005722 -0.315725 0.101562 0.943382
0.00313 -0.12307 0.0005 1.0 0.119246 0.965801 -0.026821 0.228669
0.00295 0.0 0.10781 1.0 0.00744 0.052423 0.001043 0.998597
0.00295 0.0 0.10781 1.0 0.003433 0.025558 0.000503 0.999667
0.0 0.0 0.12763 1.0 0.00093 0.034936 0.0 0.999389
-0.00406 0.00155 -0.20992 1.0 -0.002135 0.319752 0.003405 0.947493
0.00406 -0.00155 0.20992 1.0 -0.000353 0.697295 0.008411 0.716735
-0.00508 0.00195 -0.15497 1.0 -0.002238 0.000828 -0.080628 0.996741
-0.00603 0.00231 -0.184 1.0 0.050999 0.202179 -0.07779 0.974921
-0.02319 0.09435 0.08792 1.0 0.0 0.0 0.0 1.0
-0.02727 0.0 0.12737 1.0 0.003796 0.124694 -0.010284 0.992135
0.0051 -0.0019 0.155 1.0 -0.00105 0.000386 -0.02509 0.999685
0.00603 -0.00231 0.184 1.0 0.131798 -0.118304 -0.029659 0.983745
-0.02319 -0.09435 0.08792 1.0 0.0 1.0 0.0 0.0
0.01955 0.0 0.11236 1.0 0.0 0.0 0.0 1.0
-0.0012 0.0935 -0.00094 1.0 -0.263617 -0.005571 0.230712 0.936615
0.1367 0.00103 -0.07412 1.0 0.0 0.0 0.0 1.0
0.0012 -0.0935 0.00094 1.0 -0.192797 0.051688 0.286719 0.93699
-0.1367 -0.00103 0.07412 1.0 0.0 0.0 0.0 1.0
0.04184 0.0 0.29363 1.0 0.0 0.0 0.0 1.0
0.0 0.17528 0.00003 1.0 -0.109219 -0.114142 -0.670891 0.724533
0.21175 -0.00194 0.03537 1.0 0.0 0.0 0.0 1.0
0.01545 -0.00217 0.03772 1.0 0.0 0.0 0.0 1.0
0.20253 -0.00433 0.07298 1.0 0.0 0.0 0.0 1.0
0.0 -0.17528 -0.00003 1.0 -0.145748 -0.121962 -0.742159 0.642715
0.21133 -0.00375 0.03157 1.0 0.0 0.0 0.0 1.0
0.00301 0.17235 -0.00005 1.0 0.063284 -0.237345 -0.008936 0.969321
0.00301 0.18335 0.0012 1.0 -0.000559 -0.236382 0.000122 0.97166
-0.00302 -0.17235 0.00005 1.0 0.102368 -0.273762 0.151842 0.944203
-0.00269 -0.18335 -0.0011 1.0 -0.002894 -0.276239 0.000345 0.961085
0.05434 0.14794 0.03756 1.0 -0.089025 0.006993 -0.058181 0.994304
0.01196 0.15393 0.04553 1.0 -0.122449 0.003878 -0.015162 0.992351
-0.03124 0.14728 0.04113 1.0 -0.153393 -0.001485 0.029084 0.987736
-0.07001 0.1413 0.02956 1.0 -0.186958 -0.01131 0.071947 0.979664
0.09958 0.0939 -0.02147 1.0 0.004598 -0.041941 -0.15493 0.987024
-0.05434 -0.14794 -0.03756 1.0 0.007855 -0.000122 -0.071251 0.997428
-0.01196 -0.15393 -0.04553 1.0 -0.024848 -0.001099 -0.018967 0.999511
0.03124 -0.14728 -0.04113 1.0 -0.063299 -0.002021 0.038945 0.997232
0.07001 -0.1413 -0.02956 1.0 -0.112484 -0.007201 0.097774 0.988805
-0.00243 -0.14826 0.01593 1.0 0.707107 0.0 0.0 0.707107
-0.09958 -0.09391 0.02147 1.0 -0.051026 0.173653 -0.176039 0.967601
0.00074 0.05825 -0.00249 1.0 -0.122978 0.001184 0.0 0.992409
0.00034 0.05524 -0.00625 1.0 -0.122948 0.000366 -0.000122 0.992413
0.00033 0.0566 -0.00383 1.0 -0.122975 0.0 0.0 0.99241
0.00078 0.0516 -0.00392 1.0 -0.124315 -0.001823 0.000122 0.992241
0.00086 0.05627 -0.00025 1.0 -0.002024 -0.001177 0.022206 0.999751
-0.00074 -0.05825 0.00249 1.0 -0.053596 0.001292 0.0 0.998562
-0.00034 -0.05524 0.00625 1.0 -0.096479 0.0 0.0 0.995335
-0.00033 -0.0566 0.00383 1.0 -0.055215 -0.000691 0.0 0.998474
-0.00078 -0.0516 0.00392 1.0 -0.051554 -0.001739 0.0 0.998669
-0.00086 -0.05627 0.00025 1.0 0.001315 0.002021 0.160163 0.987088


##### Pose: 8 ##############################################

0.0 0.0 0.0 1.0 0.0 0.0 0.707107 0.707107
0.0 0.0 0.6234 1.0 0.0 0.0 0.0 1.0
0.0 0.0 0.0 1.0 0.0 0.0 0.0 1.0
0.00919 0.00053 -0.08638 1.0 -0.005454 0.010273 -0.000772 0.999932
0.0 0.0 -0.6234 1.0 0.0 0.0 0.0 1.0
0.00313 0.12307 0.0005 1.0 0.006006 -0.297178 0.098985 0.949659
0.00313 -0.12307 0.0005 1.0 0.11898 0.969359 -0.028003 0.213079
0.00295 0.0 0.10781 1.0 0.007521 0.05268 0.00105 0.998583
0.00295 0.0 0.10781 1.0 0.003433 0.025591 0.000503 0.999667
0.0 0.0 0.12763 1.0 0.00093 0.035105 0.0 0.999383
-0.00406 0.00155 -0.20992 1.0 -0.002167 0.329007 0.003385 0.944319
0.00406 -0.00155 0.20992 1.0 -0.000183 0.682512 0.008416 0.730826
-0.00508 0.00195 -0.15497 1.0 -0.002241 0.000837 -0.079123 0.996862
-0.00603 0.00231 -0.184 1.0 0.050475 0.199203 -0.076489 0.975664
-0.02319 0.09435 0.08792 1.0 0.0 0.0 0.0 1.0
-0.02727 0.0 0.12737 1.0 0.00386 0.124693 -0.007967 0.992156
0.0051 -0.0019 0.155 1.0 -0.00105 0.000386 -0.02509 0.999685
0.00603 -0.00231 0.184 1.0 0.130127 -0.08708 -0.031859 0.987152
-0.02319 -0.09435 0.08792 1.0 0.0 1.0 0.0 0.0
0.01955 0.0 0.11236 1.0 0.0 0.0 0.0 1.0
-0.0012 0.0935 -0.00094 1.0 -0.3279 -0.017334 0.110552 0.938062
0.1367 0.00103 -0.07412 1.0 0.0 0.0 0.0 1.0
0.0012 -0.0935 0.00094 1.0 -0.281079 0.015892 0.18779 0.940998
-0.1367 -0.00103 0.07412 1.0 0.0 0.0 0.0 1.0
0.04184 0.0 0.29363 1.0 0.0 0.0 0.0 1.0
0.0 0.17528 0.00003 1.0 -0.086089 -0.127297 -0.538999 0.828169
0.21175 -0.00194 0.03537 1.0 0.0 0.0 0.0 1.0
0.01545 -0.00217 0.03772 1.0 0.0 0.0 0.0 1.0
0.20253 -0.00433 0.07298 1.0 0.0 0.0 0.0 1.0
0.0 -0.17528 -0.00003 1.0 -0.122926 -0.125886 -0.675363 0.716189
0.21133 -0.00375 0.03157 1.0 0.0 0.0 0.0 1.0
0.00301 0.17235 -0.00005 1.0 -0.078764 -0.226177 -0.103129 0.965404
0.00301 0.18335 0.0012 1.0 -0.000559 -0.223826 0.000122 0.974629
-0.00302 -0.17235 0.00005 1.0 0.010502 -0.256042 0.063502 0.96452
-0.00269 -0.18335 -0.0011 1.0 -0.002902 -0.254836 0.000273 0.96698
0.05434 0.14794 0.03756 1.0 -0.101011 0.007785 -0.061043 0.99298
0.01196 0.15393 0.04553 1.0 -0.158147 0.004443 -0.016032 0.987275
-0.03124 0.14728 0.04113 1.0 -0.208908 -0.001705 0.030114 0.97747
-0.07001 0.1413 0.02956 1.0 -0.262996 -0.015327 0.073717 0.961854
0.09958 0.0939 -0.02147 1.0 0.013307 -0.038117 -0.103697 0.993789
-0.05434 -0.14794 -0.03756 1.0 0.015156 -0.000122 -0.066764 0.997654
-0.01196 -0.15393 -0.04553 1.0 -0.041603 -0.000634 -0.018073 0.998971
0.03124 -0.14728 -0.04113 1.0 -0.097185 -0.00061 0.037121 0.994574
0.07001 -0.1413 -0.02956 1.0 -0.181104 -0.013157 0.09156 0.979104
-0.00243 -0.14826 0.01593 1.0 0.707107 0.0 0.0 0.707107
-0.09958 -0.09391 0.02147 1.0 -0.121236 0.198927 -0.125717 0.964326
0.00074 0.05825 -0.00249 1.0 -0.150601 0.001184 0.0 0.988594
0.00034 0.05524 -0.00625 1.0 -0.168286 0.00044 -0.000122 0.985738
0.00033 0.0566 -0.00383 1.0 -0.150598 0.0 0.0 0.988595
0.00078 0.0516 -0.00392 1.0 -0.168321 -0.001815 0.000211 0.985731
0.00086 0.05627 -0.00025 1.0 -0.002024 -0.001177 0.022206 0.999751
-0.00074 -0.05825 0.00249 1.0 -0.082082 0.001292 0.0 0.996625
-0.00034 -0.05524 0.00625 1.0 -0.101845 0.0 0.0 0.9948
-0.00033 -0.0566 0.00383 1.0 -0.082088 -0.000691 0.0 0.996625
-0.00078 -0.0516 0.00392 1.0 -0.079412 -0.001735 0.0 0.99684
-0.00086 -0.05627 0.00025 1.0 0.001315 0.002021 0.160163 0.987088


##### Pose: 9 ##############################################

0.0 0.0 0.0 1.0 0.0 0.0 0.707107 0.707107
0.0 0.0 0.6234 1.0 0.0 0.0 0.0 1.0
0.0 0.0 0.0 1.0 0.0 0.0 0.0 1.0
0.01064 0.00053 -0.08633 1.0 -0.005516 0.007271 -0.000752 0.999958
0.0 0.0 -0.6234 1.0 0.0 0.0 0.0 1.0
0.00313 0.12307 0.0005 1.0 0.005793 -0.281166 0.09777 0.954648
0.00313 -0.12307 0.0005 1.0 0.118784 0.972655 -0.0292 0.197433
0.00295 0.0 0.10781 1.0 0.007602 0.052881 0.00105 0.998571
0.00295 0.0 0.10781 1.0 0.003433 0.025625 0.000503 0.999666
0.0 0.0 0.12763 1.0 0.00093 0.035105 0.0 0.999383
-0.00406 0.00155 -0.20992 1.0 -0.002197 0.338231 0.003365 0.941055
0.00406 -0.00155 0.20992 1.0 -0.000043 0.667445 0.008418 0.744612
-0.00508 0.00195 -0.15497 1.0 -0.002241 0.000837 -0.077619 0.99698
-0.00603 0.00231 -0.184 1.0 0.04996 0.196225 -0.075186 0.976395
-0.02319 0.09435 0.08792 1.0 0.0 0.0 0.0 1.0
-0.02727 0.0 0.12737 1.0 0.003782 0.12469 -0.005668 0.992172
0.0051 -0.0019 0.155 1.0 -0.00105 0.000386 -0.02509 0.999685
0.00603 -0.00231 0.184 1.0 0.129335 -0.061098 -0.034001 0.989133
-0.02319 -0.09435 0.08792 1.0 0.0 1.0 0.0 0.0
0.01955 0.0 0.11236 1.0 0.0 0.0 0.0 1.0
-0.0012 0.0935 -0.00094 1.0 -0.373994 -0.049736 -0.006364 0.926075
0.1367 0.00103 -0.07412 1.0 0.0 0.0 0.0 1.0
0.0012 -0.0935 0.00094 1.0 -0.346369 -0.007694 0.118562 0.930544
-0.1367 -0.00103 0.07412 1.0 0.0 0.0 0.0 1.0
0.04184 0.0 0.29363 1.0 0.0 0.0 0.0 1.0
0.0 0.17528 0.00003 1.0 -0.05071 -0.13019 -0.355307 0.924249
0.21175 -0.00194 0.03537 1.0 0.0 0.0 0.0 1.0
0.01545 -0.00217 0.03772 1.0 0.0 0.0 0.0 1.0
0.20253 -0.00433 0.07298 1.0 0.0 0.0 0.0 1.0
0.0 -0.17528 -0.00003 1.0 -0.099496 -0.126441 -0.59645 0.786359
0.21133 -0.00375 0.03157 1.0 0.0 0.0 0.0 1.0
0.00301 0.17235 -0.00005 1.0 -0.195328 -0.201768 -0.189967 0.940771
0.00301 0.18335 0.0012 1.0 -0.000559 -0.211233 0.000122 0.977436
-0.00302 -0.17235 0.00005 1.0 -0.070141 -0.229421 -0.034408 0.970187
-0.00269 -0.18335 -0.0011 1.0 -0.002907 -0.233308 0.000211 0.972399
0.05434 0.14794 0.03756 1.0 -0.104929 0.007896 -0.064867 0.992331
0.01196 0.15393 0.04553 1.0 -0.180194 0.004682 -0.017368 0.983467
-0.03124 0.14728 0.04113 1.0 -0.245036 -0.001899 0.032288 0.968974
-0.07001 0.1413 0.02956 1.0 -0.316636 -0.019173 0.077173 0.945208
0.09958 0.0939 -0.02147 1.0 0.017539 -0.032848 -0.063061 0.997315
-0.05434 -0.14794 -0.03756 1.0 0.018815 -0.000173 -0.062095 0.997893
-0.01196 -0.15393 -0.04553 1.0 -0.058348 -0.000173 -0.017199 0.998148
0.03124 -0.14728 -0.04113 1.0 -0.130962 0.00068 0.035249 0.99076
0.07001 -0.1413 -0.02956 1.0 -0.233615 -0.017035 0.085595 0.968405
-0.00243 -0.14826 0.01593 1.0 0.707107 0.0 0.0 0.707107
-0.09958 -0.09391 0.02147 1.0 -0.178429 0.211592 -0.086246 0.957055
0.00074 0.05825 -0.00249 1.0 -0.178107 0.001177 -0.000122 0.984011
0.00034 0.05524 -0.00625 1.0 -0.186913 0.000488 -0.000173 0.982376
0.00033 0.0566 -0.00383 1.0 -0.178105 0.000173 0.0 0.984012
0.00078 0.0516 -0.00392 1.0 -0.186931 -0.001811 0.000244 0.982371
0.00086 0.05627 -0.00025 1.0 -0.002024 -0.001177 0.022206 0.999751
-0.00074 -0.05825 0.00249 1.0 -0.094023 0.001292 0.0 0.995569
-0.00034 -0.05524 0.00625 1.0 -0.107209 0.0 0.0 0.994237
-0.00033 -0.0566 0.00383 1.0 -0.097883 -0.000691 0.0 0.995198
-0.00078 -0.0516 0.00392 1.0 -0.107209 -0.001735 0.0 0.994235
-0.00086 -0.05627 0.00025 1.0 0.001315 0.002021 0.160163 0.987088


##### Pose: 10 #############################################

0.0 0.0 0.0 1.0 0.0 0.0 0.707107 0.707107
0.0 0.0 0.6234 1.0 0.0 0.0 0.0 1.0
0.0 0.0 0.0 1.0 0.0 0.0 0.0 1.0
0.01209 0.00053 -0.08633 1.0 -0.005644 0.004271 -0.000732 0.999975
0.0 0.0 -0.6234 1.0 0.0 0.0 0.0 1.0
0.00313 0.12307 0.0005 1.0 0.005706 -0.27476 0.097642 0.956525
0.00313 -0.12307 0.0005 1.0 0.118659 0.975689 -0.03041 0.181731
0.00295 0.0 0.10781 1.0 0.00777 0.053081 0.001064 0.998559
0.00295 0.0 0.10781 1.0 0.003433 0.025625 0.000503 0.999666
0.0 0.0 0.12763 1.0 0.00093 0.035105 0.0 0.999383
-0.00406 0.00155 -0.20992 1.0 -0.002187 0.334146 0.003372 0.942513
0.00406 -0.00155 0.20992 1.0 -0.000043 0.667445 0.008418 0.744612
-0.00508 0.00195 -0.15497 1.0 -0.002244 0.000846 -0.076114 0.997096
-0.00603 0.00231 -0.184 1.0 0.049452 0.193243 -0.07388 0.977115
-0.02319 0.09435 0.08792 1.0 0.0 0.0 0.0 1.0
-0.02727 0.0 0.12737 1.0 0.003707 0.124685 -0.00337 0.992184
0.0051 -0.0019 0.155 1.0 -0.00105 0.000386 -0.02509 0.999685
0.00603 -0.00231 0.184 1.0 0.129121 -0.050254 -0.035712 0.989711
-0.02319 -0.09435 0.08792 1.0 0.0 1.0 0.0 0.0
0.01955 0.0 0.11236 1.0 0.0 0.0 0.0 1.0
-0.0012 0.0935 -0.00094 1.0 -0.401814 -0.061368 -0.096372 0.908566
0.1367 0.00103 -0.07412 1.0 0.0 0.0 0.0 1.0
0.0012 -0.0935 0.00094 1.0 -0.379776 0.003334 0.097953 0.919872
-0.1367 -0.00103 0.07412 1.0 0.0 0.0 0.0 1.0
0.04184 0.0 0.29363 1.0 0.0 0.0 0.0 1.0
0.0 0.17528 0.00003 1.0 -0.025066 -0.13175 -0.168562 0.976525
0.21175 -0.00194 0.03537 1.0 0.0 0.0 0.0 1.0
0.01545 -0.00217 0.03772 1.0 0.0 0.0 0.0 1.0
0.20253 -0.00433 0.07298 1.0 0.0 0.0 0.0 1.0
0.0 -0.17528 -0.00003 1.0 -0.082053 -0.119932 -0.544203 0.826273
0.21133 -0.00375 0.03157 1.0 0.0 0.0 0.0 1.0
0.00301 0.17235 -0.00005 1.0 -0.243713 -0.18212 -0.241662 0.921431
0.00301 0.18335 0.0012 1.0 -0.000559 -0.205918 0.000122 0.978569
-0.00302 -0.17235 0.00005 1.0 -0.107821 -0.207174 -0.097509 0.967443
-0.00269 -0.18335 -0.0011 1.0 -0.002912 -0.210711 0.000122 0.977544
0.05434 0.14794 0.03756 1.0 -0.10177 0.007142 -0.0715 0.992209
0.01196 0.15393 0.04553 1.0 -0.185063 0.004507 -0.019164 0.982529
-0.03124 0.14728 0.04113 1.0 -0.255014 -0.002234 0.035489 0.966283
-0.07001 0.1413 0.02956 1.0 -0.333103 -0.022939 0.083609 0.938896
0.09958 0.0939 -0.02147 1.0 0.015873 -0.027071 -0.040663 0.99868
-0.05434 -0.14794 -0.03756 1.0 0.013976 0.000173 -0.057591 0.998242
-0.01196 -0.15393 -0.04553 1.0 -0.075079 0.000345 -0.016346 0.997044
0.03124 -0.14728 -0.04113 1.0 -0.164591 0.001831 0.033333 0.985797
0.07001 -0.1413 -0.02956 1.0 -0.25942 -0.017798 0.079546 0.962319
-0.00243 -0.14826 0.01593 1.0 0.707107 0.0 0.0 0.707107
-0.09958 -0.09391 0.02147 1.0 -0.209056 0.212812 -0.061199 0.952503
0.00074 0.05825 -0.00249 1.0 -0.205474 0.001177 -0.000122 0.978662
0.00034 0.05524 -0.00625 1.0 -0.205473 0.000546 -0.000173 0.978663
0.00033 0.0566 -0.00383 1.0 -0.205473 0.000211 -0.000122 0.978663
0.00078 0.0516 -0.00392 1.0 -0.205474 -0.001806 0.000273 0.978661
0.00086 0.05627 -0.00025 1.0 -0.002024 -0.001177 0.022206 0.999751
-0.00074 -0.05825 0.00249 1.0 -0.10595 0.001292 0.0 0.994371
-0.00034 -0.05524 0.00625 1.0 -0.118309 0.0 0.0 0.992977
-0.00033 -0.0566 0.00383 1.0 -0.113653 -0.000691 0.0 0.99352
-0.00078 -0.0516 0.00392 1.0 -0.106349 -0.001735 0.0 0.994327
-0.00086 -0.05627 0.00025 1.0 0.001315 0.002021 0.160163 0.987088


##### Pose: 11 #############################################

0.0 0.0 0.0 1.0 0.0 0.0 0.707107 0.707107
0.0 0.0 0.6234 1.0 0.0 0.0 0.0 1.0
0.0 0.0 0.0 1.0 0.0 0.0 0.0 1.0
0.01354 0.00053 -0.08633 1.0 -0.005771 0.001263 -0.000722 0.999982
0.0 0.0 -0.6234 1.0 0.0 0.0 0.0 1.0
0.00313 0.12307 0.0005 1.0 0.005986 -0.281133 0.098414 0.954591
0.00313 -0.12307 0.0005 1.0 0.117497 0.972444 -0.035529 0.198204
0.00295 0.0 0.10781 1.0 0.007942 0.053282 0.001071 0.998547
0.00295 0.0 0.10781 1.0 0.003433 0.025625 0.000503 0.999666
0.0 0.0 0.12763 1.0 0.00093 0.035105 0.0 0.999383
-0.00406 0.00155 -0.20992 1.0 -0.00217 0.330055 0.003383 0.943953
0.00406 -0.00155 0.20992 1.0 -0.000043 0.667445 0.008418 0.744612
-0.00508 0.00195 -0.15497 1.0 -0.002244 0.000846 -0.074608 0.99721
-0.00603 0.00231 -0.184 1.0 0.048954 0.190259 -0.072571 0.977823
-0.02319 0.09435 0.08792 1.0 0.0 0.0 0.0 1.0
-0.02727 0.0 0.12737 1.0 0.003627 0.124679 -0.001071 0.99219
0.0051 -0.0019 0.155 1.0 -0.00105 0.000386 -0.02509 0.999685
0.00603 -0.00231 0.184 1.0 0.129223 -0.060878 -0.03564 0.989103
-0.02319 -0.09435 0.08792 1.0 0.0 1.0 0.0 0.0
0.01955 0.0 0.11236 1.0 0.0 0.0 0.0 1.0
-0.0012 0.0935 -0.00094 1.0 -0.421155 0.012228 -0.049022 0.90558
0.1367 0.00103 -0.07412 1.0 0.0 0.0 0.0 1.0
0.0012 -0.0935 0.00094 1.0 -0.387229 0.069374 0.139659 0.9087
-0.1367 -0.00103 0.07412 1.0 0.0 0.0 0.0 1.0
0.04184 0.0 0.29363 1.0 0.0 0.0 0.0 1.0
0.0 0.17528 0.00003 1.0 -0.029694 -0.130841 -0.205039 0.969514
0.21175 -0.00194 0.03537 1.0 0.0 0.0 0.0 1.0
0.01545 -0.00217 0.03772 1.0 0.0 0.0 0.0 1.0
0.20253 -0.00433 0.07298 1.0 0.0 0.0 0.0 1.0
0.0 -0.17528 -0.00003 1.0 -0.079281 -0.119814 -0.534799 0.832676
0.21133 -0.00375 0.03157 1.0 0.0 0.0 0.0 1.0
0.00301 0.17235 -0.00005 1.0 -0.234369 -0.183867 -0.248871 0.92159
0.00301 0.18335 0.0012 1.0 -0.000559 -0.200598 0.000122 0.979674
-0.00302 -0.17235 0.00005 1.0 -0.116239 -0.208837 -0.104277 0.965402
-0.00269 -0.18335 -0.0011 1.0 -0.002912 -0.212932 0.000122 0.977063
0.05434 0.14794 0.03756 1.0 -0.087564 0.005902 -0.079432 0.992969
0.01196 0.15393 0.04553 1.0 -0.174029 0.004206 -0.021089 0.984506
-0.03124 0.14728 0.04113 1.0 -0.244827 -0.002581 0.039251 0.968769
-0.07001 0.1413 0.02956 1.0 -0.32347 -0.025951 0.092114 0.941387
0.09958 0.0939 -0.02147 1.0 0.008731 -0.021099 -0.032064 0.999225
-0.05434 -0.14794 -0.03756 1.0 -0.004264 0.000423 -0.053453 0.998561
-0.01196 -0.15393 -0.04553 1.0 -0.09179 0.00088 -0.015517 0.995657
0.03124 -0.14728 -0.04113 1.0 -0.150787 0.001348 0.031483 0.988064
0.07001 -0.1413 -0.02956 1.0 -0.253847 -0.016895 0.073824 0.964275
-0.00243 -0.14826 0.01593 1.0 0.707107 0.0 0.0 0.707107
-0.09958 -0.09391 0.02147 1.0 -0.220212 0.202961 -0.048118 0.952889
0.00074 0.05825 -0.00249 1.0 -0.176916 0.001184 0.0 0.984225
0.00034 0.05524 -0.00625 1.0 -0.18095 0.000598 -0.000173 0.983492
0.00033 0.0566 -0.00383 1.0 -0.176917 0.000323 -0.000122 0.984226
0.00078 0.0516 -0.00392 1.0 -0.176914 -0.001815 0.000211 0.984225
0.00086 0.05627 -0.00025 1.0 -0.002024 -0.001177 0.022206 0.999751
-0.00074 -0.05825 0.00249 1.0 -0.117862 0.001298 0.0 0.993029
-0.00034 -0.05524 0.00625 1.0 -0.129394 0.0 0.0 0.991593
-0.00033 -0.0566 0.00383 1.0 -0.129394 -0.000691 0.0 0.991593
-0.00078 -0.0516 0.00392 1.0 -0.105489 -0.001735 0.0 0.994419
-0.00086 -0.05627 0.00025 1.0 0.001315 0.002021 0.160163 0.987088


##### Pose: 12 #############################################

0.0 0.0 0.0 1.0 0.0 0.0 0.707107 0.707107
0.0 0.0 0.6234 1.0 0.0 0.0 0.0 1.0
0.0 0.0 0.0 1.0 0.0 0.0 0.0 1.0
0.01498 0.00053 -0.08633 1.0 -0.005895 0.004271 -0.000732 0.999973
0.0 0.0 -0.6234 1.0 0.0 0.0 0.0 1.0
0.00313 0.12307 0.0005 1.0 0.006317 -0.297125 0.099961 0.949571
0.00313 -0.12307 0.0005 1.0 0.117591 0.969156 -0.034311 0.21385
0.00295 0.0 0.10781 1.0 0.008111 0.053482 0.001085 0.998535
0.00295 0.0 0.10781 1.0 0.003433 0.025625 0.000503 0.999666
0.0 0.0 0.12763 1.0 0.00093 0.035105 0.0 0.999383
-0.00406 0.00155 -0.20992 1.0 -0.002156 0.325957 0.003392 0.945376
0.00406 -0.00155 0.20992 1.0 -0.000183 0.682512 0.008416 0.730826
-0.00508 0.00195 -0.15497 1.0 -0.002248 0.000854 -0.073103 0.997322
-0.00603 0.00231 -0.184 1.0 0.048893 0.193188 -0.070966 0.97737
-0.02319 0.09435 0.08792 1.0 0.0 0.0 0.0 1.0
-0.02727 0.0 0.12737 1.0 0.00412 0.124687 -0.003318 0.992182
0.0051 -0.0019 0.155 1.0 -0.00105 0.000386 -0.02509 0.999685
0.00603 -0.00231 0.184 1.0 0.129957 -0.086833 -0.033677 0.987136
-0.02319 -0.09435 0.08792 1.0 0.0 1.0 0.0 0.0
0.01955 0.0 0.11236 1.0 0.0 0.0 0.0 1.0
-0.0012 0.0935 -0.00094 1.0 -0.437035 0.123152 0.05513 0.889266
0.1367 0.00103 -0.07412 1.0 0.0 0.0 0.0 1.0
0.0012 -0.0935 0.00094 1.0 -0.390641 0.154179 0.20271 0.884611
-0.1367 -0.00103 0.07412 1.0 0.0 0.0 0.0 1.0
0.04184 0.0 0.29363 1.0 0.0 0.0 0.0 1.0
0.0 0.17528 0.00003 1.0 -0.046473 -0.133763 -0.314852 0.938518
0.21175 -0.00194 0.03537 1.0 0.0 0.0 0.0 1.0
0.01545 -0.00217 0.03772 1.0 0.0 0.0 0.0 1.0
0.20253 -0.00433 0.07298 1.0 0.0 0.0 0.0 1.0
0.0 -0.17528 -0.00003 1.0 -0.077279 -0.123819 -0.515252 0.844519
0.21133 -0.00375 0.03157 1.0 0.0 0.0 0.0 1.0
0.00301 0.17235 -0.00005 1.0 -0.20058 -0.200409 -0.22894 0.931231
0.00301 0.18335 0.0012 1.0 -0.000559 -0.208851 0.000122 0.977947
-0.00302 -0.17235 0.00005 1.0 -0.112822 -0.212026 -0.093128 0.966252
-0.00269 -0.18335 -0.0011 1.0 -0.002912 -0.216371 0.000122 0.976307
0.05434 0.14794 0.03756 1.0 -0.065393 0.003984 -0.088752 0.993897
0.01196 0.15393 0.04553 1.0 -0.149467 0.003631 -0.023339 0.988485
-0.03124 0.14728 0.04113 1.0 -0.21724 -0.002781 0.043721 0.975135
-0.07001 0.1413 0.02956 1.0 -0.294544 -0.026815 0.10332 0.949658
0.09958 0.0939 -0.02147 1.0 -0.002963 -0.014361 -0.031832 0.999386
-0.05434 -0.14794 -0.03756 1.0 -0.037105 0.001465 -0.049223 0.998097
-0.01196 -0.15393 -0.04553 1.0 -0.096039 0.001638 -0.01469 0.995268
0.03124 -0.14728 -0.04113 1.0 -0.136951 0.000922 0.029626 0.990134
0.07001 -0.1413 -0.02956 1.0 -0.222733 -0.014651 0.068412 0.972366
-0.00243 -0.14826 0.01593 1.0 0.707107 0.0 0.0 0.707107
-0.09958 -0.09391 0.02147 1.0 -0.222016 0.189343 -0.039182 0.955679
0.00074 0.05825 -0.00249 1.0 -0.148207 0.001184 0.0 0.988956
0.00034 0.05524 -0.00625 1.0 -0.156314 0.000646 -0.000173 0.987707
0.00033 0.0566 -0.00383 1.0 -0.148211 0.00044 -0.000122 0.988956
0.00078 0.0516 -0.00392 1.0 -0.148203 -0.001819 0.000173 0.988955
0.00086 0.05627 -0.00025 1.0 -0.002024 -0.001177 0.022206 0.999751
-0.00074 -0.05825 0.00249 1.0 -0.129757 0.001298 0.0 0.991545
-0.00034 -0.05524 0.00625 1.0 -0.124709 0.0 0.0 0.992193
-0.00033 -0.0566 0.00383 1.0 -0.122564 -0.000691 0.0 0.99246
-0.00078 -0.0516 0.00392 1.0 -0.104629 -0.001735 0.0 0.99451
-0.00086 -0.05627 0.00025 1.0 0.001315 0.002021 0.160163 0.987088


##### Pose: 13 #############################################

0.0 0.0 0.0 1.0 0.0 0.0 0.707107 0.707107
0.0 0.0 0.6234 1.0 0.0 0.0 0.0 1.0
0.0 0.0 0.0 1.0 0.0 0.0 0.0 1.0
0.01354 0.00053 -0.08633 1.0 -0.006017 0.007271 -0.000752 0.999955
0.0 0.0 -0.6234 1.0 0.0 0.0 0.0 1.0
0.00313 0.12307 0.0005 1.0 0.005929 -0.315688 0.102168 0.943328
0.00313 -0.12307 0.0005 1.0 0.117755 0.965606 -0.033106 0.22944
0.00295 0.0 0.10781 1.0 0.00828 0.053683 0.001099 0.998523
0.00295 0.0 0.10781 1.0 0.003433 0.025625 0.000503 0.999666
0.0 0.0 0.12763 1.0 0.00093 0.035105 0.0 0.999383
-0.00406 0.00155 -0.20992 1.0 -0.002139 0.321854 0.003403 0.946781
0.00406 -0.00155 0.20992 1.0 -0.000353 0.697295 0.008411 0.716735
-0.00508 0.00195 -0.15497 1.0 -0.002244 0.000846 -0.075361 0.997153
-0.00603 0.00231 -0.184 1.0 0.049534 0.196185 -0.073002 0.97659
-0.02319 0.09435 0.08792 1.0 0.0 0.0 0.0 1.0
-0.02727 0.0 0.12737 1.0 0.004613 0.124695 -0.005565 0.992169
0.0051 -0.0019 0.155 1.0 -0.00105 0.000386 -0.02509 0.999685
0.00603 -0.00231 0.184 1.0 0.131562 -0.118043 -0.03156 0.983749
-0.02319 -0.09435 0.08792 1.0 0.0 1.0 0.0 0.0
0.01955 0.0 0.11236 1.0 0.0 0.0 0.0 1.0
-0.0012 0.0935 -0.00094 1.0 -0.453413 0.205595 0.13654 0.856449
0.1367 0.00103 -0.07412 1.0 0.0 0.0 0.0 1.0
0.0012 -0.0935 0.00094 1.0 -0.404817 0.210107 0.237671 0.857608
-0.1367 -0.00103 0.07412 1.0 0.0 0.0 0.0 1.0
0.04184 0.0 0.29363 1.0 0.0 0.0 0.0 1.0
0.0 0.17528 0.00003 1.0 -0.053754 -0.140046 -0.346689 0.925907
0.21175 -0.00194 0.03537 1.0 0.0 0.0 0.0 1.0
0.01545 -0.00217 0.03772 1.0 0.0 0.0 0.0 1.0
0.20253 -0.00433 0.07298 1.0 0.0 0.0 0.0 1.0
0.0 -0.17528 -0.00003 1.0 -0.066434 -0.133396 -0.432153 0.889402
0.21133 -0.00375 0.03157 1.0 0.0 0.0 0.0 1.0
0.00301 0.17235 -0.00005 1.0 -0.14329 -0.218095 -0.200965 0.944201
0.00301 0.18335 0.0012 1.0 -0.000559 -0.217089 0.000122 0.976152
-0.00302 -0.17235 0.00005 1.0 -0.099884 -0.216677 -0.069399 0.968637
-0.00269 -0.18335 -0.0011 1.0 -0.002909 -0.219807 0.000173 0.975539
0.05434 0.14794 0.03756 1.0 -0.03732 0.001777 -0.099236 0.994362
0.01196 0.15393 0.04553 1.0 -0.116184 0.002904 -0.025637 0.992893
-0.03124 0.14728 0.04113 1.0 -0.179275 -0.002937 0.04881 0.982583
-0.07001 0.1413 0.02956 1.0 -0.252991 -0.026153 0.117315 0.959973
0.09958 0.0939 -0.02147 1.0 -0.017882 -0.006635 -0.033612 0.999253
-0.05434 -0.14794 -0.03756 1.0 -0.073542 0.003974 -0.044872 0.996274
-0.01196 -0.15393 -0.04553 1.0 -0.100286 0.002389 -0.01387 0.994859
0.03124 -0.14728 -0.04113 1.0 -0.123085 0.000546 0.027764 0.992008
0.07001 -0.1413 -0.02956 1.0 -0.175361 -0.011773 0.062496 0.982448
-0.00243 -0.14826 0.01593 1.0 0.707107 0.0 0.0 0.707107
-0.09958 -0.09391 0.02147 1.0 -0.219487 0.173427 -0.033689 0.959486
0.00074 0.05825 -0.00249 1.0 -0.119373 0.001184 0.0 0.992849
0.00034 0.05524 -0.00625 1.0 -0.13158 0.000712 -0.000173 0.991305
0.00033 0.0566 -0.00383 1.0 -0.11938 0.000532 -0.000122 0.992849
0.00078 0.0516 -0.00392 1.0 -0.119367 -0.001823 0.000122 0.992849
0.00086 0.05627 -0.00025 1.0 -0.002024 -0.001177 0.022206 0.999751
-0.00074 -0.05825 0.00249 1.0 -0.120531 0.001298 0.0 0.992709
-0.00034 -0.05524 0.00625 1.0 -0.120022 0.0 0.0 0.992771
-0.00033 -0.0566 0.00383 1.0 -0.115729 -0.000691 0.0 0.993281
-0.00078 -0.0516 0.00392 1.0 -0.103769 -0.001735 0.0 0.9946
-0.00086 -0.05627 0.00025 1.0 0.001315 0.002021 0.160163 0.987088


##### Pose: 14 #############################################

0.0 0.0 0.0 1.0 0.0 0.0 0.707107 0.707107
0.0 0.0 0.6234 1.0 0.0 0.0 0.0 1.0
0.0 0.0 0.0 1.0 0.0 0.0 0.0 1.0
0.01209 0.00053 -0.08633 1.0 -0.00614 0.010273 -0.000772 0.999928
0.0 0.0 -0.6234 1.0 0.0 0.0 0.0 1.0
0.00313 0.12307 0.0005 1.0 0.005913 -0.331119 0.104398 0.937777
0.00313 -0.12307 0.0005 1.0 0.11799 0.961795 -0.031917 0.24497
0.00295 0.0 0.10781 1.0 0.008452 0.053884 0.001105 0.998511
0.00295 0.0 0.10781 1.0 0.003433 0.025625 0.000503 0.999666
0.0 0.0 0.12763 1.0 0.00093 0.035105 0.0 0.999383
-0.00406 0.00155 -0.20992 1.0 -0.002128 0.318063 0.003409 0.948061
0.00406 -0.00155 0.20992 1.0 -0.000523 0.711788 0.008402 0.702344
-0.00508 0.00195 -0.15497 1.0 -0.002241 0.000837 -0.077619 0.99698
-0.00603 0.00231 -0.184 1.0 0.050187 0.199178 -0.075034 0.975797
-0.02319 0.09435 0.08792 1.0 0.0 0.0 0.0 1.0
-0.02727 0.0 0.12737 1.0 0.005102 0.124703 -0.007812 0.99215
0.0051 -0.0019 0.155 1.0 -0.00105 0.000386 -0.026081 0.999659
0.00603 -0.00231 0.184 1.0 0.133048 -0.143885 -0.02954 0.980165
-0.02319 -0.09435 0.08792 1.0 0.0 1.0 0.0 0.0
0.01955 0.0 0.11236 1.0 0.0 0.0 0.0 1.0
-0.0012 0.0935 -0.00094 1.0 -0.471428 0.234684 0.179903 0.830851
0.1367 0.00103 -0.07412 1.0 0.0 0.0 0.0 1.0
0.0012 -0.0935 0.00094 1.0 -0.431501 0.212648 0.220203 0.848586
-0.1367 -0.00103 0.07412 1.0 0.0 0.0 0.0 1.0
0.04184 0.0 0.29363 1.0 0.0 0.0 0.0 1.0
0.0 0.17528 0.00003 1.0 -0.048021 -0.148828 -0.295204 0.942549
0.21175 -0.00194 0.03537 1.0 0.0 0.0 0.0 1.0
0.01545 -0.00217 0.03772 1.0 0.0 0.0 0.0 1.0
0.20253 -0.00433 0.07298 1.0 0.0 0.0 0.0 1.0
0.0 -0.17528 -0.00003 1.0 -0.043154 -0.146106 -0.269017 0.95101
0.21133 -0.00375 0.03157 1.0 0.0 0.0 0.0 1.0
0.00301 0.17235 -0.00005 1.0 -0.069269 -0.229043 -0.170107 0.955931
0.00301 0.18335 0.0012 1.0 -0.000559 -0.225313 0.000122 0.974286
-0.00302 -0.17235 0.00005 1.0 -0.076185 -0.221626 -0.03937 0.971354
-0.00269 -0.18335 -0.0011 1.0 -0.002909 -0.223241 0.000173 0.974759
0.05434 0.14794 0.03756 1.0 -0.005511 -0.001145 -0.110257 0.993887
0.01196 0.15393 0.04553 1.0 -0.076596 0.001926 -0.028132 0.996663
-0.03124 0.14728 0.04113 1.0 -0.136691 -0.002649 0.054363 0.989117
-0.07001 0.1413 0.02956 1.0 -0.202521 -0.023734 0.132407 0.969995
0.09958 0.0939 -0.02147 1.0 -0.034367 0.001245 -0.038424 0.99867
-0.05434 -0.14794 -0.03756 1.0 -0.106272 0.006631 -0.041983 0.993428
-0.01196 -0.15393 -0.04553 1.0 -0.10456 0.001078 -0.012838 0.994435
0.03124 -0.14728 -0.04113 1.0 -0.109191 0.000244 0.025897 0.993683
0.07001 -0.1413 -0.02956 1.0 -0.124945 -0.008052 0.058945 0.990378
-0.00243 -0.14826 0.01593 1.0 0.707107 0.0 0.0 0.707107
-0.09958 -0.09391 0.02147 1.0 -0.211841 0.155464 -0.030582 0.964375
0.00074 0.05825 -0.00249 1.0 -0.090438 0.001184 0.0 0.995901
0.00034 0.05524 -0.00625 1.0 -0.096488 0.000782 -0.000122 0.995334
0.00033 0.0566 -0.00383 1.0 -0.090448 0.000634 -0.000122 0.995901
0.00078 0.0516 -0.00392 1.0 -0.09043 -0.001823 0.000122 0.995901
0.00086 0.05627 -0.00025 1.0 -0.002024 -0.001177 0.022206 0.999751
-0.00074 -0.05825 0.00249 1.0 -0.111294 0.001292 0.0 0.993787
-0.00034 -0.05524 0.00625 1.0 -0.115331 0.0 0.0 0.993327
-0.00033 -0.0566 0.00383 1.0 -0.108888 -0.000691 0.0 0.994054
-0.00078 -0.0516 0.00392 1.0 -0.102909 -0.001735 0.0 0.994689
-0.00086 -0.05627 0.00025 1.0 0.001315 0.002021 0.160163 0.987088


##### Pose: 15 #############################################

0.0 0.0 0.0 1.0 0.0 0.0 0.707107 0.707107
0.0 0.0 0.6234 1.0 0.0 0.0 0.0 1.0
0.0 0.0 0.0 1.0 0.0 0.0 0.0 1.0
0.01064 0.00053 -0.08633 1.0 -0.006263 0.013274 -0.000791 0.999892
0.0 0.0 -0.6234 1.0 0.0 0.0 0.0 1.0
0.00313 0.12307 0.0005 1.0 0.006524 -0.337373 0.105138 0.935459
0.00313 -0.12307 0.0005 1.0 0.118295 0.957724 -0.030744 0.260434
0.00295 0.0 0.10781 1.0 0.008621 0.054084 0.001119 0.998499
0.00295 0.0 0.10781 1.0 0.003433 0.025625 0.000503 0.999666
0.0 0.0 0.12763 1.0 0.00093 0.035105 0.0 0.999383
-0.00406 0.00155 -0.20992 1.0 -0.002114 0.314267 0.003418 0.949326
0.00406 -0.00155 0.20992 1.0 -0.000694 0.725983 0.00839 0.687661
-0.00508 0.00195 -0.15497 1.0 -0.002241 0.000837 -0.079876 0.996802
-0.00603 0.00231 -0.184 1.0 0.050852 0.202167 -0.077063 0.974989
-0.02319 0.09435 0.08792 1.0 0.0 0.0 0.0 1.0
-0.02727 0.0 0.12737 1.0 0.005597 0.124712 -0.010057 0.992126
0.0051 -0.0019 0.155 1.0 -0.00105 0.000386 -0.027072 0.999633
0.00603 -0.00231 0.184 1.0 0.133293 -0.154631 -0.027984 0.978539
-0.02319 -0.09435 0.08792 1.0 0.0 1.0 0.0 0.0
0.01955 0.0 0.11236 1.0 0.0 0.0 0.0 1.0
-0.0012 0.0935 -0.00094 1.0 -0.454495 0.246068 0.211009 0.829675
0.1367 0.00103 -0.07412 1.0 0.0 0.0 0.0 1.0
0.0012 -0.0935 0.00094 1.0 -0.428485 0.213767 0.243919 0.843331
-0.1367 -0.00103 0.07412 1.0 0.0 0.0 0.0 1.0
0.04184 0.0 0.29363 1.0 0.0 0.0 0.0 1.0
0.0 0.17528 0.00003 1.0 -0.041337 -0.150565 -0.254252 0.954451
0.21175 -0.00194 0.03537 1.0 0.0 0.0 0.0 1.0
0.01545 -0.00217 0.03772 1.0 0.0 0.0 0.0 1.0
0.20253 -0.00433 0.07298 1.0 0.0 0.0 0.0 1.0
0.0 -0.17528 -0.00003 1.0 -0.033286 -0.151212 -0.20229 0.967009
0.21133 -0.00375 0.03157 1.0 0.0 0.0 0.0 1.0
0.00301 0.17235 -0.00005 1.0 0.00622 -0.230345 -0.14273 0.962565
0.00301 0.18335 0.0012 1.0 -0.000559 -0.23352 0.000122 0.972352
-0.00302 -0.17235 0.00005 1.0 -0.04358 -0.226169 -0.013047 0.973025
-0.00269 -0.18335 -0.0011 1.0 -0.002909 -0.226672 0.000173 0.973967
0.05434 0.14794 0.03756 1.0 0.027915 -0.004572 -0.121964 0.992131
0.01196 0.15393 0.04553 1.0 -0.03443 0.000743 -0.030722 0.998935
-0.03124 0.14728 0.04113 1.0 -0.088028 -0.002146 0.060489 0.994278
-0.07001 0.1413 0.02956 1.0 -0.146927 -0.019831 0.148263 0.977772
0.09958 0.0939 -0.02147 1.0 -0.051767 0.009103 -0.047235 0.9975
-0.05434 -0.14794 -0.03756 1.0 -0.124408 0.007834 -0.04162 0.991327
-0.01196 -0.15393 -0.04553 1.0 -0.10883 -0.000244 -0.011795 0.99399
0.03124 -0.14728 -0.04113 1.0 -0.095274 -0.000122 0.024026 0.995161
0.07001 -0.1413 -0.02956 1.0 -0.079052 -0.004731 0.058591 0.995136
-0.00243 -0.14826 0.01593 1.0 0.707107 0.0 0.0 0.707107
-0.09958 -0.09391 0.02147 1.0 -0.200293 0.136123 -0.030494 0.969754
0.00074 0.05825 -0.00249 1.0 -0.053612 0.001184 0.0 0.998561
0.00034 0.05524 -0.00625 1.0 -0.096488 0.000837 -0.000122 0.995334
0.00033 0.0566 -0.00383 1.0 -0.055234 0.000722 -0.000122 0.998473
0.00078 0.0516 -0.00392 1.0 -0.045519 -0.001823 -0.000122 0.998962
0.00086 0.05627 -0.00025 1.0 -0.002024 -0.001177 0.022206 0.999751
-0.00074 -0.05825 0.00249 1.0 -0.102047 0.001292 0.0 0.994779
-0.00034 -0.05524 0.00625 1.0 -0.10591 0.0 0.0 0.994376
-0.00033 -0.0566 0.00383 1.0 -0.102042 -0.000691 0.0 0.99478
-0.00078 -0.0516 0.00392 1.0 -0.102048 -0.001735 0.0 0.994778
-0.00086 -0.05627 0.00025 1.0 0.001315 0.002021 0.160163 0.987088


##### Pose: 16 #############################################

0.0 0.0 0.0 1.0 0.0 0.0 0.707107 0.707107
0.0 0.0 0.6234 1.0 0.0 0.0 0.0 1.0
0.0 0.0 0.0 1.0 0.0 0.0 0.0 1.0
0.00919 0.00053 -0.08633 1.0 -0.006386 0.016274 -0.000819 0.999847
0.0 0.0 -0.6234 1.0 0.0 0.0 0.0 1.0
0.00313 0.12307 0.0005 1.0 0.006628 -0.331208 0.104043 0.937781
0.00313 -0.12307 0.0005 1.0 0.119632 0.962456 -0.025423 0.242323
0.00295 0.0 0.10781 1.0 0.008792 0.054285 0.001125 0.998486
0.00295 0.0 0.10781 1.0 0.003433 0.025625 0.000503 0.999666
0.0 0.0 0.12763 1.0 0.00093 0.035105 0.0 0.999383
-0.00406 0.00155 -0.20992 1.0 -0.0021 0.310465 0.003427 0.950576
0.00406 -0.00155 0.20992 1.0 -0.000523 0.711788 0.008402 0.702344
-0.00508 0.00195 -0.15497 1.0 -0.002238 0.000828 -0.082132 0.996619
-0.00603 0.00231 -0.184 1.0 0.05153 0.205151 -0.079087 0.974168
-0.02319 0.09435 0.08792 1.0 0.0 0.0 0.0 1.0
-0.02727 0.0 0.12737 1.0 0.006089 0.124721 -0.012306 0.992097
0.0051 -0.0019 0.155 1.0 -0.00105 0.000386 -0.028062 0.999606
0.00603 -0.00231 0.184 1.0 0.132469 -0.144134 -0.027795 0.980258
-0.02319 -0.09435 0.08792 1.0 0.0 1.0 0.0 0.0
0.01955 0.0 0.11236 1.0 0.0 0.0 0.0 1.0
-0.0012 0.0935 -0.00094 1.0 -0.412753 0.250245 0.261742 0.835765
0.1367 0.00103 -0.07412 1.0 0.0 0.0 0.0 1.0
0.0012 -0.0935 0.00094 1.0 -0.396624 0.236046 0.321904 0.82665
-0.1367 -0.00103 0.07412 1.0 0.0 0.0 0.0 1.0
0.04184 0.0 0.29363 1.0 0.0 0.0 0.0 1.0
0.0 0.17528 0.00003 1.0 -0.040262 -0.140066 -0.265672 0.952984
0.21175 -0.00194 0.03537 1.0 0.0 0.0 0.0 1.0
0.01545 -0.00217 0.03772 1.0 0.0 0.0 0.0 1.0
0.20253 -0.00433 0.07298 1.0 0.0 0.0 0.0 1.0
0.0 -0.17528 -0.00003 1.0 -0.042895 -0.147711 -0.266235 0.951557
0.21133 -0.00375 0.03157 1.0 0.0 0.0 0.0 1.0
0.00301 0.17235 -0.00005 1.0 0.069589 -0.217205 -0.122625 0.96589
0.00301 0.18335 0.0012 1.0 -0.000559 -0.206756 0.000122 0.978392
-0.00302 -0.17235 0.00005 1.0 -0.000846 -0.229683 0.000386 0.973265
-0.00269 -0.18335 -0.0011 1.0 -0.002909 -0.229477 0.000173 0.97331
0.05434 0.14794 0.03756 1.0 0.059819 -0.009167 -0.13262 0.989318
0.01196 0.15393 0.04553 1.0 0.007762 -0.000701 -0.03346 0.99941
-0.03124 0.14728 0.04113 1.0 -0.037816 -0.001257 0.066153 0.997092
-0.07001 0.1413 0.02956 1.0 -0.08685 -0.01393 0.163366 0.982637
0.09958 0.0939 -0.02147 1.0 -0.06893 0.016494 -0.058173 0.995787
-0.05434 -0.14794 -0.03756 1.0 -0.121971 0.006618 -0.044521 0.991513
-0.01196 -0.15393 -0.04553 1.0 -0.084575 -0.00153 -0.014387 0.996312
0.03124 -0.14728 -0.04113 1.0 -0.073038 0.000122 0.029545 0.996891
0.07001 -0.1413 -0.02956 1.0 -0.050387 -0.002566 0.063033 0.996735
-0.00243 -0.14826 0.01593 1.0 0.707107 0.0 0.0 0.707107
-0.09958 -0.09391 0.02147 1.0 -0.185957 0.115948 -0.03509 0.975061
0.00074 0.05825 -0.00249 1.0 -0.053612 0.001184 0.0 0.998561
0.00034 0.05524 -0.00625 1.0 -0.096488 0.000657 -0.000122 0.995334
0.00033 0.0566 -0.00383 1.0 -0.055235 0.000457 0.0 0.998473
0.00078 0.0516 -0.00392 1.0 -0.040587 -0.001823 -0.000122 0.999174
0.00086 0.05627 -0.00025 1.0 -0.002024 -0.001177 0.022206 0.999751
-0.00074 -0.05825 0.00249 1.0 -0.085732 0.001292 0.0 0.996317
-0.00034 -0.05524 0.00625 1.0 -0.096479 0.0 0.0 0.995335
-0.00033 -0.0566 0.00383 1.0 -0.085734 -0.000691 0.0 0.996318
-0.00078 -0.0516 0.00392 1.0 -0.085728 -0.001735 0.0 0.996317
-0.00086 -0.05627 0.00025 1.0 0.001315 0.002021 0.160163 0.987088


##### Pose: 17 #############################################

0.0 0.0 0.0 1.0 0.0 0.0 0.707107 0.707107
0.0 0.0 0.6234 1.0 0.0 0.0 0.0 1.0
0.0 0.0 0.0 1.0 0.0 0.0 0.0 1.0
0.00775 0.00053 -0.08633 1.0 -0.006514 0.012034 -0.000791 0.999906
0.0 0.0 -0.6234 1.0 0.0 0.0 0.0 1.0
0.00313 0.12307 0.0005 1.0 0.006514 -0.315778 0.101669 0.943348
0.00313 -0.12307 0.0005 1.0 0.119049 0.966649 -0.027647 0.225062
0.00295 0.0 0.10781 1.0 0.008961 0.054485 0.001139 0.998474
0.00295 0.0 0.10781 1.0 0.003433 0.025625 0.000503 0.999666
0.0 0.0 0.12763 1.0 0.00093 0.035105 0.0 0.999383
-0.00406 0.00155 -0.20992 1.0 -0.002135 0.319752 0.003405 0.947493
0.00406 -0.00155 0.20992 1.0 -0.000353 0.697295 0.008411 0.716735
-0.00508 0.00195 -0.15497 1.0 -0.002241 0.000837 -0.078763 0.99689
-0.00603 0.00231 -0.184 1.0 0.050513 0.200754 -0.075989 0.975383
-0.02319 0.09435 0.08792 1.0 0.0 0.0 0.0 1.0
-0.02727 0.0 0.12737 1.0 0.005894 0.124713 -0.009064 0.992134
0.0051 -0.0019 0.155 1.0 -0.00105 0.000386 -0.029053 0.999577
0.00603 -0.00231 0.184 1.0 0.130925 -0.118343 -0.029462 0.983863
-0.02319 -0.09435 0.08792 1.0 0.0 1.0 0.0 0.0
0.01955 0.0 0.11236 1.0 0.0 0.0 0.0 1.0
-0.0012 0.0935 -0.00094 1.0 -0.378398 0.233488 0.318027 0.837351
0.1367 0.00103 -0.07412 1.0 0.0 0.0 0.0 1.0
0.0012 -0.0935 0.00094 1.0 -0.369274 0.231938 0.375148 0.817989
-0.1367 -0.00103 0.07412 1.0 0.0 0.0 0.0 1.0
0.04184 0.0 0.29363 1.0 0.0 0.0 0.0 1.0
0.0 0.17528 0.00003 1.0 -0.034961 -0.114274 -0.28316 0.951598
0.21175 -0.00194 0.03537 1.0 0.0 0.0 0.0 1.0
0.01545 -0.00217 0.03772 1.0 0.0 0.0 0.0 1.0
0.20253 -0.00433 0.07298 1.0 0.0 0.0 0.0 1.0
0.0 -0.17528 -0.00003 1.0 -0.045343 -0.139975 -0.29395 0.944428
0.21133 -0.00375 0.03157 1.0 0.0 0.0 0.0 1.0
0.00301 0.17235 -0.00005 1.0 0.129622 -0.179692 -0.114529 0.968397
0.00301 0.18335 0.0012 1.0 -0.000573 -0.179837 0.0 0.983696
-0.00302 -0.17235 0.00005 1.0 0.078943 -0.217946 -0.004362 0.972753
-0.00269 -0.18335 -0.0011 1.0 -0.002912 -0.212056 0.000122 0.977253
0.05434 0.14794 0.03756 1.0 0.089321 -0.014245 -0.141878 0.985743
0.01196 0.15393 0.04553 1.0 0.047415 -0.002595 -0.035838 0.998229
-0.03124 0.14728 0.04113 1.0 0.010824 0.00061 0.070901 0.997425
-0.07001 0.1413 0.02956 1.0 -0.029759 -0.006078 0.176588 0.983816
0.09958 0.0939 -0.02147 1.0 -0.084136 0.023349 -0.072097 0.993568
-0.05434 -0.14794 -0.03756 1.0 -0.068627 0.002914 -0.052337 0.996264
-0.01196 -0.15393 -0.04553 1.0 -0.060278 -0.002705 -0.017048 0.998032
0.03124 -0.14728 -0.04113 1.0 -0.050774 0.0 0.035079 0.998094
0.07001 -0.1413 -0.02956 1.0 -0.047744 -0.00229 0.075979 0.995963
-0.00243 -0.14826 0.01593 1.0 0.707107 0.0 0.0 0.707107
-0.09958 -0.09391 0.02147 1.0 -0.167994 0.096112 -0.043449 0.980129
0.00074 0.05825 -0.00249 1.0 -0.053612 0.001184 0.0 0.998561
0.00034 0.05524 -0.00625 1.0 -0.096488 0.000503 -0.000122 0.995334
0.00033 0.0566 -0.00383 1.0 -0.055235 0.000173 0.0 0.998473
0.00078 0.0516 -0.00392 1.0 -0.035654 -0.001823 -0.000122 0.999363
0.00086 0.05627 -0.00025 1.0 -0.002024 -0.001177 0.022206 0.999751
-0.00074 -0.05825 0.00249 1.0 -0.056898 0.001292 0.0 0.998379
-0.00034 -0.05524 0.00625 1.0 -0.096479 0.0 0.0 0.995335
-0.00033 -0.0566 0.00383 1.0 -0.056905 -0.000691 0.0 0.998379
-0.00078 -0.0516 0.00392 1.0 -0.0607 -0.001739 0.0 0.998155
-0.00086 -0.05627 0.00025 1.0 0.001315 0.002021 0.160163 0.987088


##### Pose: 18 #############################################

0.0 0.0 0.0 1.0 0.0 0.0 0.707107 0.707107
0.0 0.0 0.6234 1.0 0.0 0.0 0.0 1.0
0.0 0.0 0.0 1.0 0.0 0.0 0.0 1.0
0.0129 0.00053 -0.08633 1.0 -0.006645 0.007794 -0.000762 0.999947
0.0 0.0 -0.6234 1.0 0.0 0.0 0.0 1.0
0.00313 0.12307 0.0005 1.0 0.00666 -0.297244 0.098813 0.949651
0.00313 -0.12307 0.0005 1.0 0.118587 0.970512 -0.0299 0.207725
0.00295 0.0 0.10781 1.0 0.009134 0.053198 0.001139 0.998542
0.00295 0.0 0.10781 1.0 0.003433 0.025625 0.000503 0.999666
0.0 0.0 0.12763 1.0 0.00093 0.035105 0.0 0.999383
-0.00406 0.00155 -0.20992 1.0 -0.002167 0.329007 0.003385 0.944319
0.00406 -0.00155 0.20992 1.0 -0.000183 0.682512 0.008416 0.730826
-0.00508 0.00195 -0.15497 1.0 -0.002244 0.000846 -0.075392 0.997151
-0.00603 0.00231 -0.184 1.0 0.049524 0.196347 -0.072883 0.976567
-0.02319 0.09435 0.08792 1.0 0.0 0.0 0.0 1.0
-0.02727 0.0 0.12737 1.0 0.003929 0.124692 -0.006042 0.992169
0.0051 -0.0019 0.155 1.0 -0.00105 0.000386 -0.030044 0.999548
0.00603 -0.00231 0.184 1.0 0.129274 -0.087533 -0.031654 0.987231
-0.02319 -0.09435 0.08792 1.0 0.0 1.0 0.0 0.0
0.01955 0.0 0.11236 1.0 0.0 0.0 0.0 1.0
-0.0012 0.0935 -0.00094 1.0 -0.345777 0.189115 0.374495 0.839302
0.1367 0.00103 -0.07412 1.0 0.0 0.0 0.0 1.0
0.0012 -0.0935 0.00094 1.0 -0.340094 0.215006 0.421597 0.812628
-0.1367 -0.00103 0.07412 1.0 0.0 0.0 0.0 1.0
0.04184 0.0 0.29363 1.0 0.0 0.0 0.0 1.0
0.0 0.17528 0.00003 1.0 -0.023833 -0.073798 -0.295373 0.952229
0.21175 -0.00194 0.03537 1.0 0.0 0.0 0.0 1.0
0.01545 -0.00217 0.03772 1.0 0.0 0.0 0.0 1.0
0.20253 -0.00433 0.07298 1.0 0.0 0.0 0.0 1.0
0.0 -0.17528 -0.00003 1.0 -0.045315 -0.127948 -0.316227 0.938923
0.21133 -0.00375 0.03157 1.0 0.0 0.0 0.0 1.0
0.00301 0.17235 -0.00005 1.0 0.194983 -0.11684 -0.099286 0.968748
0.00301 0.18335 0.0012 1.0 -0.000573 -0.118865 0.0 0.99291
-0.00302 -0.17235 0.00005 1.0 0.193089 -0.196307 -0.017086 0.961191
-0.00269 -0.18335 -0.0011 1.0 -0.002914 -0.194567 0.0 0.980885
0.05434 0.14794 0.03756 1.0 0.114751 -0.01861 -0.149152 0.981957
0.01196 0.15393 0.04553 1.0 0.083261 -0.004589 -0.037576 0.995809
-0.03124 0.14728 0.04113 1.0 0.054887 0.002865 0.074835 0.99568
-0.07001 0.1413 0.02956 1.0 0.022845 0.001903 0.187786 0.981942
0.09958 0.0939 -0.02147 1.0 -0.096872 0.029452 -0.087046 0.991046
-0.05434 -0.14794 -0.03756 1.0 0.030764 -0.00303 -0.064544 0.997436
-0.01196 -0.15393 -0.04553 1.0 -0.00145 -0.003062 -0.019889 0.999796
0.03124 -0.14728 -0.04113 1.0 -0.028495 -0.000386 0.040619 0.998768
0.07001 -0.1413 -0.02956 1.0 -0.062188 -0.003688 0.095897 0.99344
-0.00243 -0.14826 0.01593 1.0 0.707107 0.0 0.0 0.707107
-0.09958 -0.09391 0.02147 1.0 -0.149002 0.077843 -0.053795 0.984299
0.00074 0.05825 -0.00249 1.0 -0.053612 0.001184 0.0 0.998561
0.00034 0.05524 -0.00625 1.0 -0.096489 0.000345 0.0 0.995334
0.00033 0.0566 -0.00383 1.0 -0.055235 -0.000173 0.0 0.998473
0.00078 0.0516 -0.00392 1.0 -0.035654 -0.001823 -0.000122 0.999363
0.00086 0.05627 -0.00025 1.0 -0.002024 -0.001177 0.022206 0.999751
-0.00074 -0.05825 0.00249 1.0 -0.055247 0.001292 0.0 0.998472
-0.00034 -0.05524 0.00625 1.0 -0.096479 0.0 0.0 0.995335
-0.00033 -0.0566 0.00383 1.0 -0.055215 -0.000691 0.0 0.998474
-0.00078 -0.0516 0.00392 1.0 -0.035633 -0.001739 0.0 0.999363
-0.00086 -0.05627 0.00025 1.0 0.001315 0.002021 0.160163 0.987088


##### Pose: 19 #############################################

0.0 0.0 0.0 1.0 0.0 0.0 0.707107 0.707107
0.0 0.0 0.6234 1.0 0.0 0.0 0.0 1.0
0.0 0.0 0.0 1.0 0.0 0.0 0.0 1.0
0.01806 0.00053 -0.08633 1.0 -0.005819 0.003555 -0.000732 0.999977
0.0 0.0 -0.6234 1.0 0.0 0.0 0.0 1.0
0.00313 0.12307 0.0005 1.0 0.006636 -0.281343 0.096285 0.954741
0.00313 -0.12307 0.0005 1.0 0.118247 0.974044 -0.032176 0.190317
0.00295 0.0 0.10781 1.0 0.008008 0.051912 0.001064 0.998619
0.00295 0.0 0.10781 1.0 0.003433 0.025625 0.000503 0.999666
0.0 0.0 0.12763 1.0 0.00093 0.034428 0.0 0.999407
-0.00406 0.00155 -0.20992 1.0 -0.002197 0.338231 0.003365 0.941055
0.00406 -0.00155 0.20992 1.0 -0.000043 0.667445 0.008418 0.744612
-0.00508 0.00195 -0.15497 1.0 -0.002248 0.000854 -0.072021 0.9974
-0.00603 0.00231 -0.184 1.0 0.048564 0.191932 -0.069768 0.97772
-0.02319 0.09435 0.08792 1.0 0.0 0.0 0.0 1.0
-0.02727 0.0 0.12737 1.0 0.001965 0.124679 -0.003022 0.992191
0.0051 -0.0019 0.155 1.0 -0.00105 0.000386 -0.031034 0.999518
0.00603 -0.00231 0.184 1.0 0.127814 -0.061928 -0.034195 0.989272
-0.02319 -0.09435 0.08792 1.0 0.0 1.0 0.0 0.0
0.01955 0.0 0.11236 1.0 0.0 0.0 0.0 1.0
-0.0012 0.0935 -0.00094 1.0 -0.303509 0.116309 0.438448 0.837925
0.1367 0.00103 -0.07412 1.0 0.0 0.0 0.0 1.0
0.0012 -0.0935 0.00094 1.0 -0.302973 0.186644 0.475976 0.80425
-0.1367 -0.00103 0.07412 1.0 0.0 0.0 0.0 1.0
0.04184 0.0 0.29363 1.0 0.0 0.0 0.0 1.0
0.0 0.17528 0.00003 1.0 -0.013219 -0.036292 -0.326171 0.944521
0.21175 -0.00194 0.03537 1.0 0.0 0.0 0.0 1.0
0.01545 -0.00217 0.03772 1.0 0.0 0.0 0.0 1.0
0.20253 -0.00433 0.07298 1.0 0.0 0.0 0.0 1.0
0.0 -0.17528 -0.00003 1.0 -0.04661 -0.11474 -0.35726 0.925758
0.21133 -0.00375 0.03157 1.0 0.0 0.0 0.0 1.0
0.00301 0.17235 -0.00005 1.0 0.245387 -0.059774 -0.07153 0.964933
0.00301 0.18335 0.0012 1.0 -0.000573 -0.057441 0.0 0.998349
-0.00302 -0.17235 0.00005 1.0 0.296155 -0.174222 -0.027545 0.938712
-0.00269 -0.18335 -0.0011 1.0 -0.002914 -0.177015 0.0 0.984204
0.05434 0.14794 0.03756 1.0 0.132337 -0.02267 -0.15416 0.978881
0.01196 0.15393 0.04553 1.0 0.11037 -0.00621 -0.038821 0.993113
-0.03124 0.14728 0.04113 1.0 0.089981 0.005027 0.077656 0.992899
-0.07001 0.1413 0.02956 1.0 0.066013 0.010339 0.194808 0.978563
0.09958 0.0939 -0.02147 1.0 -0.106186 0.034331 -0.10191 0.988514
-0.05434 -0.14794 -0.03756 1.0 0.127866 -0.010931 -0.0778 0.988675
-0.01196 -0.15393 -0.04553 1.0 0.057373 -0.003088 -0.022822 0.998087
0.03124 -0.14728 -0.04113 1.0 -0.007184 0.000473 0.046147 0.998909
0.07001 -0.1413 -0.02956 1.0 -0.076236 -0.005905 0.115377 0.990374
-0.00243 -0.14826 0.01593 1.0 0.707107 0.0 0.0 0.707107
-0.09958 -0.09391 0.02147 1.0 -0.12874 0.062379 -0.068551 0.987338
0.00074 0.05825 -0.00249 1.0 -0.053612 0.001184 0.0 0.998561
0.00034 0.05524 -0.00625 1.0 -0.096489 0.000173 0.0 0.995334
0.00033 0.0566 -0.00383 1.0 -0.055235 -0.000423 0.0 0.998473
0.00078 0.0516 -0.00392 1.0 -0.035654 -0.001823 -0.000122 0.999363
0.00086 0.05627 -0.00025 1.0 -0.002024 -0.001177 0.022206 0.999751
-0.00074 -0.05825 0.00249 1.0 -0.053596 0.001292 0.0 0.998562
-0.00034 -0.05524 0.00625 1.0 -0.096479 0.0 0.0 0.995335
-0.00033 -0.0566 0.00383 1.0 -0.055215 -0.000691 0.0 0.998474
-0.00078 -0.0516 0.00392 1.0 -0.035633 -0.001739 0.0 0.999363
-0.00086 -0.05627 0.00025 1.0 0.001315 0.002021 0.160163 0.987088