# SQEE Animation Format


################################################################################

SECTION Header

BoneCount 56
PoseCount 16
TotalTime 15

Times 1 1 1 1 1 1 1 1 1 1 1 1 1 1 1 0


################################################################################

SECTION Poses


##### Pose: 0 ##############################################

0.0 0.0 0.0 1.0 0.0 0.0 0.707107 0.707107
0.0 0.0 0.6234 1.0 0.0 0.0 0.0 1.0
0.0 0.0 0.0 1.0 0.0 0.0 0.0 1.0
0.06569 0.04739 -0.24587 1.0 0.00328 -0.220984 -0.441106 0.869817
0.2 0.0 -0.0234 1.0 0.0 0.0 0.0 1.0
0.00313 0.12307 0.0005 1.0 0.207412 -0.189334 -0.07488 0.956831
0.00313 -0.12307 0.0005 1.0 0.073738 0.846979 -0.450088 0.273148
0.00295 0.0 0.10781 1.0 -0.005593 0.300797 0.115623 0.946637
0.00295 0.0 0.10781 1.0 -0.012068 0.151718 0.060026 0.986526
0.0 0.0 0.12763 1.0 -0.105268 0.239812 0.040439 0.964248
-0.00454 0.00625 -0.20977 1.0 -0.095867 0.834343 0.038425 0.541484
0.00406 -0.00064 0.20992 1.0 0.19632 0.847987 -0.107239 0.480496
-0.00508 0.00195 -0.15497 1.0 -0.00148 0.006645 -0.015821 0.999852
-0.00641 0.00226 -0.18399 1.0 -0.111357 -0.252306 -0.017406 0.961061
-0.02319 0.09435 0.08792 1.0 0.0 0.0 0.0 1.0
-0.02727 0.0 0.12737 1.0 -0.025787 0.040139 -0.081276 0.995549
0.0051 -0.0019 0.155 1.0 0.001713 -0.108014 -0.10729 0.988342
-0.0003 -0.00193 0.18351 1.0 -0.13287 -0.334671 -0.198002 0.911667
-0.02319 -0.09435 0.08792 1.0 0.0 1.0 0.0 0.0
0.01955 0.0 0.11236 1.0 -0.021913 -0.195054 0.283165 0.938771
-0.0012 0.0935 -0.00094 1.0 -0.35998 -0.325499 -0.091903 0.869493
0.1367 0.00103 -0.07412 1.0 -0.162806 -0.261083 0.146041 0.940214
0.0012 -0.0935 0.00094 1.0 -0.375362 -0.13296 0.410821 0.820153
-0.1367 -0.00103 0.07412 1.0 -0.112894 -0.29509 -0.211594 0.924881
0.04184 0.0 0.29363 1.0 0.0 0.0 0.0 1.0
0.0 0.17528 0.00003 1.0 0.029461 0.039141 -0.585986 0.808839
0.21175 -0.00194 0.03537 1.0 0.0 0.0 0.0 1.0
0.01545 -0.00217 0.03772 1.0 0.0 0.0 0.0 1.0
0.20253 -0.00433 0.07298 1.0 0.0 0.0 0.0 1.0
0.0 -0.17528 -0.00003 1.0 -0.030285 -0.042393 -0.571981 0.818611
0.21133 -0.00375 0.03157 1.0 0.0 0.0 0.0 1.0
0.00782 0.17213 -0.00023 1.0 -0.021295 0.073276 -0.033631 0.996517
0.00855 0.18311 0.00101 1.0 -0.000457 0.01317 -0.027984 0.999522
-0.00716 -0.17218 -0.00004 1.0 -0.250808 -0.04843 -0.235353 0.937741
-0.00746 -0.18318 -0.0013 1.0 0.0 -0.012313 -0.022733 0.999666
0.05434 0.14794 0.03756 1.0 -0.422969 0.054042 -0.065066 0.902188
0.01196 0.15393 0.04553 1.0 -0.487522 0.022988 -0.025465 0.872437
-0.03124 0.14728 0.04113 1.0 -0.538596 -0.006186 0.021347 0.842271
-0.07001 0.1413 0.02956 1.0 -0.626538 -0.074408 0.108812 0.768162
0.09958 0.0939 -0.02147 1.0 -0.304411 0.198728 0.185967 0.912829
-0.05434 -0.14794 -0.03756 1.0 -0.544617 0.004946 -0.000086 0.83867
-0.01196 -0.15393 -0.04553 1.0 -0.544616 0.004994 -0.000086 0.838671
0.03124 -0.14728 -0.04113 1.0 -0.544617 0.004946 -0.000086 0.83867
0.07001 -0.1413 -0.02956 1.0 -0.544617 0.004946 -0.000086 0.83867
-0.00249 -0.14826 0.01591 1.0 0.707107 0.0 0.0 0.707107
-0.09958 -0.09391 0.02147 1.0 -0.446641 0.146874 0.264166 0.842114
0.00074 0.05825 -0.00249 1.0 -0.635029 0.01111 -0.000211 0.772408
0.00034 0.05524 -0.00625 1.0 -0.610467 0.010162 0.0 0.791977
0.00033 0.0566 -0.00383 1.0 -0.622128 0.010097 0.000161 0.78285
0.00078 0.0516 -0.00392 1.0 -0.653193 0.011769 -0.000507 0.7571
0.00086 0.05627 -0.00025 1.0 0.013855 0.00764 0.393278 0.919283
-0.00074 -0.05825 0.00249 1.0 -0.544616 0.005008 -0.000122 0.838671
-0.00034 -0.05524 0.00625 1.0 -0.544619 0.004977 0.0 0.838669
-0.00033 -0.0566 0.00383 1.0 -0.544617 0.004895 0.0 0.838671
-0.00078 -0.0516 0.00392 1.0 -0.544618 0.004976 -0.000086 0.83867
-0.00086 -0.05627 0.00025 1.0 0.005412 0.008323 0.660266 0.750966


##### Pose: 1 ##############################################

0.0 0.0 0.0 1.0 0.0 0.0 0.707107 0.707107
0.0 0.0 0.6234 1.0 0.0 0.0 0.0 1.0
0.0 0.0 0.0 1.0 0.0 0.0 0.0 1.0
0.06569 0.04324 -0.23762 1.0 0.005968 -0.208295 -0.452899 0.866868
0.2 0.0 -0.02125 1.0 0.0 0.0 0.0 1.0
0.00313 0.12307 0.0005 1.0 0.205461 -0.177466 -0.048959 0.961194
0.00313 -0.12307 0.0005 1.0 0.061625 0.858059 -0.434604 0.266564
0.00295 0.0 0.10781 1.0 -0.006376 0.283473 0.112371 0.952353
0.00295 0.0 0.10781 1.0 -0.012163 0.141983 0.058504 0.988064
0.0 0.0 0.12763 1.0 -0.099123 0.225745 0.041894 0.968225
-0.00454 0.00594 -0.20977 1.0 -0.081144 0.829769 0.031731 0.551264
0.00406 -0.00064 0.20992 1.0 0.179331 0.842471 -0.101847 0.497705
-0.00508 0.00195 -0.15497 1.0 -0.001112 0.003223 -0.006292 0.999974
-0.00641 0.00226 -0.18399 1.0 -0.107943 -0.268017 -0.005643 0.957331
-0.02319 0.09435 0.08792 1.0 0.0 0.0 0.0 1.0
-0.02727 0.0 0.12737 1.0 -0.0306 0.047959 -0.069553 0.995955
0.0051 -0.0019 0.155 1.0 0.0017 -0.105735 -0.105393 0.988792
-0.0003 -0.00193 0.18351 1.0 -0.134887 -0.336429 -0.193833 0.911619
-0.02319 -0.09435 0.08792 1.0 0.0 1.0 0.0 0.0
0.01955 0.0 0.11236 1.0 -0.025944 -0.177365 0.283276 0.942138
-0.0012 0.0935 -0.00094 1.0 -0.362223 -0.321937 -0.071347 0.871814
0.1367 0.00103 -0.07412 1.0 -0.163159 -0.2455 0.141115 0.94509
0.0012 -0.0935 0.00094 1.0 -0.368978 -0.137138 0.385992 0.834301
-0.1367 -0.00103 0.07412 1.0 -0.107781 -0.29303 -0.20671 0.927247
0.04184 0.0 0.29363 1.0 0.0 0.0 0.0 1.0
0.0 0.17528 0.00003 1.0 0.024816 0.035646 -0.581431 0.812436
0.21175 -0.00194 0.03537 1.0 0.0 0.0 0.0 1.0
0.01545 -0.00217 0.03772 1.0 0.0 0.0 0.0 1.0
0.20253 -0.00433 0.07298 1.0 0.0 0.0 0.0 1.0
0.0 -0.17528 -0.00003 1.0 -0.032611 -0.045547 -0.575891 0.815605
0.21133 -0.00375 0.03157 1.0 0.0 0.0 0.0 1.0
0.00726 0.17213 -0.00023 1.0 -0.022699 0.06978 -0.030267 0.996845
0.00792 0.18311 0.00101 1.0 -0.000546 0.011493 -0.023981 0.999646
-0.00869 -0.17218 -0.00004 1.0 -0.264202 -0.077407 -0.21676 0.936601
-0.00914 -0.18284 -0.0013 1.0 0.000532 -0.01852 -0.035641 0.999193
0.05434 0.14794 0.03756 1.0 -0.335662 0.034116 -0.034265 0.940741
0.01196 0.15393 0.04553 1.0 -0.394787 0.020332 -0.026717 0.918159
-0.03124 0.14728 0.04113 1.0 -0.439961 0.01694 0.004366 0.897847
-0.07001 0.1413 0.02956 1.0 -0.563945 -0.065406 0.11755 0.814782
0.09958 0.09391 -0.02147 1.0 -0.188724 0.014302 0.077265 0.978881
-0.05434 -0.14794 -0.03756 1.0 -0.544617 0.004946 -0.000086 0.83867
-0.01196 -0.15393 -0.04553 1.0 -0.544616 0.004994 -0.000086 0.838671
0.03124 -0.14728 -0.04113 1.0 -0.544617 0.004946 -0.000086 0.83867
0.07001 -0.1413 -0.02956 1.0 -0.544617 0.004946 -0.000086 0.83867
-0.00249 -0.14826 0.01591 1.0 0.707107 0.0 0.0 0.707107
-0.09958 -0.09391 0.02147 1.0 -0.446641 0.146874 0.264166 0.842114
0.00074 0.05825 -0.00249 1.0 -0.675699 0.011568 -0.00028 0.737087
0.00034 0.05524 -0.00625 1.0 -0.628779 0.010225 -0.000161 0.777517
0.00033 0.0566 -0.00383 1.0 -0.651523 0.010281 -0.000061 0.758559
0.00078 0.0516 -0.00392 1.0 -0.710038 0.012384 -0.000462 0.704054
0.00086 0.05627 -0.00025 1.0 0.012654 0.010737 0.290716 0.956665
-0.00074 -0.05825 0.00249 1.0 -0.544616 0.005008 -0.000122 0.838671
-0.00034 -0.05524 0.00625 1.0 -0.544619 0.004977 0.0 0.838669
-0.00033 -0.0566 0.00383 1.0 -0.544617 0.004895 0.0 0.838671
-0.00078 -0.0516 0.00392 1.0 -0.544618 0.004976 -0.000086 0.838669
-0.00086 -0.05627 0.00025 1.0 0.005412 0.008323 0.660266 0.750966


##### Pose: 2 ##############################################

0.0 0.0 0.0 1.0 0.0 0.0 0.707107 0.707107
0.0 0.0 0.6234 1.0 0.0 0.0 0.0 1.0
0.0 0.0 0.0 1.0 0.0 0.0 0.0 1.0
0.06569 0.0391 -0.22938 1.0 0.008811 -0.195544 -0.464561 0.863637
0.2 0.0 -0.01911 1.0 0.0 0.0 0.0 1.0
0.00313 0.12307 0.0005 1.0 0.204602 -0.16246 -0.018599 0.96509
0.00313 -0.12307 0.0005 1.0 0.049311 0.868601 -0.418709 0.260352
0.00295 0.0 0.10781 1.0 -0.007283 0.266018 0.109188 0.957737
0.00295 0.0 0.10781 1.0 -0.012287 0.132229 0.05699 0.989503
0.0 0.0 0.12763 1.0 -0.092955 0.211621 0.043181 0.971963
-0.00454 0.00562 -0.20977 1.0 -0.065645 0.82146 0.024724 0.565935
0.00406 -0.00064 0.20992 1.0 0.162547 0.836343 -0.095847 0.514706
-0.00508 0.00195 -0.15497 1.0 -0.000669 -0.000244 0.003234 0.999995
-0.00641 0.00226 -0.18399 1.0 -0.104143 -0.283663 0.005995 0.953233
-0.02319 0.09435 0.08792 1.0 0.0 0.0 0.0 1.0
-0.02727 0.0 0.12737 1.0 -0.0356 0.055894 -0.057903 0.99612
0.0051 -0.0019 0.155 1.0 0.001691 -0.103452 -0.103496 0.989234
-0.0003 -0.00193 0.18351 1.0 -0.136896 -0.338163 -0.189655 0.911557
-0.02319 -0.09435 0.08792 1.0 0.0 1.0 0.0 0.0
0.01955 0.0 0.11236 1.0 -0.030662 -0.157339 0.281565 0.946058
-0.0012 0.0935 -0.00094 1.0 -0.364335 -0.317986 -0.050829 0.87382
0.1367 0.00103 -0.07412 1.0 -0.16643 -0.23007 0.138174 0.948829
0.0012 -0.0935 0.00094 1.0 -0.364177 -0.123203 0.354432 0.852393
-0.1367 -0.00103 0.07412 1.0 -0.100075 -0.288941 -0.202673 0.930281
0.04184 0.0 0.29363 1.0 0.0 0.0 0.0 1.0
0.0 0.17528 0.00003 1.0 0.020091 0.03223 -0.575637 0.816823
0.21175 -0.00194 0.03537 1.0 0.0 0.0 0.0 1.0
0.01545 -0.00217 0.03772 1.0 0.0 0.0 0.0 1.0
0.20253 -0.00433 0.07298 1.0 0.0 0.0 0.0 1.0
0.0 -0.17528 -0.00003 1.0 -0.037947 -0.054389 -0.574891 0.815538
0.21133 -0.00375 0.03157 1.0 0.0 0.0 0.0 1.0
0.0067 0.17213 -0.00023 1.0 -0.030872 0.061146 -0.029261 0.997222
0.00728 0.18311 0.00101 1.0 -0.000634 0.009815 -0.019977 0.999752
-0.01023 -0.17218 -0.00004 1.0 -0.269646 -0.108443 -0.206367 0.934315
-0.01082 -0.18251 -0.0013 1.0 0.000889 -0.024694 -0.048549 0.998515
0.05434 0.14794 0.03756 1.0 -0.335737 0.034646 -0.032788 0.940747
0.01196 0.15393 0.04553 1.0 -0.394743 0.017297 -0.028688 0.918181
-0.03124 0.14728 0.04113 1.0 -0.439946 0.016064 0.002575 0.897877
-0.07001 0.1413 0.02956 1.0 -0.564258 -0.063221 0.116038 0.814955
0.09958 0.0939 -0.02147 1.0 -0.188724 0.014302 0.077265 0.978881
-0.05434 -0.14794 -0.03756 1.0 -0.544617 0.004946 -0.000086 0.83867
-0.01196 -0.15393 -0.04553 1.0 -0.544616 0.004994 -0.000086 0.838671
0.03124 -0.14728 -0.04113 1.0 -0.544617 0.004946 -0.000086 0.83867
0.07001 -0.1413 -0.02956 1.0 -0.544617 0.004946 -0.000086 0.83867
-0.00249 -0.14826 0.01591 1.0 0.707107 0.0 0.0 0.707107
-0.09958 -0.09391 0.02147 1.0 -0.446641 0.146874 0.264166 0.842114
0.00074 0.05825 -0.00249 1.0 -0.6757 0.011982 0.000198 0.737079
0.00034 0.05524 -0.00625 1.0 -0.628779 0.010325 -0.000086 0.777515
0.00033 0.0566 -0.00383 1.0 -0.651523 0.010466 0.000193 0.758557
0.00078 0.0516 -0.00392 1.0 -0.710038 0.01294 0.000343 0.704044
0.00086 0.05627 -0.00025 1.0 0.008748 0.010824 0.290654 0.956727
-0.00074 -0.05825 0.00249 1.0 -0.544616 0.005008 -0.000122 0.838671
-0.00034 -0.05524 0.00625 1.0 -0.544619 0.004977 0.0 0.838669
-0.00033 -0.0566 0.00383 1.0 -0.544617 0.004895 0.0 0.838671
-0.00078 -0.0516 0.00392 1.0 -0.544618 0.004976 -0.000086 0.838669
-0.00086 -0.05627 0.00025 1.0 0.005412 0.008323 0.660266 0.750966


##### Pose: 3 ##############################################

0.0 0.0 0.0 1.0 0.0 0.0 0.707107 0.707107
0.0 0.0 0.6234 1.0 0.0 0.0 0.0 1.0
0.0 0.0 0.0 1.0 0.0 0.0 0.0 1.0
0.06569 0.03496 -0.22113 1.0 0.011808 -0.182738 -0.476087 0.860121
0.2 0.0 -0.01697 1.0 0.0 0.0 0.0 1.0
0.00313 0.12307 0.0005 1.0 0.20535 -0.142363 0.015097 0.968161
0.00313 -0.12307 0.0005 1.0 0.036812 0.87859 -0.40242 0.254524
0.00295 0.0 0.10781 1.0 -0.008315 0.248438 0.106076 0.962786
0.00295 0.0 0.10781 1.0 -0.012445 0.122457 0.055484 0.990844
0.0 0.0 0.12763 1.0 -0.086768 0.197443 0.044298 0.975462
-0.00454 0.00531 -0.20977 1.0 -0.049546 0.807919 0.017123 0.586957
0.00406 -0.00064 0.20992 1.0 0.145991 0.82961 -0.089248 0.531478
-0.00508 0.00195 -0.15497 1.0 -0.000211 -0.003656 0.012754 0.999912
-0.00641 0.00226 -0.18399 1.0 -0.099959 -0.299234 0.017498 0.948768
-0.02319 0.09435 0.08792 1.0 0.0 0.0 0.0 1.0
-0.02727 0.0 0.12737 1.0 -0.040782 0.063942 -0.046332 0.996043
0.0051 -0.0019 0.155 1.0 0.00166 -0.101165 -0.101599 0.989667
-0.0003 -0.00193 0.18351 1.0 -0.138896 -0.339872 -0.185469 0.91148
-0.02319 -0.09435 0.08792 1.0 0.0 1.0 0.0 0.0
0.01955 0.0 0.11236 1.0 -0.03516 -0.137754 0.279802 0.949473
-0.0012 0.0935 -0.00094 1.0 -0.36631 -0.313648 -0.030361 0.875511
0.1367 0.00103 -0.07412 1.0 -0.171863 -0.213886 0.137182 0.951786
0.0012 -0.0935 0.00094 1.0 -0.359114 -0.096765 0.318263 0.871999
-0.1367 -0.00103 0.07412 1.0 -0.090246 -0.282358 -0.197417 0.934428
0.04184 0.0 0.29363 1.0 0.0 0.0 0.0 1.0
0.0 0.17528 0.00003 1.0 0.015617 0.028548 -0.569777 0.821155
0.21175 -0.00194 0.03537 1.0 0.0 0.0 0.0 1.0
0.01545 -0.00217 0.03772 1.0 0.0 0.0 0.0 1.0
0.20253 -0.00433 0.07298 1.0 0.0 0.0 0.0 1.0
0.0 -0.17528 -0.00003 1.0 -0.046049 -0.068849 -0.567551 0.819161
0.21133 -0.00375 0.03157 1.0 0.0 0.0 0.0 1.0
0.00614 0.17213 -0.00023 1.0 -0.046401 0.047813 -0.02959 0.997339
0.00664 0.18311 0.00101 1.0 -0.000701 0.008139 -0.015974 0.999839
-0.01176 -0.17218 -0.00004 1.0 -0.265713 -0.141779 -0.208763 0.930437
-0.01251 -0.18217 -0.0013 1.0 0.001085 -0.030832 -0.061455 0.997633
0.05434 0.14794 0.03756 1.0 -0.335662 0.034116 -0.034265 0.940741
0.01196 0.15393 0.04553 1.0 -0.394737 0.015969 -0.029264 0.918189
-0.03124 0.14728 0.04113 1.0 -0.439938 0.015625 0.001683 0.897891
-0.07001 0.1413 0.02956 1.0 -0.564339 -0.062651 0.115643 0.814999
0.09958 0.0939 -0.02147 1.0 -0.188724 0.014302 0.077265 0.978881
-0.05434 -0.14794 -0.03756 1.0 -0.544617 0.004946 -0.000086 0.83867
-0.01196 -0.15393 -0.04553 1.0 -0.544616 0.004994 -0.000086 0.838671
0.03124 -0.14728 -0.04113 1.0 -0.544617 0.004946 -0.000086 0.83867
0.07001 -0.1413 -0.02956 1.0 -0.544617 0.004946 -0.000086 0.83867
-0.00249 -0.14826 0.01591 1.0 0.707107 0.0 0.0 0.707107
-0.09958 -0.09391 0.02147 1.0 -0.446641 0.146874 0.264166 0.842114
0.00074 0.05825 -0.00249 1.0 -0.6757 0.012306 0.00053 0.737074
0.00034 0.05524 -0.00625 1.0 -0.62878 0.010435 0.000106 0.777513
0.00033 0.0566 -0.00383 1.0 -0.651524 0.010652 0.000409 0.758553
0.00078 0.0516 -0.00392 1.0 -0.710037 0.013353 0.000973 0.704037
0.00086 0.05627 -0.00025 1.0 0.009117 0.009612 0.290643 0.95674
-0.00074 -0.05825 0.00249 1.0 -0.544616 0.005008 -0.000122 0.838671
-0.00034 -0.05524 0.00625 1.0 -0.544619 0.004977 0.0 0.838669
-0.00033 -0.0566 0.00383 1.0 -0.544617 0.004895 0.0 0.838671
-0.00078 -0.0516 0.00392 1.0 -0.544618 0.004976 -0.000086 0.83867
-0.00086 -0.05627 0.00025 1.0 0.005412 0.008323 0.660266 0.750966


##### Pose: 4 ##############################################

0.0 0.0 0.0 1.0 0.0 0.0 0.707107 0.707107
0.0 0.0 0.6234 1.0 0.0 0.0 0.0 1.0
0.0 0.0 0.0 1.0 0.0 0.0 0.0 1.0
0.06569 0.03081 -0.21289 1.0 0.014955 -0.169883 -0.487473 0.856321
0.2 0.0 -0.01482 1.0 0.0 0.0 0.0 1.0
0.00313 0.12307 0.0005 1.0 0.20624 -0.118845 0.050628 0.969937
0.00313 -0.12307 0.0005 1.0 0.024139 0.888013 -0.385756 0.249083
0.00295 0.0 0.10781 1.0 -0.009466 0.23074 0.103041 0.967498
0.00295 0.0 0.10781 1.0 -0.012632 0.112669 0.053986 0.992085
0.0 0.0 0.12763 1.0 -0.080565 0.183218 0.045246 0.97872
-0.00454 0.005 -0.20977 1.0 -0.034376 0.789847 0.009604 0.612264
0.00406 -0.00064 0.20992 1.0 0.129685 0.822281 -0.082056 0.547999
-0.00508 0.00195 -0.15497 1.0 0.000405 -0.007102 0.022271 0.999727
-0.00641 0.00226 -0.18399 1.0 -0.095396 -0.31472 0.028854 0.943938
-0.02319 0.09435 0.08792 1.0 0.0 0.0 0.0 1.0
-0.02727 0.0 0.12737 1.0 -0.046145 0.072097 -0.034842 0.99572
0.0051 -0.0019 0.155 1.0 0.001633 -0.098875 -0.099703 0.990091
-0.0003 -0.00193 0.18351 1.0 -0.140889 -0.341557 -0.181275 0.911388
-0.02319 -0.09435 0.08792 1.0 0.0 1.0 0.0 0.0
0.01955 0.0 0.11236 1.0 -0.038833 -0.120125 0.278873 0.951994
-0.0012 0.0935 -0.00094 1.0 -0.368143 -0.308924 -0.009957 0.876891
0.1367 0.00103 -0.07412 1.0 -0.180152 -0.197681 0.13886 0.953512
0.0012 -0.0935 0.00094 1.0 -0.350925 -0.061408 0.27997 0.891458
-0.1367 -0.00103 0.07412 1.0 -0.07859 -0.271834 -0.190794 0.939961
0.04184 0.0 0.29363 1.0 0.0 0.0 0.0 1.0
0.0 0.17528 0.00003 1.0 0.011983 0.025708 -0.567475 0.822902
0.21175 -0.00194 0.03537 1.0 0.0 0.0 0.0 1.0
0.01545 -0.00217 0.03772 1.0 0.0 0.0 0.0 1.0
0.20253 -0.00433 0.07298 1.0 0.0 0.0 0.0 1.0
0.0 -0.17528 -0.00003 1.0 -0.054994 -0.085757 -0.557917 0.82362
0.21133 -0.00375 0.03157 1.0 0.0 0.0 0.0 1.0
0.00558 0.17213 -0.00023 1.0 -0.06508 0.032541 -0.030541 0.996882
0.00601 0.18311 0.00101 1.0 -0.000743 0.006461 -0.011971 0.999907
-0.0133 -0.17218 -0.00004 1.0 -0.258221 -0.17623 -0.217619 0.924612
-0.01419 -0.18184 -0.0013 1.0 0.001139 -0.03693 -0.074354 0.996547
0.05434 0.14794 0.03756 1.0 -0.335662 0.034116 -0.034265 0.940741
0.01196 0.15393 0.04553 1.0 -0.394749 0.015858 -0.029011 0.918194
-0.03124 0.14728 0.04113 1.0 -0.439937 0.015562 0.001549 0.897892
-0.07001 0.1413 0.02956 1.0 -0.564285 -0.063031 0.115906 0.81497
0.09958 0.0939 -0.02147 1.0 -0.188724 0.014302 0.077265 0.978881
-0.05434 -0.14794 -0.03756 1.0 -0.544617 0.004946 -0.000086 0.83867
-0.01196 -0.15393 -0.04553 1.0 -0.544616 0.004994 -0.000086 0.838671
0.03124 -0.14728 -0.04113 1.0 -0.544617 0.004946 -0.000086 0.83867
0.07001 -0.1413 -0.02956 1.0 -0.544617 0.004946 -0.000086 0.83867
-0.00249 -0.14826 0.01591 1.0 0.707107 0.0 0.0 0.707107
-0.09958 -0.09391 0.02147 1.0 -0.446641 0.146874 0.264166 0.842114
0.00074 0.05825 -0.00249 1.0 -0.6757 0.012522 0.000764 0.73707
0.00034 0.05524 -0.00625 1.0 -0.62878 0.010534 0.000211 0.777512
0.00033 0.0566 -0.00383 1.0 -0.651524 0.010785 0.000573 0.758551
0.00078 0.0516 -0.00392 1.0 -0.710036 0.013615 0.001449 0.704032
0.00086 0.05627 -0.00025 1.0 0.009485 0.008402 0.290631 0.956751
-0.00074 -0.05825 0.00249 1.0 -0.544616 0.005008 -0.000122 0.838671
-0.00034 -0.05524 0.00625 1.0 -0.544619 0.004977 0.0 0.838669
-0.00033 -0.0566 0.00383 1.0 -0.544617 0.004895 0.0 0.838671
-0.00078 -0.0516 0.00392 1.0 -0.544618 0.004976 -0.000086 0.838669
-0.00086 -0.05627 0.00025 1.0 0.005412 0.008323 0.660266 0.750966


##### Pose: 5 ##############################################

0.0 0.0 0.0 1.0 0.0 0.0 0.707107 0.707107
0.0 0.0 0.6234 1.0 0.0 0.0 0.0 1.0
0.0 0.0 0.0 1.0 0.0 0.0 0.0 1.0
0.06569 0.02667 -0.20464 1.0 0.014441 -0.153647 -0.5082 0.8473
0.2 0.0 -0.01268 1.0 0.0 0.0 0.0 1.0
0.00313 0.12307 0.0005 1.0 0.207854 -0.089719 0.088454 0.970012
0.00313 -0.12307 0.0005 1.0 0.011307 0.896858 -0.368735 0.244033
0.00295 0.0 0.10781 1.0 -0.010735 0.21293 0.100085 0.971869
0.00295 0.0 0.10781 1.0 -0.012852 0.102865 0.052498 0.993226
0.0 0.0 0.12763 1.0 -0.07435 0.168948 0.046023 0.981739
-0.00454 0.00469 -0.20977 1.0 -0.020736 0.764209 0.002143 0.644632
0.00406 -0.00064 0.20992 1.0 0.113648 0.814366 -0.074283 0.564247
-0.00508 0.00195 -0.15497 1.0 0.001029 -0.010557 0.031783 0.999439
-0.00641 0.00226 -0.18399 1.0 -0.090458 -0.330112 0.040053 0.938743
-0.02319 0.09435 0.08792 1.0 0.0 0.0 0.0 1.0
-0.02727 0.0 0.12737 1.0 -0.051684 0.080353 -0.02344 0.99515
0.0051 -0.0019 0.155 1.0 0.001596 -0.096581 -0.097807 0.990507
-0.0003 -0.00193 0.18351 1.0 -0.142873 -0.343217 -0.177072 0.911282
-0.02319 -0.09435 0.08792 1.0 0.0 1.0 0.0 0.0
0.01955 0.0 0.11236 1.0 -0.041323 -0.106294 0.280586 0.95303
-0.0012 0.0935 -0.00094 1.0 -0.369829 -0.303817 0.010371 0.87796
0.1367 0.00103 -0.07412 1.0 -0.190698 -0.179479 0.142992 0.95445
0.0012 -0.0935 0.00094 1.0 -0.340317 -0.02042 0.242176 0.90836
-0.1367 -0.00103 0.07412 1.0 -0.066032 -0.256723 -0.182413 0.946815
0.04184 0.0 0.29363 1.0 0.0 0.0 0.0 1.0
0.0 0.17528 0.00003 1.0 0.007919 0.021702 -0.569992 0.821325
0.21175 -0.00194 0.03537 1.0 0.0 0.0 0.0 1.0
0.01545 -0.00217 0.03772 1.0 0.0 0.0 0.0 1.0
0.20253 -0.00433 0.07298 1.0 0.0 0.0 0.0 1.0
0.0 -0.17528 -0.00003 1.0 -0.064364 -0.103659 -0.549378 0.826617
0.21133 -0.00375 0.03157 1.0 0.0 0.0 0.0 1.0
0.00502 0.17213 -0.00023 1.0 -0.083707 0.019489 -0.030866 0.995822
0.00537 0.18311 0.00101 1.0 -0.000791 0.004781 -0.007965 0.999957
-0.01483 -0.17218 -0.00004 1.0 -0.250389 -0.210822 -0.227282 0.917171
-0.01587 -0.1815 -0.0013 1.0 0.001007 -0.042986 -0.087243 0.995259
0.05434 0.14794 0.03756 1.0 -0.335662 0.034116 -0.034265 0.940741
0.01196 0.15393 0.04553 1.0 -0.39477 0.016534 -0.028278 0.918196
-0.03124 0.14728 0.04113 1.0 -0.439939 0.015688 0.001811 0.897889
-0.07001 0.1413 0.02956 1.0 -0.564184 -0.063743 0.116399 0.814914
0.09958 0.0939 -0.02147 1.0 -0.188724 0.014302 0.077265 0.978881
-0.05434 -0.14794 -0.03756 1.0 -0.544617 0.004946 -0.000086 0.83867
-0.01196 -0.15393 -0.04553 1.0 -0.544616 0.004994 -0.000086 0.838671
0.03124 -0.14728 -0.04113 1.0 -0.544617 0.004946 -0.000086 0.83867
0.07001 -0.1413 -0.02956 1.0 -0.544617 0.004946 -0.000086 0.83867
-0.00249 -0.14826 0.01591 1.0 0.707107 0.0 0.0 0.707107
-0.09958 -0.09391 0.02147 1.0 -0.446641 0.146874 0.264166 0.842114
0.00074 0.05825 -0.00249 1.0 -0.6757 0.012612 0.000859 0.737068
0.00034 0.05524 -0.00625 1.0 -0.62878 0.0106 0.00028 0.777511
0.00033 0.0566 -0.00383 1.0 -0.651524 0.010864 0.000657 0.75855
0.00078 0.0516 -0.00392 1.0 -0.710036 0.013702 0.001756 0.70403
0.00086 0.05627 -0.00025 1.0 0.009852 0.007189 0.290619 0.956761
-0.00074 -0.05825 0.00249 1.0 -0.544616 0.005008 -0.000122 0.838671
-0.00034 -0.05524 0.00625 1.0 -0.544619 0.004977 0.0 0.838669
-0.00033 -0.0566 0.00383 1.0 -0.544617 0.004895 0.0 0.838671
-0.00078 -0.0516 0.00392 1.0 -0.544618 0.004976 -0.000086 0.838669
-0.00086 -0.05627 0.00025 1.0 0.005412 0.008323 0.660266 0.750966


##### Pose: 6 ##############################################

0.0 0.0 0.0 1.0 0.0 0.0 0.707107 0.707107
0.0 0.0 0.6234 1.0 0.0 0.0 0.0 1.0
0.0 0.0 0.0 1.0 0.0 0.0 0.0 1.0
0.06569 0.02253 -0.1964 1.0 0.014178 -0.137318 -0.528583 0.837582
0.2 0.0 -0.01054 1.0 0.0 0.0 0.0 1.0
0.00313 0.12307 0.0005 1.0 0.209419 -0.056366 0.128533 0.967701
0.00313 -0.12307 0.0005 1.0 0.000173 0.906369 -0.35138 0.234579
0.00295 0.0 0.10781 1.0 -0.012067 0.195023 0.096953 0.97592
0.00295 0.0 0.10781 1.0 -0.013101 0.093046 0.05102 0.994267
0.0 0.0 0.12763 1.0 -0.068128 0.154638 0.046631 0.984516
-0.00454 0.00438 -0.20977 1.0 -0.009731 0.728728 -0.004554 0.684719
0.00406 -0.00064 0.20992 1.0 0.096309 0.791868 -0.068243 0.599177
-0.00508 0.00195 -0.15497 1.0 0.001718 -0.014016 0.041288 0.999048
-0.00641 0.00226 -0.18399 1.0 -0.085151 -0.345399 0.051084 0.933188
-0.02319 0.09435 0.08792 1.0 0.0 0.0 0.0 1.0
-0.02727 0.0 0.12737 1.0 -0.057396 0.088708 -0.012128 0.994329
0.0051 -0.0019 0.155 1.0 0.001539 -0.094284 -0.095911 0.990913
-0.0003 -0.00193 0.18351 1.0 -0.144849 -0.344852 -0.172861 0.911161
-0.02319 -0.09435 0.08792 1.0 0.0 1.0 0.0 0.0
0.01955 0.0 0.11236 1.0 -0.042374 -0.096701 0.286208 0.952333
-0.0012 0.0935 -0.00094 1.0 -0.371363 -0.298327 0.030612 0.878723
0.1367 0.00103 -0.07412 1.0 -0.199933 -0.159479 0.149774 0.955071
0.0012 -0.0935 0.00094 1.0 -0.32494 0.018116 0.205867 0.922878
-0.1367 -0.00103 0.07412 1.0 -0.053678 -0.237932 -0.170912 0.954618
0.04184 0.0 0.29363 1.0 0.0 0.0 0.0 1.0
0.0 0.17528 0.00003 1.0 0.003954 0.01765 -0.579685 0.81464
0.21175 -0.00194 0.03537 1.0 0.0 0.0 0.0 1.0
0.01545 -0.00217 0.03772 1.0 0.0 0.0 0.0 1.0
0.20253 -0.00433 0.07298 1.0 0.0 0.0 0.0 1.0
0.0 -0.17528 -0.00003 1.0 -0.075481 -0.122688 -0.544517 0.826288
0.21133 -0.00375 0.03157 1.0 0.0 0.0 0.0 1.0
0.00446 0.17213 -0.00023 1.0 -0.098612 0.008817 -0.030397 0.994623
0.00474 0.18311 0.00101 1.0 -0.000819 0.003105 -0.003961 0.999987
-0.01637 -0.17218 -0.00004 1.0 -0.244454 -0.243739 -0.229975 0.909915
-0.01755 -0.18116 -0.0013 1.0 0.000712 -0.048995 -0.100118 0.993768
0.05434 0.14794 0.03756 1.0 -0.335662 0.034116 -0.034265 0.940741
0.01196 0.15393 0.04553 1.0 -0.394782 0.017551 -0.027651 0.918191
-0.03124 0.14728 0.04113 1.0 -0.439944 0.015938 0.002323 0.897881
-0.07001 0.1413 0.02956 1.0 -0.564136 -0.064076 0.11663 0.814888
0.09958 0.0939 -0.02147 1.0 -0.188724 0.014302 0.077265 0.978881
-0.05434 -0.14794 -0.03756 1.0 -0.544617 0.004946 -0.000086 0.83867
-0.01196 -0.15393 -0.04553 1.0 -0.544616 0.004994 -0.000086 0.838671
0.03124 -0.14728 -0.04113 1.0 -0.544617 0.004946 -0.000086 0.83867
0.07001 -0.1413 -0.02956 1.0 -0.544617 0.004946 -0.000086 0.83867
-0.00249 -0.14826 0.01591 1.0 0.707107 0.0 0.0 0.707107
-0.09958 -0.09391 0.02147 1.0 -0.446641 0.146874 0.264166 0.842114
0.00074 0.05825 -0.00249 1.0 -0.6757 0.012594 0.000842 0.737069
0.00034 0.05524 -0.00625 1.0 -0.62878 0.0106 0.00028 0.777511
0.00033 0.0566 -0.00383 1.0 -0.651524 0.010864 0.000657 0.75855
0.00078 0.0516 -0.00392 1.0 -0.710035 0.013605 0.001896 0.704032
0.00086 0.05627 -0.00025 1.0 0.01022 0.005978 0.290606 0.95677
-0.00074 -0.05825 0.00249 1.0 -0.544616 0.005008 -0.000122 0.838671
-0.00034 -0.05524 0.00625 1.0 -0.544619 0.004977 0.0 0.838669
-0.00033 -0.0566 0.00383 1.0 -0.544617 0.004895 0.0 0.838671
-0.00078 -0.0516 0.00392 1.0 -0.544618 0.004976 -0.000086 0.83867
-0.00086 -0.05627 0.00025 1.0 0.005412 0.008323 0.660266 0.750966


##### Pose: 7 ##############################################

0.0 0.0 0.0 1.0 0.0 0.0 0.707107 0.707107
0.0 0.0 0.6234 1.0 0.0 0.0 0.0 1.0
0.0 0.0 0.0 1.0 0.0 0.0 0.0 1.0
0.06569 0.01838 -0.18815 1.0 0.014155 -0.120918 -0.548606 0.82717
0.2 0.0 -0.0084 1.0 0.0 0.0 0.0 1.0
0.00313 0.12307 0.0005 1.0 0.208732 -0.017754 0.168555 0.963174
0.00313 -0.12307 0.0005 1.0 -0.011243 0.915206 -0.333839 0.22544
0.00295 0.0 0.10781 1.0 -0.013523 0.177014 0.093907 0.979625
0.00295 0.0 0.10781 1.0 -0.013382 0.083213 0.049552 0.995209
0.0 0.0 0.12763 1.0 -0.061901 0.140294 0.047069 0.987051
-0.00454 0.00407 -0.20977 1.0 -0.003295 0.677639 -0.008685 0.735336
0.00406 -0.00064 0.20992 1.0 0.079667 0.767627 -0.060881 0.633005
-0.00508 0.00195 -0.15497 1.0 0.002478 -0.017481 0.050784 0.998554
-0.00641 0.00226 -0.18399 1.0 -0.08019 -0.349839 0.061013 0.931375
-0.02319 0.09435 0.08792 1.0 0.0 0.0 0.0 1.0
-0.02727 0.0 0.12737 1.0 -0.063284 0.086449 -0.000211 0.994244
0.0051 -0.0019 0.155 1.0 0.00148 -0.091983 -0.094016 0.991311
-0.0003 -0.00193 0.18351 1.0 -0.146817 -0.346463 -0.168642 0.911026
-0.02319 -0.09435 0.08792 1.0 0.0 1.0 0.0 0.0
0.01955 0.0 0.11236 1.0 -0.041362 -0.089091 0.295889 0.950159
-0.0012 0.0935 -0.00094 1.0 -0.372741 -0.292459 0.050751 0.879179
0.1367 0.00103 -0.07412 1.0 -0.205865 -0.137454 0.157203 0.95604
0.0012 -0.0935 0.00094 1.0 -0.308352 0.04874 0.168505 0.93496
-0.1367 -0.00103 0.07412 1.0 -0.042382 -0.218544 -0.156032 0.962339
0.04184 0.0 0.29363 1.0 0.0 0.0 0.0 1.0
0.0 0.17528 0.00003 1.0 0.000539 0.013029 -0.598706 0.800863
0.21175 -0.00194 0.03537 1.0 0.0 0.0 0.0 1.0
0.01545 -0.00217 0.03772 1.0 0.0 0.0 0.0 1.0
0.20253 -0.00433 0.07298 1.0 0.0 0.0 0.0 1.0
0.0 -0.17528 -0.00003 1.0 -0.086674 -0.139122 -0.544236 0.822764
0.21133 -0.00375 0.03157 1.0 0.0 0.0 0.0 1.0
0.0039 0.17213 -0.00023 1.0 -0.110246 0.001539 -0.032338 0.993377
0.0041 0.18311 0.00101 1.0 -0.000828 0.001424 0.0 0.999999
-0.0179 -0.17218 -0.00004 1.0 -0.24113 -0.273066 -0.222507 0.904313
-0.01923 -0.18083 -0.0013 1.0 0.000585 -0.055027 -0.107375 0.992694
0.05434 0.14794 0.03756 1.0 -0.335662 0.034116 -0.034265 0.940741
0.01196 0.15393 0.04553 1.0 -0.394776 0.018468 -0.027513 0.91818
-0.03124 0.14728 0.04113 1.0 -0.439949 0.016251 0.00296 0.897871
-0.07001 0.1413 0.02956 1.0 -0.564136 -0.064076 0.11663 0.814888
0.09958 0.0939 -0.02147 1.0 -0.188724 0.014302 0.077265 0.978881
-0.05434 -0.14794 -0.03756 1.0 -0.544617 0.004946 -0.000086 0.83867
-0.01196 -0.15393 -0.04553 1.0 -0.544616 0.004994 -0.000086 0.838671
0.03124 -0.14728 -0.04113 1.0 -0.544617 0.004946 -0.000086 0.83867
0.07001 -0.1413 -0.02956 1.0 -0.544617 0.004946 -0.000086 0.83867
-0.00249 -0.14826 0.01591 1.0 0.707107 0.0 0.0 0.707107
-0.09958 -0.09391 0.02147 1.0 -0.446641 0.146874 0.264166 0.842114
0.00074 0.05825 -0.00249 1.0 -0.6757 0.012414 0.000644 0.737072
0.00034 0.05524 -0.00625 1.0 -0.62878 0.010545 0.000228 0.777512
0.00033 0.0566 -0.00383 1.0 -0.651524 0.010785 0.000573 0.758551
0.00078 0.0516 -0.00392 1.0 -0.710035 0.013324 0.001912 0.704038
0.00086 0.05627 -0.00025 1.0 0.01022 0.005978 0.290606 0.95677
-0.00074 -0.05825 0.00249 1.0 -0.544616 0.005008 -0.000122 0.838671
-0.00034 -0.05524 0.00625 1.0 -0.544619 0.004977 0.0 0.838669
-0.00033 -0.0566 0.00383 1.0 -0.544617 0.004895 0.0 0.838671
-0.00078 -0.0516 0.00392 1.0 -0.544618 0.004976 -0.000086 0.83867
-0.00086 -0.05627 0.00025 1.0 0.005412 0.008323 0.660266 0.750966


##### Pose: 8 ##############################################

0.0 0.0 0.0 1.0 0.0 0.0 0.707107 0.707107
0.0 0.0 0.6234 1.0 0.0 0.0 0.0 1.0
0.0 0.0 0.0 1.0 0.0 0.0 0.0 1.0
0.06569 0.01424 -0.17991 1.0 0.014363 -0.104472 -0.568252 0.816069
0.2 0.0 -0.00625 1.0 0.0 0.0 0.0 1.0
0.00313 0.12307 0.0005 1.0 0.191713 -0.018071 0.199639 0.960762
0.00313 -0.12307 0.0005 1.0 -0.022983 0.923366 -0.316134 0.216624
0.00295 0.0 0.10781 1.0 -0.015164 0.15964 0.090937 0.982861
0.00295 0.0 0.10781 1.0 -0.013693 0.073368 0.048094 0.996051
0.0 0.0 0.12763 1.0 -0.055674 0.125919 0.047337 0.989345
-0.00454 0.00375 -0.20977 1.0 -0.000432 0.65155 -0.009796 0.758542
0.00406 -0.00064 0.20992 1.0 0.063807 0.741701 -0.052248 0.665641
-0.00508 0.00195 -0.15497 1.0 0.003303 -0.02095 0.06027 0.997957
-0.00641 0.00226 -0.18399 1.0 -0.074954 -0.363528 0.070252 0.925902
-0.02319 0.09435 0.08792 1.0 0.0 0.0 0.0 1.0
-0.02727 0.0 0.12737 1.0 -0.057113 0.084861 0.026577 0.9944
0.0051 -0.0019 0.155 1.0 0.001413 -0.089679 -0.092121 0.9917
-0.0003 -0.00193 0.18351 1.0 -0.148776 -0.348048 -0.164416 0.910876
-0.02319 -0.09435 0.08792 1.0 0.0 1.0 0.0 0.0
0.01955 0.0 0.11236 1.0 -0.037775 -0.083472 0.307898 0.946998
-0.0012 0.0935 -0.00094 1.0 -0.369299 -0.286586 0.06926 0.8813
0.1367 0.00103 -0.07412 1.0 -0.187019 -0.119919 0.156178 0.96242
0.0012 -0.0935 0.00094 1.0 -0.296136 0.072368 0.122173 0.944532
-0.1367 -0.00103 0.07412 1.0 -0.031313 -0.197628 -0.136146 0.970272
0.04184 0.0 0.29363 1.0 0.0 0.0 0.0 1.0
0.0 0.17528 0.00003 1.0 -0.002437 0.007928 -0.623113 0.782088
0.21175 -0.00194 0.03537 1.0 0.0 0.0 0.0 1.0
0.01545 -0.00217 0.03772 1.0 0.0 0.0 0.0 1.0
0.20253 -0.00433 0.07298 1.0 0.0 0.0 0.0 1.0
0.0 -0.17528 -0.00003 1.0 -0.096415 -0.155471 -0.535603 0.824416
0.21133 -0.00375 0.03157 1.0 0.0 0.0 0.0 1.0
0.00334 0.17213 -0.00023 1.0 -0.119699 -0.003582 -0.038822 0.992044
0.00346 0.18311 0.00101 1.0 -0.000828 -0.000244 0.002641 0.999996
-0.01944 -0.17218 -0.00004 1.0 -0.239441 -0.294051 -0.20764 0.901714
-0.02091 -0.18049 -0.0013 1.0 0.000345 -0.061031 -0.114627 0.991532
0.05434 0.14794 0.03756 1.0 -0.335662 0.034116 -0.034265 0.940741
0.01196 0.15393 0.04553 1.0 -0.394752 0.019 -0.027946 0.918166
-0.03124 0.14728 0.04113 1.0 -0.439955 0.016564 0.003603 0.89786
-0.07001 0.1413 0.02956 1.0 -0.564163 -0.063886 0.116498 0.814903
0.09958 0.0939 -0.02147 1.0 -0.188724 0.014302 0.077265 0.978881
-0.05434 -0.14794 -0.03756 1.0 -0.544617 0.004946 -0.000086 0.83867
-0.01196 -0.15393 -0.04553 1.0 -0.544616 0.004994 -0.000086 0.838671
0.03124 -0.14728 -0.04113 1.0 -0.544617 0.004946 -0.000086 0.83867
0.07001 -0.1413 -0.02956 1.0 -0.544617 0.004946 -0.000086 0.83867
-0.00249 -0.14826 0.01591 1.0 0.707107 0.0 0.0 0.707107
-0.09958 -0.09391 0.02147 1.0 -0.446641 0.146874 0.264166 0.842114
0.00074 0.05825 -0.00249 1.0 -0.6757 0.012072 0.000283 0.737078
0.00034 0.05524 -0.00625 1.0 -0.62878 0.01038 0.0 0.777514
0.00033 0.0566 -0.00383 1.0 -0.651524 0.010573 0.000311 0.758554
0.00078 0.0516 -0.00392 1.0 -0.710036 0.012818 0.001733 0.704047
0.00086 0.05627 -0.00025 1.0 0.01022 0.005978 0.290606 0.95677
-0.00074 -0.05825 0.00249 1.0 -0.544616 0.005008 -0.000122 0.838671
-0.00034 -0.05524 0.00625 1.0 -0.544619 0.004977 0.0 0.838669
-0.00033 -0.0566 0.00383 1.0 -0.544617 0.004895 0.0 0.838671
-0.00078 -0.0516 0.00392 1.0 -0.544618 0.004976 -0.000086 0.838669
-0.00086 -0.05627 0.00025 1.0 0.005412 0.008323 0.660266 0.750966


##### Pose: 9 ##############################################

0.0 0.0 0.0 1.0 0.0 0.0 0.707107 0.707107
0.0 0.0 0.6234 1.0 0.0 0.0 0.0 1.0
0.0 0.0 0.0 1.0 0.0 0.0 0.0 1.0
0.06569 0.0101 -0.17166 1.0 0.014789 -0.088003 -0.587506 0.804284
0.2 0.0 -0.00411 1.0 0.0 0.0 0.0 1.0
0.00313 0.12307 0.0005 1.0 0.165158 -0.040691 0.224906 0.959419
0.00313 -0.12307 0.0005 1.0 -0.035022 0.930845 -0.298289 0.208146
0.00295 0.0 0.10781 1.0 -0.016918 0.142183 0.088056 0.985771
0.00295 0.0 0.10781 1.0 -0.014034 0.063512 0.046647 0.996792
0.0 0.0 0.12763 1.0 -0.04945 0.111518 0.047435 0.991397
-0.00454 0.00344 -0.20977 1.0 0.000582 0.640595 -0.008817 0.767828
0.00406 -0.00064 0.20992 1.0 0.04881 0.714159 -0.0424 0.696991
-0.00508 0.00195 -0.15497 1.0 0.004193 -0.024421 0.069746 0.997257
-0.00641 0.00226 -0.18399 1.0 -0.069443 -0.377116 0.079335 0.920145
-0.02319 0.09435 0.08792 1.0 0.0 0.0 0.0 1.0
-0.02727 0.0 0.12737 1.0 -0.050756 0.082778 0.053351 0.993844
0.0051 -0.0019 0.155 1.0 0.001332 -0.087372 -0.090227 0.99208
-0.0003 -0.00193 0.18351 1.0 -0.150726 -0.349609 -0.160182 0.910712
-0.02319 -0.09435 0.08792 1.0 0.0 1.0 0.0 0.0
0.01955 0.0 0.11236 1.0 -0.032011 -0.079981 0.321034 0.943141
-0.0012 0.0935 -0.00094 1.0 -0.36496 -0.287682 0.090668 0.880808
0.1367 0.00103 -0.07412 1.0 -0.150441 -0.106346 0.143948 0.972284
0.0012 -0.0935 0.00094 1.0 -0.286053 0.094115 0.059847 0.951701
-0.1367 -0.00103 0.07412 1.0 -0.021201 -0.176656 -0.112984 0.977537
0.04184 0.0 0.29363 1.0 0.0 0.0 0.0 1.0
0.0 0.17528 0.00003 1.0 -0.005887 0.003487 -0.651432 0.758676
0.21175 -0.00194 0.03537 1.0 0.0 0.0 0.0 1.0
0.01545 -0.00217 0.03772 1.0 0.0 0.0 0.0 1.0
0.20253 -0.00433 0.07298 1.0 0.0 0.0 0.0 1.0
0.0 -0.17528 -0.00003 1.0 -0.102843 -0.172566 -0.512447 0.834891
0.21133 -0.00375 0.03157 1.0 0.0 0.0 0.0 1.0
0.00278 0.17213 -0.00023 1.0 -0.128133 -0.009241 -0.048816 0.990512
0.00283 0.18311 0.00101 1.0 -0.000819 -0.001934 0.00524 0.999984
-0.02098 -0.17218 -0.00004 1.0 -0.23824 -0.309739 -0.19156 0.900338
-0.02259 -0.18016 -0.0013 1.0 0.0 -0.067006 -0.121874 0.990281
0.05434 0.14794 0.03756 1.0 -0.335662 0.034116 -0.034265 0.940741
0.01196 0.15393 0.04553 1.0 -0.394727 0.019087 -0.028515 0.918158
-0.03124 0.14728 0.04113 1.0 -0.439957 0.01669 0.003854 0.897855
-0.07001 0.1413 0.02956 1.0 -0.564238 -0.063363 0.116136 0.814944
0.09958 0.0939 -0.02147 1.0 -0.188724 0.014302 0.077265 0.978881
-0.05434 -0.14794 -0.03756 1.0 -0.544617 0.004946 -0.000086 0.83867
-0.01196 -0.15393 -0.04553 1.0 -0.544616 0.004994 -0.000086 0.838671
0.03124 -0.14728 -0.04113 1.0 -0.544617 0.004946 -0.000086 0.83867
0.07001 -0.1413 -0.02956 1.0 -0.544617 0.004946 -0.000086 0.83867
-0.00249 -0.14826 0.01591 1.0 0.707107 0.0 0.0 0.707107
-0.09958 -0.09391 0.02147 1.0 -0.446641 0.146874 0.264166 0.842114
0.00074 0.05825 -0.00249 1.0 -0.675699 0.011568 -0.00028 0.737087
0.00034 0.05524 -0.00625 1.0 -0.628779 0.010104 -0.000329 0.777518
0.00033 0.0566 -0.00383 1.0 -0.651523 0.010228 0.0 0.75856
0.00078 0.0516 -0.00392 1.0 -0.710037 0.012087 0.001423 0.704059
0.00086 0.05627 -0.00025 1.0 0.01022 0.005978 0.290606 0.95677
-0.00074 -0.05825 0.00249 1.0 -0.544616 0.005008 -0.000122 0.838671
-0.00034 -0.05524 0.00625 1.0 -0.544619 0.004977 0.0 0.838669
-0.00033 -0.0566 0.00383 1.0 -0.544617 0.004895 0.0 0.838671
-0.00078 -0.0516 0.00392 1.0 -0.544618 0.004976 -0.000086 0.83867
-0.00086 -0.05627 0.00025 1.0 0.005412 0.008323 0.660266 0.750966


##### Pose: 10 #############################################

0.0 0.0 0.0 1.0 0.0 0.0 0.707107 0.707107
0.0 0.0 0.6234 1.0 0.0 0.0 0.0 1.0
0.0 0.0 0.0 1.0 0.0 0.0 0.0 1.0
0.06569 0.00595 -0.16342 1.0 0.015424 -0.071534 -0.606352 0.791822
0.2 0.0 0.00157 1.0 0.0 0.0 0.0 1.0
0.00313 0.12307 0.0005 1.0 0.135329 -0.068429 0.248013 0.956814
0.00313 -0.12307 0.0005 1.0 -0.047346 0.937638 -0.280327 0.200025
0.00295 0.0 0.10781 1.0 -0.018783 0.124651 0.085267 0.988352
0.00295 0.0 0.10781 1.0 -0.014579 0.057473 0.045157 0.997219
0.0 0.0 0.12763 1.0 -0.043324 0.098994 0.047281 0.99302
-0.00454 0.00313 -0.20977 1.0 -0.000106 0.626326 -0.005977 0.779538
0.00406 -0.00064 0.20992 1.0 0.039056 0.684875 -0.035967 0.726724
-0.00508 0.00195 -0.15497 1.0 0.005149 -0.027893 0.07921 0.996454
-0.00641 0.00226 -0.18399 1.0 -0.063661 -0.390598 0.088257 0.914107
-0.02319 0.09435 0.08792 1.0 0.0 0.0 0.0 1.0
-0.02727 0.0 0.12737 1.0 -0.044229 0.080206 0.080065 0.992573
0.0051 -0.0019 0.155 1.0 0.001251 -0.085061 -0.088333 0.992452
-0.0003 -0.00193 0.18351 1.0 -0.152668 -0.351144 -0.15594 0.910535
-0.02319 -0.09435 0.08792 1.0 0.0 1.0 0.0 0.0
0.01955 0.0 0.11236 1.0 -0.024712 -0.077192 0.334426 0.93893
-0.0012 0.0935 -0.00094 1.0 -0.360127 -0.288616 0.11194 0.880045
0.1367 0.00103 -0.07412 1.0 -0.105585 -0.092316 0.123068 0.982438
0.0012 -0.0935 0.00094 1.0 -0.278396 0.115251 -0.011001 0.953463
-0.1367 -0.00103 0.07412 1.0 -0.012539 -0.155571 -0.088389 0.983782
0.04184 0.0 0.29363 1.0 0.0 0.0 0.0 1.0
0.0 0.17528 0.00003 1.0 -0.009531 -0.001654 -0.683237 0.730133
0.21175 -0.00194 0.03537 1.0 0.0 0.0 0.0 1.0
0.01545 -0.00217 0.03772 1.0 0.0 0.0 0.0 1.0
0.20253 -0.00433 0.07298 1.0 0.0 0.0 0.0 1.0
0.0 -0.17528 -0.00003 1.0 -0.107866 -0.191109 -0.481733 0.848396
0.21133 -0.00375 0.03157 1.0 0.0 0.0 0.0 1.0
0.00222 0.17213 -0.00023 1.0 -0.13555 -0.014944 -0.061611 0.98874
0.00219 0.18311 0.00101 1.0 -0.0008 -0.003246 0.007838 0.999964
-0.02251 -0.17218 -0.00004 1.0 -0.234005 -0.324989 -0.175917 0.899265
-0.02427 -0.17982 -0.0013 1.0 0.0 -0.069962 -0.129115 0.989159
0.05434 0.14794 0.03756 1.0 -0.335597 0.035869 -0.034891 0.940676
0.01196 0.15393 0.04553 1.0 -0.394715 0.01863 -0.028934 0.918159
-0.03124 0.14728 0.04113 1.0 -0.439957 0.01669 0.003854 0.897855
-0.07001 0.1413 0.02956 1.0 -0.56438 -0.062366 0.115445 0.81502
0.09958 0.0939 -0.02147 1.0 -0.188724 0.014302 0.077265 0.978881
-0.05434 -0.14794 -0.03756 1.0 -0.544617 0.004946 -0.000086 0.83867
-0.01196 -0.15393 -0.04553 1.0 -0.544616 0.004994 -0.000086 0.838671
0.03124 -0.14728 -0.04113 1.0 -0.544617 0.004946 -0.000086 0.83867
0.07001 -0.1413 -0.02956 1.0 -0.544617 0.004946 -0.000086 0.83867
-0.00249 -0.14826 0.01591 1.0 0.707107 0.0 0.0 0.707107
-0.09958 -0.09391 0.02147 1.0 -0.446641 0.146874 0.264166 0.842114
0.00074 0.05825 -0.00249 1.0 -0.675698 0.010866 -0.001048 0.737098
0.00034 0.05524 -0.00625 1.0 -0.628777 0.009685 -0.000857 0.777525
0.00033 0.0566 -0.00383 1.0 -0.651521 0.009724 -0.000671 0.758568
0.00078 0.0516 -0.00392 1.0 -0.710038 0.01113 0.000951 0.704075
0.00086 0.05627 -0.00025 1.0 0.01022 0.005978 0.290606 0.95677
-0.00074 -0.05825 0.00249 1.0 -0.544616 0.005008 -0.000122 0.838671
-0.00034 -0.05524 0.00625 1.0 -0.544619 0.004977 0.0 0.838669
-0.00033 -0.0566 0.00383 1.0 -0.544617 0.004895 0.0 0.838671
-0.00078 -0.0516 0.00392 1.0 -0.544618 0.004976 -0.000086 0.83867
-0.00086 -0.05627 0.00025 1.0 0.005412 0.008323 0.660266 0.750966


##### Pose: 11 #############################################

0.0 0.0 0.0 1.0 0.0 0.0 0.707107 0.707107
0.0 0.0 0.6234 1.0 0.0 0.0 0.0 1.0
0.0 0.0 0.0 1.0 0.0 0.0 0.0 1.0
0.06569 0.00181 -0.15549 1.0 0.009361 -0.060619 -0.624266 0.7788
0.2 0.0 0.00725 1.0 0.0 0.0 0.0 1.0
0.00313 0.12307 0.0005 1.0 0.106752 -0.089257 0.266994 0.953599
0.00313 -0.12307 0.0005 1.0 -0.056134 0.946433 -0.263115 0.178561
0.00295 0.0 0.10781 1.0 -0.020754 0.107049 0.082574 0.990602
0.00295 0.0 0.10781 1.0 -0.015126 0.051426 0.043372 0.99762
0.0 0.0 0.12763 1.0 -0.037208 0.086459 0.046982 0.994451
-0.00454 0.00282 -0.20977 1.0 -0.000657 0.598756 -0.00354 0.800923
0.00406 -0.00064 0.20992 1.0 0.029726 0.648827 -0.029018 0.759801
-0.00508 0.00195 -0.15497 1.0 0.006168 -0.031366 0.088661 0.995549
-0.00641 0.00226 -0.18399 1.0 -0.057613 -0.403967 0.09701 0.907789
-0.02319 0.09435 0.08792 1.0 0.0 0.0 0.0 1.0
-0.02727 0.0 0.12737 1.0 -0.037546 0.077152 0.106695 0.990583
0.0051 -0.0019 0.155 1.0 0.001145 -0.082747 -0.08644 0.992814
-0.0003 -0.00193 0.18351 1.0 -0.154601 -0.352655 -0.151691 0.910342
-0.02319 -0.09435 0.08792 1.0 0.0 1.0 0.0 0.0
0.01955 0.0 0.11236 1.0 -0.016666 -0.074563 0.347306 0.934634
-0.0012 0.0935 -0.00094 1.0 -0.354801 -0.289383 0.133058 0.879016
0.1367 0.00103 -0.07412 1.0 -0.061343 -0.07386 0.095739 0.990765
0.0012 -0.0935 0.00094 1.0 -0.271122 0.139508 -0.087532 0.94835
-0.1367 -0.00103 0.07412 1.0 -0.005848 -0.136024 -0.063306 0.988664
0.04184 0.0 0.29363 1.0 0.0 0.0 0.0 1.0
0.0 0.17528 0.00003 1.0 -0.01318 -0.006248 -0.714635 0.699345
0.21175 -0.00194 0.03537 1.0 0.0 0.0 0.0 1.0
0.01545 -0.00217 0.03772 1.0 0.0 0.0 0.0 1.0
0.20253 -0.00433 0.07298 1.0 0.0 0.0 0.0 1.0
0.0 -0.17528 -0.00003 1.0 -0.112372 -0.208887 -0.45181 0.860004
0.21133 -0.00375 0.03157 1.0 0.0 0.0 0.0 1.0
0.00166 0.17213 -0.00023 1.0 -0.142013 -0.021261 -0.074782 0.986807
0.00156 0.18311 0.00101 1.0 -0.000782 -0.004553 0.010436 0.999935
-0.02405 -0.17218 -0.00004 1.0 -0.222781 -0.341831 -0.15587 0.899569
-0.02595 -0.17949 -0.0013 1.0 0.0 -0.072894 -0.13635 0.987975
0.05434 0.14794 0.03756 1.0 -0.31852 0.032911 -0.060929 0.945383
0.01196 0.15393 0.04553 1.0 -0.374415 0.018391 -0.028773 0.926632
-0.03124 0.14728 0.04113 1.0 -0.420267 0.008243 0.019387 0.907156
-0.07001 0.1413 0.02956 1.0 -0.520813 -0.060985 0.119826 0.843016
0.09958 0.0939 -0.02147 1.0 -0.188724 0.014302 0.077265 0.978881
-0.05434 -0.14794 -0.03756 1.0 -0.544617 0.004946 -0.000086 0.83867
-0.01196 -0.15393 -0.04553 1.0 -0.544616 0.004994 -0.000086 0.838671
0.03124 -0.14728 -0.04113 1.0 -0.544617 0.004946 -0.000086 0.83867
0.07001 -0.1413 -0.02956 1.0 -0.544617 0.004946 -0.000086 0.83867
-0.00249 -0.14826 0.01591 1.0 0.707107 0.0 0.0 0.707107
-0.09958 -0.09391 0.02147 1.0 -0.446641 0.146874 0.264166 0.842114
0.00074 0.05825 -0.00249 1.0 -0.573758 0.010146 -0.000707 0.818962
0.00034 0.05524 -0.00625 1.0 -0.540553 0.009227 -0.000559 0.841259
0.00033 0.0566 -0.00383 1.0 -0.557151 0.009146 -0.000405 0.830361
0.00078 0.0516 -0.00392 1.0 -0.599337 0.009724 0.001746 0.800436
0.00086 0.05627 -0.00025 1.0 0.01022 0.005978 0.290606 0.95677
-0.00074 -0.05825 0.00249 1.0 -0.544616 0.005008 -0.000122 0.838671
-0.00034 -0.05524 0.00625 1.0 -0.544619 0.004977 0.0 0.838669
-0.00033 -0.0566 0.00383 1.0 -0.544617 0.004895 0.0 0.838671
-0.00078 -0.0516 0.00392 1.0 -0.544618 0.004976 -0.000086 0.83867
-0.00086 -0.05627 0.00025 1.0 0.005412 0.008323 0.660266 0.750966


##### Pose: 12 #############################################

0.0 0.0 0.0 1.0 0.0 0.0 0.707107 0.707107
0.0 0.0 0.6234 1.0 0.0 0.0 0.0 1.0
0.0 0.0 0.0 1.0 0.0 0.0 0.0 1.0
0.06569 -0.00233 -0.14756 1.0 0.003728 -0.050068 -0.641982 0.765074
0.2 0.0 0.01293 1.0 0.0 0.0 0.0 1.0
0.00313 0.12307 0.0005 1.0 0.083658 -0.094807 0.282707 0.950836
0.00313 -0.12307 0.0005 1.0 -0.066782 0.952391 -0.252782 0.15682
0.00295 0.0 0.10781 1.0 -0.022828 0.089385 0.079979 0.992518
0.00295 0.0 0.10781 1.0 -0.014011 0.045301 0.041672 0.998006
0.0 0.0 0.12763 1.0 -0.03119 0.073944 0.047714 0.995632
-0.00454 0.00251 -0.20977 1.0 -0.000926 0.558585 -0.001507 0.829445
0.00406 -0.00064 0.20992 1.0 0.021183 0.611099 -0.021259 0.790985
-0.00508 0.00195 -0.15497 1.0 0.007246 -0.034839 0.098098 0.99454
-0.00641 0.00226 -0.18399 1.0 -0.05327 -0.400284 0.104608 0.908841
-0.02319 0.09435 0.08792 1.0 0.0 0.0 0.0 1.0
-0.02727 0.0 0.12737 1.0 -0.030726 0.073623 0.133214 0.987871
0.0051 -0.0019 0.155 1.0 0.001036 -0.080429 -0.084547 0.993168
-0.0003 -0.00193 0.18351 1.0 -0.156525 -0.35414 -0.147436 0.910136
-0.02319 -0.09435 0.08792 1.0 0.0 1.0 0.0 0.0
0.01955 0.0 0.11236 1.0 -0.008072 -0.072669 0.358523 0.930653
-0.0012 0.0935 -0.00094 1.0 -0.348988 -0.289978 0.154008 0.877725
0.1367 0.00103 -0.07412 1.0 -0.028268 -0.054117 0.065089 0.99601
0.0012 -0.0935 0.00094 1.0 -0.265487 0.161371 -0.162262 0.936561
-0.1367 -0.00103 0.07412 1.0 -0.000913 -0.117161 -0.040657 0.99228
0.04184 0.0 0.29363 1.0 0.0 0.0 0.0 1.0
0.0 0.17528 0.00003 1.0 -0.017352 -0.010447 -0.747185 0.664307
0.21175 -0.00194 0.03537 1.0 0.0 0.0 0.0 1.0
0.01545 -0.00217 0.03772 1.0 0.0 0.0 0.0 1.0
0.20253 -0.00433 0.07298 1.0 0.0 0.0 0.0 1.0
0.0 -0.17528 -0.00003 1.0 -0.117144 -0.225091 -0.427176 0.867832
0.21133 -0.00375 0.03157 1.0 0.0 0.0 0.0 1.0
0.0011 0.17213 -0.00023 1.0 -0.147578 -0.028065 -0.084691 0.985018
0.00092 0.18311 0.00101 1.0 -0.000752 -0.005862 0.013035 0.999898
-0.02558 -0.17218 -0.00004 1.0 -0.201547 -0.360413 -0.132832 0.90102
-0.02763 -0.17915 -0.0013 1.0 -0.000173 -0.075803 -0.143578 0.986732
0.05434 0.14794 0.03756 1.0 -0.296169 0.033212 -0.087156 0.950571
0.01196 0.15393 0.04553 1.0 -0.353939 0.018318 -0.028418 0.934657
-0.03124 0.14728 0.04113 1.0 -0.400318 -0.0045 0.04018 0.915484
-0.07001 0.1413 0.02956 1.0 -0.476339 -0.0578 0.12674 0.868157
0.09958 0.0939 -0.02147 1.0 -0.188724 0.014302 0.077265 0.978881
-0.05434 -0.14794 -0.03756 1.0 -0.544617 0.004946 -0.000086 0.83867
-0.01196 -0.15393 -0.04553 1.0 -0.544616 0.004994 -0.000086 0.838671
0.03124 -0.14728 -0.04113 1.0 -0.544617 0.004946 -0.000086 0.83867
0.07001 -0.1413 -0.02956 1.0 -0.544617 0.004946 -0.000086 0.83867
-0.00249 -0.14826 0.01591 1.0 0.707107 0.0 0.0 0.707107
-0.09958 -0.09391 0.02147 1.0 -0.446641 0.146874 0.264166 0.842114
0.00074 0.05825 -0.00249 1.0 -0.46337 0.0094 -0.000828 0.886115
0.00034 0.05524 -0.00625 1.0 -0.444761 0.008702 -0.000622 0.895607
0.00033 0.0566 -0.00383 1.0 -0.453684 0.008518 -0.000503 0.891122
0.00078 0.0516 -0.00392 1.0 -0.475722 0.008187 0.001998 0.879555
0.00086 0.05627 -0.00025 1.0 0.01022 0.005978 0.290606 0.95677
-0.00074 -0.05825 0.00249 1.0 -0.544616 0.005008 -0.000122 0.838671
-0.00034 -0.05524 0.00625 1.0 -0.544619 0.004977 0.0 0.838669
-0.00033 -0.0566 0.00383 1.0 -0.544617 0.004895 0.0 0.838671
-0.00078 -0.0516 0.00392 1.0 -0.544618 0.004976 -0.000086 0.838669
-0.00086 -0.05627 0.00025 1.0 0.005412 0.008323 0.660266 0.750966


##### Pose: 13 #############################################

0.0 0.0 0.0 1.0 0.0 0.0 0.707107 0.707107
0.0 0.0 0.6234 1.0 0.0 0.0 0.0 1.0
0.0 0.0 0.0 1.0 0.0 0.0 0.0 1.0
0.06569 -0.00648 -0.13963 1.0 -0.001474 -0.039896 -0.659483 0.750659
0.2 0.0 0.01862 1.0 0.0 0.0 0.0 1.0
0.00313 0.12307 0.0005 1.0 0.067338 -0.078542 0.295289 0.94979
0.00313 -0.12307 0.0005 1.0 -0.077884 0.957443 -0.242833 0.135163
0.00295 0.0 0.10781 1.0 -0.02119 0.071367 0.077761 0.994189
0.00295 0.0 0.10781 1.0 -0.012917 0.039177 0.03996 0.998349
0.0 0.0 0.12763 1.0 -0.025606 0.061434 0.048275 0.996614
-0.00454 0.0022 -0.20977 1.0 -0.001193 0.510004 0.000432 0.860171
0.00406 -0.00064 0.20992 1.0 0.013485 0.571796 -0.012753 0.820186
-0.00508 0.00195 -0.15497 1.0 0.008393 -0.03831 0.107519 0.993429
-0.00641 0.00226 -0.18399 1.0 -0.048969 -0.396582 0.112228 0.909797
-0.02319 0.09435 0.08792 1.0 0.0 0.0 0.0 1.0
-0.02727 0.0 0.12737 1.0 -0.023785 0.069629 0.159599 0.984436
0.0051 -0.0019 0.155 1.0 0.00093 -0.078108 -0.082656 0.993512
-0.0003 -0.00193 0.18351 1.0 -0.157447 -0.349304 -0.144265 0.912351
-0.02319 -0.09435 0.08792 1.0 0.0 1.0 0.0 0.0
0.01955 0.0 0.11236 1.0 -0.000423 -0.071866 0.36744 0.927266
-0.0012 0.0935 -0.00094 1.0 -0.342529 -0.290214 0.175196 0.876217
0.1367 0.00103 -0.07412 1.0 -0.010629 -0.039607 0.033522 0.998596
0.0012 -0.0935 0.00094 1.0 -0.263361 0.174628 -0.231845 0.919997
-0.1367 -0.00103 0.07412 1.0 0.001899 -0.10152 -0.021427 0.994601
0.04184 0.0 0.29363 1.0 0.0 0.0 0.0 1.0
0.0 0.17528 0.00003 1.0 -0.021347 -0.014076 -0.776594 0.629482
0.21175 -0.00194 0.03537 1.0 0.0 0.0 0.0 1.0
0.01545 -0.00217 0.03772 1.0 0.0 0.0 0.0 1.0
0.20253 -0.00433 0.07298 1.0 0.0 0.0 0.0 1.0
0.0 -0.17528 -0.00003 1.0 -0.120566 -0.23927 -0.403953 0.874663
0.21133 -0.00375 0.03157 1.0 0.0 0.0 0.0 1.0
0.00054 0.17213 -0.00023 1.0 -0.152228 -0.03489 -0.088801 0.98373
0.00028 0.18311 0.00101 1.0 -0.000722 -0.007171 0.015632 0.999852
-0.02712 -0.17218 -0.00004 1.0 -0.178428 -0.378345 -0.112313 0.901335
-0.02931 -0.17882 -0.0013 1.0 -0.000122 -0.07876 -0.147809 0.985875
0.05434 0.14794 0.03756 1.0 -0.275935 0.03552 -0.11344 0.953797
0.01196 0.15393 0.04553 1.0 -0.333297 0.01869 -0.0278 0.942227
-0.03124 0.14728 0.04113 1.0 -0.379982 -0.015602 0.054458 0.923258
-0.07001 0.1413 0.02956 1.0 -0.430589 -0.058061 0.133741 0.890694
0.09958 0.0939 -0.02147 1.0 -0.188724 0.014302 0.077265 0.978881
-0.05434 -0.14794 -0.03756 1.0 -0.544617 0.004946 -0.000086 0.83867
-0.01196 -0.15393 -0.04553 1.0 -0.544616 0.004994 -0.000086 0.838671
0.03124 -0.14728 -0.04113 1.0 -0.544617 0.004946 -0.000086 0.83867
0.07001 -0.1413 -0.02956 1.0 -0.544617 0.004946 -0.000086 0.83867
-0.00249 -0.14826 0.01591 1.0 0.707107 0.0 0.0 0.707107
-0.09958 -0.09391 0.02147 1.0 -0.446641 0.146874 0.264166 0.842114
0.00074 0.05825 -0.00249 1.0 -0.343802 0.009044 -0.000657 0.938998
0.00034 0.05524 -0.00625 1.0 -0.343576 0.008428 -0.00044 0.939087
0.00033 0.0566 -0.00383 1.0 -0.343686 0.008194 -0.000345 0.939049
0.00078 0.0516 -0.00392 1.0 -0.34348 0.006782 0.002068 0.939133
0.00086 0.05627 -0.00025 1.0 0.01022 0.005978 0.290606 0.95677
-0.00074 -0.05825 0.00249 1.0 -0.544616 0.005008 -0.000122 0.838671
-0.00034 -0.05524 0.00625 1.0 -0.544619 0.004977 0.0 0.838669
-0.00033 -0.0566 0.00383 1.0 -0.544617 0.004895 0.0 0.838671
-0.00078 -0.0516 0.00392 1.0 -0.544618 0.004976 -0.000086 0.838669
-0.00086 -0.05627 0.00025 1.0 0.005412 0.008323 0.660266 0.750966


##### Pose: 14 #############################################

0.0 0.0 0.0 1.0 0.0 0.0 0.707107 0.707107
0.0 0.0 0.6234 1.0 0.0 0.0 0.0 1.0
0.0 0.0 0.0 1.0 0.0 0.0 0.0 1.0
0.06569 -0.01062 -0.1317 1.0 -0.005105 -0.028882 -0.676758 0.735621
0.2 0.0 0.0243 1.0 0.0 0.0 0.0 1.0
0.00313 0.12307 0.0005 1.0 0.058238 -0.058333 0.303287 0.949328
0.00313 -0.12307 0.0005 1.0 -0.089423 0.961595 -0.233292 0.113637
0.00295 0.0 0.10781 1.0 -0.019641 0.053318 0.07551 0.995525
0.00295 0.0 0.10781 1.0 -0.011845 0.033053 0.038237 0.998652
0.0 0.0 0.12763 1.0 -0.020012 0.048912 0.048705 0.997414
-0.00454 0.00189 -0.20977 1.0 -0.001683 0.468827 0.002635 0.883284
0.00406 -0.00064 0.20992 1.0 0.006684 0.531028 -0.003563 0.84732
-0.00508 0.00195 -0.15497 1.0 0.009316 -0.041778 0.109938 0.993016
-0.00641 0.00226 -0.18399 1.0 -0.047047 -0.393535 0.114689 0.910913
-0.02319 0.09435 0.08792 1.0 0.0 0.0 0.0 1.0
-0.02727 0.0 0.12737 1.0 -0.017336 0.068325 0.18577 0.980062
0.0051 -0.0019 0.155 1.0 0.00081 -0.075785 -0.080764 0.993848
-0.0003 -0.00193 0.18351 1.0 -0.158412 -0.34443 -0.141106 0.914529
-0.02319 -0.09435 0.08792 1.0 0.0 1.0 0.0 0.0
0.01955 0.0 0.11236 1.0 0.00513 -0.071243 0.372934 0.925105
-0.0012 0.0935 -0.00094 1.0 -0.335576 -0.290262 0.196176 0.874444
0.1367 0.00103 -0.07412 1.0 -0.005293 -0.033874 0.009456 0.999367
0.0012 -0.0935 0.00094 1.0 -0.262205 0.184049 -0.281121 0.904625
-0.1367 -0.00103 0.07412 1.0 0.003103 -0.09078 -0.008527 0.99583
0.04184 0.0 0.29363 1.0 0.0 0.0 0.0 1.0
0.0 0.17528 0.00003 1.0 -0.02572 -0.017498 -0.804327 0.593372
0.21175 -0.00194 0.03537 1.0 0.0 0.0 0.0 1.0
0.01545 -0.00217 0.03772 1.0 0.0 0.0 0.0 1.0
0.20253 -0.00433 0.07298 1.0 0.0 0.0 0.0 1.0
0.0 -0.17528 -0.00003 1.0 -0.121801 -0.249738 -0.382546 0.881166
0.21133 -0.00375 0.03157 1.0 0.0 0.0 0.0 1.0
-0.00002 0.17213 -0.00023 1.0 -0.15598 -0.042584 -0.08438 0.983228
-0.00035 0.18311 0.00101 1.0 -0.00068 -0.008479 0.018229 0.999798
-0.02865 -0.17218 -0.00004 1.0 -0.16154 -0.390627 -0.099546 0.900781
-0.03099 -0.17848 -0.0013 1.0 0.0 -0.081703 -0.152039 0.984992
0.05434 0.14794 0.03756 1.0 -0.30683 0.041467 -0.112794 0.944147
0.01196 0.15393 0.04553 1.0 -0.363916 0.018336 -0.02793 0.930832
-0.03124 0.14728 0.04113 1.0 -0.409849 -0.017649 0.056046 0.910259
-0.07001 0.1413 0.02956 1.0 -0.459447 -0.058703 0.132583 0.87629
0.09958 0.0939 -0.02147 1.0 -0.188724 0.014302 0.077265 0.978881
-0.05434 -0.14794 -0.03756 1.0 -0.544617 0.004946 -0.000086 0.83867
-0.01196 -0.15393 -0.04553 1.0 -0.544616 0.004994 -0.000086 0.838671
0.03124 -0.14728 -0.04113 1.0 -0.544617 0.004946 -0.000086 0.83867
0.07001 -0.1413 -0.02956 1.0 -0.544617 0.004946 -0.000086 0.83867
-0.00249 -0.14826 0.01591 1.0 0.707107 0.0 0.0 0.707107
-0.09958 -0.09391 0.02147 1.0 -0.446641 0.146874 0.264166 0.842114
0.00074 0.05825 -0.00249 1.0 -0.373967 0.008979 -0.00105 0.927398
0.00034 0.05524 -0.00625 1.0 -0.373823 0.008389 -0.000762 0.927462
0.00033 0.0566 -0.00383 1.0 -0.374004 0.008149 -0.000691 0.927391
0.00078 0.0516 -0.00392 1.0 -0.374122 0.00662 0.000922 0.927355
0.00086 0.05627 -0.00025 1.0 0.01022 0.005978 0.290606 0.95677
-0.00074 -0.05825 0.00249 1.0 -0.544616 0.005008 -0.000122 0.838671
-0.00034 -0.05524 0.00625 1.0 -0.544619 0.004977 0.0 0.838669
-0.00033 -0.0566 0.00383 1.0 -0.544617 0.004895 0.0 0.838671
-0.00078 -0.0516 0.00392 1.0 -0.544618 0.004976 -0.000086 0.838669
-0.00086 -0.05627 0.00025 1.0 0.005412 0.008323 0.660266 0.750966


##### Pose: 15 #############################################

0.0 0.0 0.0 1.0 0.0 0.0 0.707107 0.707107
0.0 0.0 0.6234 1.0 0.0 0.0 0.0 1.0
0.0 0.0 0.0 1.0 0.0 0.0 0.0 1.0
0.06569 -0.01476 -0.12376 1.0 -0.002799 -0.023743 -0.67931 0.733462
0.2 0.0 0.02541 1.0 0.0 0.0 0.0 1.0
0.00313 0.12307 0.0005 1.0 0.055495 -0.051471 0.306318 0.948915
0.00313 -0.12307 0.0005 1.0 -0.089025 0.964216 -0.225081 0.108169
0.00295 0.0 0.10781 1.0 -0.019595 0.054545 0.072862 0.995657
0.00295 0.0 0.10781 1.0 -0.010792 0.026929 0.036501 0.998912
0.0 0.0 0.12763 1.0 -0.014413 0.036379 0.049004 0.998032
-0.00454 0.00157 -0.20977 1.0 -0.00201 0.454253 0.003916 0.890862
0.00406 -0.00064 0.20992 1.0 0.000604 0.519157 0.00626 0.854656
-0.00508 0.00195 -0.15497 1.0 0.010255 -0.045246 0.112352 0.992585
-0.00641 0.00226 -0.18399 1.0 -0.045141 -0.390486 0.117162 0.912007
-0.02319 0.09435 0.08792 1.0 0.0 0.0 0.0 1.0
-0.02727 0.0 0.12737 1.0 -0.009522 0.066913 0.191096 0.979242
0.0051 -0.0019 0.155 1.0 0.000657 -0.073457 -0.078874 0.994174
-0.0003 -0.00193 0.18351 1.0 -0.159418 -0.339516 -0.137962 0.916669
-0.02319 -0.09435 0.08792 1.0 0.0 1.0 0.0 0.0
0.01955 0.0 0.11236 1.0 0.008345 -0.071469 0.374657 0.924367
-0.0012 0.0935 -0.00094 1.0 -0.328134 -0.290119 0.216933 0.87241
0.1367 0.00103 -0.07412 1.0 -0.00286 -0.031893 0.000762 0.999487
0.0012 -0.0935 0.00094 1.0 -0.262824 0.187992 -0.296935 0.898561
-0.1367 -0.00103 0.07412 1.0 0.003343 -0.084973 -0.003899 0.99637
0.04184 0.0 0.29363 1.0 0.0 0.0 0.0 1.0
0.0 0.17528 0.00003 1.0 -0.03057 -0.020415 -0.827887 0.559689
0.21175 -0.00194 0.03537 1.0 0.0 0.0 0.0 1.0
0.01545 -0.00217 0.03772 1.0 0.0 0.0 0.0 1.0
0.20253 -0.00433 0.07298 1.0 0.0 0.0 0.0 1.0
0.0 -0.17528 -0.00003 1.0 -0.123704 -0.254967 -0.375674 0.88236
0.21133 -0.00375 0.03157 1.0 0.0 0.0 0.0 1.0
-0.00058 0.17213 -0.00023 1.0 -0.158516 -0.050337 -0.069461 0.983623
-0.00099 0.18311 0.00101 1.0 -0.000622 -0.009787 0.020827 0.999735
-0.03019 -0.17218 -0.00004 1.0 -0.155482 -0.39428 -0.095977 0.900643
-0.03267 -0.17815 -0.0013 1.0 0.000122 -0.084633 -0.156267 0.984082
0.05434 0.14794 0.03756 1.0 -0.33757 0.046727 -0.11206 0.933438
0.01196 0.15393 0.04553 1.0 -0.394757 0.019121 -0.027793 0.918166
-0.03124 0.14728 0.04113 1.0 -0.439664 -0.018003 0.053082 0.896412
-0.07001 0.1413 0.02956 1.0 -0.489031 -0.063474 0.128574 0.8604
0.09958 0.0939 -0.02147 1.0 -0.188724 0.014302 0.077265 0.978881
-0.05434 -0.14794 -0.03756 1.0 -0.544617 0.004946 -0.000086 0.83867
-0.01196 -0.15393 -0.04553 1.0 -0.544616 0.004994 -0.000086 0.838671
0.03124 -0.14728 -0.04113 1.0 -0.544617 0.004946 -0.000086 0.83867
0.07001 -0.1413 -0.02956 1.0 -0.544617 0.004946 -0.000086 0.83867
-0.00249 -0.14826 0.01591 1.0 0.707107 0.0 0.0 0.707107
-0.09958 -0.09391 0.02147 1.0 -0.446641 0.146874 0.264166 0.842114
0.00074 0.05825 -0.00249 1.0 -0.403745 0.009069 -0.001043 0.914826
0.00034 0.05524 -0.00625 1.0 -0.404866 0.00848 -0.000772 0.914336
0.00033 0.0566 -0.00383 1.0 -0.40393 0.008245 -0.000669 0.914752
0.00078 0.0516 -0.00392 1.0 -0.404364 0.007227 0.000323 0.91457
0.00086 0.05627 -0.00025 1.0 0.01022 0.005978 0.290606 0.95677
-0.00074 -0.05825 0.00249 1.0 -0.544616 0.005008 -0.000122 0.838671
-0.00034 -0.05524 0.00625 1.0 -0.544619 0.004977 0.0 0.838669
-0.00033 -0.0566 0.00383 1.0 -0.544617 0.004895 0.0 0.838671
-0.00078 -0.0516 0.00392 1.0 -0.544618 0.004976 -0.000086 0.83867
-0.00086 -0.05627 0.00025 1.0 0.005412 0.008323 0.660266 0.750966