# SQEE Animation Format


################################################################################

SECTION Header

BoneCount 56
PoseCount 21
TotalTime 20

Times 1 1 1 1 1 1 1 1 1 1 1 1 1 1 1 1 1 1 1 1 0


################################################################################

SECTION Poses


##### Pose: 0 ##############################################

0.0 -1.1 -0.20026 1.0 0.0 0.0 0.707107 0.707107
0.0 0.0 0.6234 1.0 0.0 0.0 0.0 1.0
0.0 0.0 0.0 1.0 0.0 0.0 0.0 1.0
0.34679 0.05546 -0.50677 1.0 0.266996 0.380352 0.458499 0.757512
0.0 0.0 -0.6234 1.0 0.0 0.0 0.0 1.0
0.00313 0.12307 0.0005 1.0 0.305196 0.00617 -0.201901 0.93062
0.00313 -0.12307 0.0005 1.0 0.023052 0.988465 -0.045177 0.142704
0.00295 0.0 0.10781 1.0 -0.089802 -0.069678 -0.011785 0.993449
0.00295 0.0 0.10781 1.0 -0.045192 -0.034319 -0.005722 0.998372
0.0 0.0 0.12763 1.0 -0.028433 -0.023045 -0.003232 0.999325
-0.00406 0.00155 -0.20992 1.0 0.0 0.002789 -0.000457 0.999996
0.00406 -0.00155 0.20992 1.0 -0.00132 0.454322 0.006031 0.890816
-0.00508 0.00195 -0.15497 1.0 -0.008868 0.00337 -0.27024 0.962746
-0.00603 0.00231 -0.184 1.0 0.246807 0.484319 -0.229502 0.807372
-0.02319 0.09435 0.08792 1.0 0.0 0.000173 0.0 1.0
-0.02727 0.0 0.12737 1.0 0.006667 -0.324158 -0.215061 0.921209
0.0051 -0.0019 0.155 1.0 0.002575 -0.001164 0.079923 0.996797
0.00603 -0.00231 0.184 1.0 -0.032498 0.184811 0.082031 0.978805
-0.02319 -0.09435 0.08792 1.0 0.000122 0.982716 -0.185101 -0.002612
0.01955 0.0 0.11236 1.0 -0.076671 -0.009119 0.04001 0.996212
-0.0012 0.0935 -0.00094 1.0 -0.228123 -0.346154 0.215013 0.884255
0.1367 0.00103 -0.07412 1.0 0.0 0.0 0.0 1.0
0.0012 -0.0935 0.00094 1.0 -0.01504 -0.672929 0.005548 0.739533
-0.1367 -0.00103 0.07412 1.0 0.0 0.0 0.0 1.0
0.04184 0.0 0.29363 1.0 0.0 0.0 0.0 1.0
0.0 0.17528 0.00003 1.0 0.0 0.0 -0.478868 0.877887
0.21175 -0.00194 0.03537 1.0 0.0 0.0 0.0 1.0
0.01545 -0.00217 0.03772 1.0 0.0 0.0 0.0 1.0
0.20253 -0.00433 0.07298 1.0 0.0 0.0 0.0 1.0
0.0 -0.17528 -0.00003 1.0 0.024875 0.181233 -0.224798 0.95708
0.21133 -0.00375 0.03157 1.0 0.0 0.0 0.0 1.0
0.00301 0.17235 -0.00005 1.0 -0.002448 -0.000299 0.0 0.999997
0.00309 0.18335 0.00121 1.0 0.0 0.0 0.0 1.0
-0.00301 -0.17235 0.00005 1.0 -0.141534 0.378973 -0.036808 0.913779
-0.00401 -0.18333 -0.00092 1.0 0.00666 0.381144 -0.000122 0.924492
0.05434 0.14794 0.03756 1.0 -0.512174 0.026987 -0.030674 0.857909
0.01196 0.15393 0.04553 1.0 -0.554068 0.014178 -0.007652 0.832316
-0.03124 0.14728 0.04113 1.0 -0.588638 -0.00015 0.013442 0.808285
-0.07001 0.1413 0.02956 1.0 -0.627218 -0.016562 0.033577 0.777943
0.09958 0.0939 -0.02147 1.0 -0.428852 0.098687 0.108455 0.891395
-0.05434 -0.14794 -0.03756 1.0 -0.125016 0.022012 -0.144559 0.98132
-0.01196 -0.15393 -0.04553 1.0 -0.169902 0.010907 -0.041962 0.984507
0.03124 -0.14728 -0.04113 1.0 -0.20759 -0.012584 0.082859 0.974619
0.07001 -0.1413 -0.02956 1.0 -0.24879 -0.03343 0.203262 0.946399
-0.00249 -0.14826 0.01591 1.0 0.707107 0.0 0.0 0.707107
-0.09958 -0.09391 0.02147 1.0 -0.341197 -0.017556 -0.178092 0.9228
0.00074 0.05825 -0.00249 1.0 -0.558952 0.016384 0.00098 0.829038
0.00034 0.05524 -0.00625 1.0 -0.55916 0.006038 0.001155 0.829037
0.00033 0.0566 -0.00383 1.0 -0.559194 -0.000518 0.000173 0.829037
0.00078 0.0516 -0.00392 1.0 -0.558601 -0.025744 0.000386 0.829037
0.00086 0.05627 -0.00025 1.0 0.023259 0.003769 0.647193 0.761962
-0.00074 -0.05825 0.00249 1.0 -0.188305 0.000762 0.000211 0.98211
-0.00034 -0.05524 0.00625 1.0 -0.188254 0.004413 0.000473 0.98211
-0.00033 -0.0566 0.00383 1.0 -0.188275 -0.003442 -0.000122 0.98211
-0.00078 -0.0516 0.00392 1.0 -0.188256 -0.004364 0.0 0.98211
-0.00086 -0.05627 0.00025 1.0 0.005598 0.005002 0.660299 0.750965


##### Pose: 1 ##############################################

0.0 -0.99922 -0.32483 1.0 0.0 0.0 0.707107 0.707107
0.0 0.0 0.6234 1.0 0.0 0.0 0.0 1.0
0.0 0.0 0.0 1.0 0.0 0.0 0.0 1.0
0.27917 0.04845 -0.47195 1.0 0.219307 0.398279 0.40877 0.791319
0.0 0.0 -0.6234 1.0 0.0 0.0 0.0 1.0
0.00313 0.12307 0.0005 1.0 0.321309 -0.040336 -0.134198 0.936549
0.00313 -0.12307 0.0005 1.0 -0.236354 -0.965625 0.105246 0.025068
0.00295 0.0 0.10781 1.0 -0.091492 -0.091985 0.03184 0.991037
0.00295 0.0 0.10781 1.0 -0.044862 -0.0468 0.015812 0.997771
0.0 0.0 0.12763 1.0 -0.030365 -0.035927 0.009226 0.99885
-0.00406 0.00155 -0.20992 1.0 -0.001227 0.439779 0.002444 0.898102
0.00406 -0.00155 0.20992 1.0 -0.001554 0.288434 0.004803 0.957487
-0.00508 0.00195 -0.15497 1.0 -0.007692 0.002912 -0.228466 0.973517
-0.00603 0.00231 -0.184 1.0 0.075082 0.367014 -0.210717 0.902919
-0.02319 0.09435 0.08792 1.0 0.0 0.000712 0.0 1.0
-0.02727 0.0 0.12737 1.0 0.003339 -0.318675 -0.201075 0.926285
0.0051 -0.0019 0.155 1.0 -0.00296 0.000961 -0.096316 0.995346
0.00603 -0.00231 0.184 1.0 0.069387 0.428795 -0.084221 0.896787
-0.02319 -0.09435 0.08792 1.0 0.000122 0.973676 -0.227921 -0.002646
0.01955 0.0 0.11236 1.0 -0.073257 0.00297 0.016154 0.997178
-0.0012 0.0935 -0.00094 1.0 -0.179866 -0.303592 0.084329 0.931863
0.1367 0.00103 -0.07412 1.0 0.0 0.0 0.0 1.0
0.0012 -0.0935 0.00094 1.0 -0.011406 -0.666925 -0.004434 0.745024
-0.1367 -0.00103 0.07412 1.0 0.0 0.0 0.0 1.0
0.04184 0.0 0.29363 1.0 0.0 -0.064872 0.0 0.997894
0.0 0.17528 0.00003 1.0 -0.058229 -0.06491 -0.653318 0.752045
0.21175 -0.00194 0.03537 1.0 0.0 0.0 0.0 1.0
0.01545 -0.00217 0.03772 1.0 0.0 0.0 0.0 1.0
0.20253 -0.00433 0.07298 1.0 0.0 0.0 0.0 1.0
0.0 -0.17528 -0.00003 1.0 0.029967 0.184846 -0.26922 0.944698
0.21133 -0.00375 0.03157 1.0 0.0 0.0 0.0 1.0
0.00301 0.17235 -0.00005 1.0 0.334042 -0.058552 -0.085834 0.936814
0.00309 0.18335 0.00121 1.0 0.0 -0.056066 0.0 0.998427
-0.00301 -0.17235 0.00005 1.0 -0.238496 0.335614 0.04031 0.910416
-0.00401 -0.18333 -0.00092 1.0 0.006014 0.343942 -0.000122 0.938972
0.05434 0.14794 0.03756 1.0 -0.211545 0.00328 0.001092 0.977362
0.01196 0.15393 0.04553 1.0 -0.235694 0.002629 -0.004778 0.971812
-0.03124 0.14728 0.04113 1.0 -0.258613 0.004564 -0.001092 0.96597
-0.07001 0.1413 0.02956 1.0 -0.283162 0.00502 -0.002345 0.959056
0.09958 0.09391 -0.02147 1.0 -0.336668 0.025048 0.056546 0.93959
-0.05434 -0.14794 -0.03756 1.0 -0.125016 0.022012 -0.144559 0.98132
-0.01196 -0.15393 -0.04553 1.0 -0.169909 0.010958 -0.041677 0.984517
0.03124 -0.14728 -0.04113 1.0 -0.207607 -0.012664 0.082494 0.974645
0.07001 -0.1413 -0.02956 1.0 -0.248845 -0.033544 0.202881 0.946462
-0.00249 -0.14826 0.01591 1.0 0.707107 0.0 0.0 0.707107
-0.09958 -0.09391 0.02147 1.0 -0.341233 -0.017435 -0.17778 0.922849
0.00074 0.05825 -0.00249 1.0 -0.231969 0.014076 0.005723 0.972604
0.00034 0.05524 -0.00625 1.0 -0.231994 0.005178 0.002912 0.972699
0.00033 0.0566 -0.00383 1.0 -0.231997 -0.000546 0.0 0.972716
0.00078 0.0516 -0.00392 1.0 -0.231753 -0.010642 0.000173 0.972716
0.00086 0.05627 -0.00025 1.0 0.011446 0.00193 0.324318 0.945877
-0.00074 -0.05825 0.00249 1.0 -0.188305 0.000762 0.000211 0.98211
-0.00034 -0.05524 0.00625 1.0 -0.188255 0.004666 0.000634 0.982109
-0.00033 -0.0566 0.00383 1.0 -0.188275 -0.003652 -0.000211 0.98211
-0.00078 -0.0516 0.00392 1.0 -0.188257 -0.004623 0.0 0.982109
-0.00086 -0.05627 0.00025 1.0 0.005598 0.005002 0.660299 0.750965


##### Pose: 2 ##############################################

0.0 -0.89844 -0.44941 1.0 0.0 0.0 0.707107 0.707107
0.0 0.0 0.6234 1.0 0.0 0.0 0.0 1.0
0.0 0.0 0.0 1.0 0.0 0.0 0.0 1.0
0.21155 0.04144 -0.43712 1.0 0.166285 0.418598 0.356834 0.81841
0.0 0.0 -0.6234 1.0 0.0 0.0 0.0 1.0
0.00313 0.12307 0.0005 1.0 0.452616 0.060818 0.04936 0.888259
0.00313 -0.12307 0.0005 1.0 0.12587 0.991963 -0.01031 -0.007733
0.00295 0.0 0.10781 1.0 -0.092021 -0.127445 0.073156 0.984854
0.00295 0.0 0.10781 1.0 -0.043821 -0.065395 0.035987 0.996247
0.0 0.0 0.12763 1.0 -0.027953 -0.048768 0.023325 0.998146
-0.00406 0.00155 -0.20992 1.0 -0.001534 0.443588 0.003686 0.896222
0.00406 -0.00155 0.20992 1.0 -0.002218 0.310532 0.004197 0.950551
-0.00508 0.00195 -0.15497 1.0 -0.006391 0.002002 -0.234212 0.972162
-0.00603 0.00231 -0.184 1.0 0.043118 0.409346 -0.209669 0.886914
-0.02319 0.09435 0.08792 1.0 0.0 0.002006 0.0 0.999998
-0.02727 0.0 0.12737 1.0 -0.008702 -0.316325 -0.188136 0.929768
0.0051 -0.0019 0.155 1.0 -0.006235 0.000953 -0.221026 0.975248
0.00603 -0.00231 0.184 1.0 0.088269 0.540887 -0.181508 0.81652
-0.02319 -0.09435 0.08792 1.0 0.000273 0.960313 -0.278913 -0.002524
0.01955 0.0 0.11236 1.0 -0.078094 0.011626 -0.009321 0.996835
-0.0012 0.0935 -0.00094 1.0 -0.208357 -0.525639 -0.237658 0.789816
0.1367 0.00103 -0.07412 1.0 0.0 0.0 0.0 1.0
0.0012 -0.0935 0.00094 1.0 0.015794 -0.669245 -0.019041 0.74263
-0.1367 -0.00103 0.07412 1.0 0.0 0.0 0.0 1.0
0.04184 0.0 0.29363 1.0 0.0 -0.090357 0.0 0.995909
0.0 0.17528 0.00003 1.0 -0.006687 -0.009107 -0.585547 0.81056
0.21175 -0.00194 0.03537 1.0 0.0 0.0 0.0 1.0
0.01545 -0.00217 0.03772 1.0 0.0 0.0 0.0 1.0
0.20253 -0.00433 0.07298 1.0 0.0 0.0 0.0 1.0
0.0 -0.17528 -0.00003 1.0 0.029642 0.185537 -0.263476 0.946191
0.21133 -0.00375 0.03157 1.0 0.0 0.0 0.0 1.0
0.00301 0.17235 -0.00005 1.0 0.427231 -0.01365 0.118197 0.896279
0.00309 0.18335 0.00121 1.0 0.0 -0.007244 0.0 0.999974
-0.00301 -0.17235 0.00005 1.0 -0.335713 0.305376 0.086213 0.88691
-0.00401 -0.18333 -0.00092 1.0 0.005356 0.318832 -0.000122 0.947796
0.05434 0.14794 0.03756 1.0 -0.219861 0.010187 -0.026064 0.97513
0.01196 0.15393 0.04553 1.0 -0.240987 0.007058 -0.011572 0.970434
-0.03124 0.14728 0.04113 1.0 -0.259995 0.002257 0.010319 0.965552
-0.07001 0.1413 0.02956 1.0 -0.282625 -0.006284 0.031209 0.958702
0.09958 0.0939 -0.02147 1.0 -0.289513 -0.034964 0.012346 0.956456
-0.05434 -0.14794 -0.03756 1.0 -0.125016 0.022012 -0.144559 0.98132
-0.01196 -0.15393 -0.04553 1.0 -0.169926 0.011073 -0.041012 0.984541
0.03124 -0.14728 -0.04113 1.0 -0.207641 -0.012823 0.081763 0.974698
0.07001 -0.1413 -0.02956 1.0 -0.248954 -0.033772 0.202118 0.946588
-0.00249 -0.14826 0.01591 1.0 0.707107 0.0 0.0 0.707107
-0.09958 -0.09391 0.02147 1.0 -0.341304 -0.017192 -0.177154 0.922948
0.00074 0.05825 -0.00249 1.0 -0.235791 0.013176 0.004717 0.971703
0.00034 0.05524 -0.00625 1.0 -0.235832 0.005118 0.002601 0.971777
0.00033 0.0566 -0.00383 1.0 -0.235837 -0.000546 0.0 0.971793
0.00078 0.0516 -0.00392 1.0 -0.23559 -0.011359 -0.000122 0.971786
0.00086 0.05627 -0.00025 1.0 0.012587 0.002167 0.359266 0.933148
-0.00074 -0.05825 0.00249 1.0 -0.188305 0.000762 0.000211 0.98211
-0.00034 -0.05524 0.00625 1.0 -0.188256 0.004916 0.000772 0.982107
-0.00033 -0.0566 0.00383 1.0 -0.188276 -0.00386 -0.000345 0.982109
-0.00078 -0.0516 0.00392 1.0 -0.188257 -0.004881 -0.000211 0.982108
-0.00086 -0.05627 0.00025 1.0 0.005598 0.005002 0.660299 0.750965


##### Pose: 3 ##############################################

0.0 -0.79766 -0.57398 1.0 0.0 0.0 0.707107 0.707107
0.0 0.0 0.6234 1.0 0.0 0.0 0.0 1.0
0.0 0.0 0.0 1.0 0.0 0.0 0.0 1.0
0.14394 0.03443 -0.4023 1.0 0.117677 0.425655 0.301271 0.845107
0.0 0.0 -0.6234 1.0 0.0 0.0 0.0 1.0
0.00313 0.12307 0.0005 1.0 0.377852 -0.006093 0.048252 0.924588
0.00313 -0.12307 0.0005 1.0 0.080472 0.994408 -0.022363 0.064629
0.00295 0.0 0.10781 1.0 -0.085919 -0.194691 0.108975 0.970998
0.00295 0.0 0.10781 1.0 -0.038874 -0.099997 0.053311 0.992798
0.0 0.0 0.12763 1.0 -0.021237 -0.020311 0.039744 0.998778
-0.00406 0.00155 -0.20992 1.0 -0.001731 0.516243 0.004163 0.85643
0.00406 -0.00155 0.20992 1.0 -0.001505 0.321511 0.005404 0.946889
-0.00508 0.00195 -0.15497 1.0 -0.005242 0.001434 -0.218555 0.97581
-0.00603 0.00231 -0.184 1.0 0.008693 0.426817 -0.193464 0.883359
-0.02319 0.09435 0.08792 1.0 0.138514 0.00335 0.000473 0.990355
-0.02727 0.0 0.12737 1.0 -0.03248 -0.317538 -0.17613 0.931178
0.0051 -0.0019 0.155 1.0 -0.00638 0.001381 -0.191862 0.9814
0.00603 -0.00231 0.184 1.0 0.014904 0.571441 -0.150018 0.806677
-0.02319 -0.09435 0.08792 1.0 0.000559 0.924492 -0.381193 -0.002473
0.01955 0.0 0.11236 1.0 -0.092935 0.016723 -0.032212 0.995011
-0.0012 0.0935 -0.00094 1.0 -0.049713 -0.646968 -0.128787 0.749917
0.1367 0.00103 -0.07412 1.0 0.0 0.0 0.0 1.0
0.0012 -0.0935 0.00094 1.0 -0.023362 -0.678077 -0.00494 0.734603
-0.1367 -0.00103 0.07412 1.0 0.0 0.0 0.0 1.0
0.04184 0.0 0.29363 1.0 0.0 -0.115783 0.0 0.993275
0.0 0.17528 0.00003 1.0 -0.048457 -0.093841 -0.441384 0.891081
0.21175 -0.00194 0.03537 1.0 0.0 0.0 0.0 1.0
0.01545 -0.00217 0.03772 1.0 0.0 0.0 0.0 1.0
0.20253 -0.00433 0.07298 1.0 0.0 0.0 0.0 1.0
0.0 -0.17528 -0.00003 1.0 0.02784 0.176333 -0.228548 0.957025
0.21133 -0.00375 0.03157 1.0 0.0 0.0 0.0 1.0
0.00301 0.17235 -0.00005 1.0 0.294836 -0.069553 0.086915 0.949042
0.00309 0.18335 0.00121 1.0 0.0 -0.067788 0.0 0.9977
-0.00301 -0.17235 0.00005 1.0 -0.39245 0.295103 0.11415 0.863636
-0.00401 -0.18333 -0.00092 1.0 0.004718 0.314097 0.0 0.949379
0.05434 0.14794 0.03756 1.0 -0.243171 0.023806 -0.072772 0.966957
0.01196 0.15393 0.04553 1.0 -0.263434 0.01108 -0.018616 0.964434
-0.03124 0.14728 0.04113 1.0 -0.278894 -0.00584 0.034986 0.959667
-0.07001 0.1413 0.02956 1.0 -0.297348 -0.024825 0.088641 0.950321
0.09958 0.0939 -0.02147 1.0 -0.248995 -0.097204 -0.045177 0.962555
-0.05434 -0.14794 -0.03756 1.0 -0.125016 0.022012 -0.144559 0.98132
-0.01196 -0.15393 -0.04553 1.0 -0.169942 0.011189 -0.040347 0.984564
0.03124 -0.14728 -0.04113 1.0 -0.207675 -0.012983 0.081031 0.97475
0.07001 -0.1413 -0.02956 1.0 -0.24909 -0.034058 0.201165 0.946745
-0.00249 -0.14826 0.01591 1.0 0.707107 0.0 0.0 0.707107
-0.09958 -0.09391 0.02147 1.0 -0.341375 -0.016948 -0.176528 0.923046
0.00074 0.05825 -0.00249 1.0 -0.25728 0.012335 0.003496 0.966252
0.00034 0.05524 -0.00625 1.0 -0.257346 0.005096 0.002201 0.966303
0.00033 0.0566 -0.00383 1.0 -0.257353 -0.000546 0.0 0.966317
0.00078 0.0516 -0.00392 1.0 -0.257078 -0.012079 0.000122 0.966315
0.00086 0.05627 -0.00025 1.0 0.015712 0.003697 0.443755 0.896003
-0.00074 -0.05825 0.00249 1.0 -0.188305 0.000762 0.000211 0.98211
-0.00034 -0.05524 0.00625 1.0 -0.188257 0.005167 0.00093 0.982106
-0.00033 -0.0566 0.00383 1.0 -0.188276 -0.004065 -0.000473 0.982108
-0.00078 -0.0516 0.00392 1.0 -0.188258 -0.00514 -0.000323 0.982106
-0.00086 -0.05627 0.00025 1.0 0.005598 0.005002 0.660299 0.750965


##### Pose: 4 ##############################################

0.0 -0.69687 -0.69855 1.0 0.0 0.0 0.707107 0.707107
0.0 0.0 0.6234 1.0 0.0 0.0 0.0 1.0
0.0 0.0 0.0 1.0 0.0 0.0 0.0 1.0
0.07632 0.02742 -0.36747 1.0 0.078233 0.400639 0.243895 0.879706
0.0 0.0 -0.6234 1.0 0.0 0.0 0.0 1.0
0.00313 0.12307 0.0005 1.0 0.23073 -0.118754 0.058083 0.963996
0.00313 -0.12307 0.0005 1.0 0.056798 0.982275 -0.04279 0.173432
0.00295 0.0 0.10781 1.0 -0.071942 -0.204463 0.125797 0.968088
0.00295 0.0 0.10781 1.0 -0.029603 -0.102969 0.064119 0.992174
0.0 0.0 0.12763 1.0 -0.009815 -0.022338 0.052295 0.998334
-0.00406 0.00155 -0.20992 1.0 -0.001867 0.503448 0.004415 0.864012
0.00406 -0.00155 0.20992 1.0 0.001354 0.431131 0.008546 0.902248
-0.00508 0.00195 -0.15497 1.0 -0.003933 0.001171 -0.179605 0.98373
-0.00603 0.00231 -0.184 1.0 0.041907 0.423997 -0.158219 0.890751
-0.02319 0.09435 0.08792 1.0 0.394715 0.003854 0.001669 0.918794
-0.02727 0.0 0.12737 1.0 -0.058522 -0.322206 -0.15784 0.931582
0.0051 -0.0019 0.155 1.0 -0.004611 0.001309 -0.103438 0.994624
0.00603 -0.00231 0.184 1.0 -0.012882 0.491775 -0.083684 0.866596
-0.02319 -0.09435 0.08792 1.0 0.000622 0.913113 -0.407699 -0.002408
0.01955 0.0 0.11236 1.0 -0.108282 0.018599 -0.046453 0.99286
-0.0012 0.0935 -0.00094 1.0 0.017589 -0.702866 -0.194285 0.684049
0.1367 0.00103 -0.07412 1.0 0.0 0.0 0.0 1.0
0.0012 -0.0935 0.00094 1.0 -0.002427 -0.683458 -0.056341 0.727808
-0.1367 -0.00103 0.07412 1.0 0.0 0.0 0.0 1.0
0.04184 0.0 0.29363 1.0 0.0 -0.122008 0.0 0.992529
0.0 0.17528 0.00003 1.0 -0.002414 -0.049302 -0.002716 0.998777
0.21175 -0.00194 0.03537 1.0 0.0 0.0 0.0 1.0
0.01545 -0.00217 0.03772 1.0 0.0 0.0 0.0 1.0
0.20253 -0.00433 0.07298 1.0 0.0 0.0 0.0 1.0
0.0 -0.17528 -0.00003 1.0 0.024617 0.183543 -0.18209 0.965686
0.21133 -0.00375 0.03157 1.0 0.0 0.0 0.0 1.0
0.00301 0.17235 -0.00005 1.0 0.09526 -0.032531 0.157576 0.982363
0.00309 0.18335 0.00121 1.0 0.0 -0.031627 0.0 0.9995
-0.00301 -0.17235 0.00005 1.0 -0.445976 0.261474 0.13132 0.845867
-0.00401 -0.18333 -0.00092 1.0 0.004122 0.285534 0.0 0.95836
0.05434 0.14794 0.03756 1.0 -0.267067 0.037301 -0.119042 0.955569
0.01196 0.15393 0.04553 1.0 -0.285735 0.015703 -0.022732 0.95791
-0.03124 0.14728 0.04113 1.0 -0.301066 -0.013181 0.05834 0.951726
-0.07001 0.1413 0.02956 1.0 -0.314517 -0.043459 0.144937 0.937115
0.09958 0.0939 -0.02147 1.0 -0.222538 -0.157219 -0.09841 0.957118
-0.05434 -0.14794 -0.03756 1.0 -0.125016 0.022012 -0.144559 0.98132
-0.01196 -0.15393 -0.04553 1.0 -0.169947 0.011222 -0.040157 0.984571
0.03124 -0.14728 -0.04113 1.0 -0.207684 -0.013023 0.080848 0.974762
0.07001 -0.1413 -0.02956 1.0 -0.249117 -0.034115 0.200974 0.946777
-0.00249 -0.14826 0.01591 1.0 0.707107 0.0 0.0 0.707107
-0.09958 -0.09391 0.02147 1.0 -0.341393 -0.016888 -0.176372 0.92307
0.00074 0.05825 -0.00249 1.0 -0.278643 0.011446 0.002316 0.960324
0.00034 0.05524 -0.00625 1.0 -0.278733 0.005061 0.001798 0.960354
0.00033 0.0566 -0.00383 1.0 -0.278743 -0.000546 0.0 0.960366
0.00078 0.0516 -0.00392 1.0 -0.27844 -0.0128 0.000211 0.960368
0.00086 0.05627 -0.00025 1.0 0.01802 0.003953 0.538407 0.842483
-0.00074 -0.05825 0.00249 1.0 -0.188305 0.000762 0.000211 0.98211
-0.00034 -0.05524 0.00625 1.0 -0.188258 0.005418 0.001092 0.982104
-0.00033 -0.0566 0.00383 1.0 -0.188277 -0.004272 -0.000559 0.982107
-0.00078 -0.0516 0.00392 1.0 -0.188259 -0.0054 -0.00044 0.982105
-0.00086 -0.05627 0.00025 1.0 0.005598 0.005002 0.660299 0.750965


##### Pose: 5 ##############################################

0.0 -0.59609 -0.82312 1.0 0.0 0.0 0.707107 0.707107
0.0 0.0 0.6234 1.0 0.0 0.0 0.0 1.0
0.0 0.0 0.0 1.0 0.0 0.0 0.0 1.0
0.0635 0.02041 -0.33931 1.0 0.050733 0.327636 0.177573 0.926579
0.0 0.0 -0.6234 1.0 0.0 0.0 0.0 1.0
0.00313 0.12307 0.0005 1.0 0.186077 0.135911 0.09469 0.968472
0.00313 -0.12307 0.0005 1.0 0.029271 0.982315 -0.027805 0.182831
0.00295 0.0 0.10781 1.0 -0.040662 -0.160511 0.137096 0.97662
0.00295 0.0 0.10781 1.0 -0.015509 -0.081252 0.06894 0.994186
0.0 0.0 0.12763 1.0 -0.006619 -0.033567 0.056399 0.997822
-0.00406 0.00155 -0.20992 1.0 -0.010685 0.307816 -0.009012 0.951343
0.00406 -0.00155 0.20992 1.0 0.0 0.420688 0.005154 0.907191
-0.00508 0.00195 -0.15497 1.0 -0.0023 0.001164 -0.069753 0.997561
-0.00603 0.00231 -0.184 1.0 -0.140673 0.252866 -0.059934 0.955342
-0.02319 0.09435 0.08792 1.0 0.301922 0.00365 0.001171 0.953325
-0.02727 0.0 0.12737 1.0 -0.077486 -0.32824 -0.12965 0.932441
0.0051 -0.0019 0.155 1.0 -0.002998 0.000273 -0.054702 0.998498
0.00603 -0.00231 0.184 1.0 -0.03082 0.358132 -0.047751 0.93194
-0.02319 -0.09435 0.08792 1.0 0.00068 0.905245 -0.424883 -0.002334
0.01955 0.0 0.11236 1.0 -0.114171 0.019007 -0.047013 0.992166
-0.0012 0.0935 -0.00094 1.0 0.001541 -0.650506 -0.129243 0.748422
0.1367 0.00103 -0.07412 1.0 0.0 0.0 0.0 1.0
0.0012 -0.0935 0.00094 1.0 -0.051555 -0.68441 -0.057076 0.725029
-0.1367 -0.00103 0.07412 1.0 0.0 0.0 0.0 1.0
0.04184 0.0 0.29363 1.0 0.0 -0.128228 0.0 0.991745
0.0 0.17528 0.00003 1.0 -0.000546 -0.000345 -0.293022 0.956105
0.21175 -0.00194 0.03537 1.0 0.0 0.0 0.0 1.0
0.01545 -0.00217 0.03772 1.0 0.0 0.0 0.0 1.0
0.20253 -0.00433 0.07298 1.0 0.0 0.0 0.0 1.0
0.0 -0.17528 -0.00003 1.0 0.038978 0.174782 -0.297607 0.937743
0.21133 -0.00375 0.03157 1.0 0.0 0.0 0.0 1.0
0.00301 0.17235 -0.00005 1.0 -0.02089 0.002823 0.146115 0.989043
0.00309 0.18335 0.00121 1.0 0.0 -0.008232 0.0 0.999966
-0.00301 -0.17235 0.00005 1.0 -0.517743 0.183783 0.200661 0.811111
-0.00401 -0.18333 -0.00092 1.0 0.003536 0.209816 -0.000211 0.977735
0.05434 0.14794 0.03756 1.0 -0.280583 0.047063 -0.144813 0.947675
0.01196 0.15393 0.04553 1.0 -0.291704 0.016124 -0.025358 0.956037
-0.03124 0.14728 0.04113 1.0 -0.314961 -0.018348 0.072142 0.946181
-0.07001 0.1413 0.02956 1.0 -0.325547 -0.055766 0.177154 0.927106
0.09958 0.0939 -0.02147 1.0 -0.210084 -0.189176 -0.127023 0.950759
-0.05434 -0.14794 -0.03756 1.0 -0.125016 0.022012 -0.144559 0.98132
-0.01196 -0.15393 -0.04553 1.0 -0.169935 0.01114 -0.040632 0.984554
0.03124 -0.14728 -0.04113 1.0 -0.207667 -0.012942 0.081214 0.974737
0.07001 -0.1413 -0.02956 1.0 -0.249063 -0.034001 0.201356 0.946714
-0.00249 -0.14826 0.01591 1.0 0.707107 0.0 0.0 0.707107
-0.09958 -0.09391 0.02147 1.0 -0.341357 -0.017009 -0.176685 0.923021
0.00074 0.05825 -0.00249 1.0 -0.284473 0.010492 0.001343 0.958626
0.00034 0.05524 -0.00625 1.0 -0.284558 0.004987 0.00148 0.958645
0.00033 0.0566 -0.00383 1.0 -0.28457 -0.000546 0.0 0.958655
0.00078 0.0516 -0.00392 1.0 -0.284276 -0.012892 0.000273 0.958656
0.00086 0.05627 -0.00025 1.0 0.020054 0.003853 0.589001 0.807874
-0.00074 -0.05825 0.00249 1.0 -0.188305 0.000762 0.000211 0.98211
-0.00034 -0.05524 0.00625 1.0 -0.188259 0.005669 0.001251 0.982102
-0.00033 -0.0566 0.00383 1.0 -0.188278 -0.004482 -0.000646 0.982105
-0.00078 -0.0516 0.00392 1.0 -0.18826 -0.005659 -0.000559 0.982103
-0.00086 -0.05627 0.00025 1.0 0.005598 0.005002 0.660299 0.750965


##### Pose: 6 ##############################################

0.0 -0.49727 -0.87245 1.0 0.0 0.0 0.707107 0.707107
0.0 0.0 0.6234 1.0 0.0 0.0 0.0 1.0
0.0 0.0 0.0 1.0 0.0 0.0 0.0 1.0
0.05067 0.0134 -0.31114 1.0 0.027341 0.210882 0.094244 0.972574
0.0 0.0 -0.6234 1.0 0.0 0.0 0.0 1.0
0.00313 0.12307 0.0005 1.0 0.165312 0.131211 0.109429 0.97133
0.00313 -0.12307 0.0005 1.0 -0.00044 0.986116 -0.001071 0.166054
0.00295 0.0 0.10781 1.0 -0.008846 -0.088265 0.137947 0.986459
0.00295 0.0 0.10781 1.0 -0.001863 -0.044583 0.068871 0.996627
0.0 0.0 0.12763 1.0 0.0 -0.035334 0.054903 0.997866
-0.00406 0.00155 -0.20992 1.0 -0.011192 0.287486 -0.011547 0.95765
0.00406 -0.00155 0.20992 1.0 -0.00259 0.377418 -0.002043 0.926037
-0.00508 0.00195 -0.15497 1.0 -0.000573 0.000828 -0.062157 0.998066
-0.00603 0.00231 -0.184 1.0 -0.123719 0.237086 -0.053027 0.962119
-0.02319 0.09435 0.08792 1.0 0.177949 0.002727 0.000503 0.984036
-0.02727 0.0 0.12737 1.0 -0.082397 -0.336763 -0.092763 0.933379
0.0051 -0.0019 0.155 1.0 -0.001601 -0.000622 -0.017763 0.999841
0.00603 -0.00231 0.184 1.0 -0.033027 0.202905 -0.014413 0.978535
-0.02319 -0.09435 0.08792 1.0 0.000573 0.922585 -0.385786 -0.002395
0.01955 0.0 0.11236 1.0 -0.104825 0.016053 -0.032751 0.993822
-0.0012 0.0935 -0.00094 1.0 -0.056016 -0.587747 -0.078179 0.803308
0.1367 0.00103 -0.07412 1.0 0.0 0.0 0.0 1.0
0.0012 -0.0935 0.00094 1.0 -0.041607 -0.679355 -0.132002 0.720639
-0.1367 -0.00103 0.07412 1.0 0.0 0.0 0.0 1.0
0.04184 0.0 0.29363 1.0 0.0 -0.134442 0.0 0.990921
0.0 0.17528 0.00003 1.0 0.023116 0.031696 -0.580569 0.813266
0.21175 -0.00194 0.03537 1.0 0.0 0.0 0.0 1.0
0.01545 -0.00217 0.03772 1.0 0.0 0.0 0.0 1.0
0.20253 -0.00433 0.07298 1.0 0.0 0.0 0.0 1.0
0.0 -0.17528 -0.00003 1.0 0.043459 0.187604 -0.358499 0.913452
0.21133 -0.00375 0.03157 1.0 0.0 0.0 0.0 1.0
0.00301 0.17235 -0.00005 1.0 -0.107683 0.02783 0.091154 0.989606
0.00309 0.18335 0.00121 1.0 0.0 0.015167 0.0 0.999885
-0.00301 -0.17235 0.00005 1.0 -0.56523 0.086012 0.239345 0.784749
-0.00401 -0.18333 -0.00092 1.0 0.00296 0.093153 -0.000423 0.995647
0.05434 0.14794 0.03756 1.0 -0.288402 0.053394 -0.158229 0.942835
0.01196 0.15393 0.04553 1.0 -0.297653 0.016512 -0.02799 0.954121
-0.03124 0.14728 0.04113 1.0 -0.322369 -0.021971 0.079242 0.943036
-0.07001 0.1413 0.02956 1.0 -0.332255 -0.063705 0.193021 0.921027
0.09958 0.0939 -0.02147 1.0 -0.206156 -0.205155 -0.141219 0.946292
-0.05434 -0.14794 -0.03756 1.0 -0.124716 0.023629 -0.145517 0.981179
-0.01196 -0.15393 -0.04553 1.0 -0.169874 0.011428 -0.042248 0.984493
0.03124 -0.14728 -0.04113 1.0 -0.207505 -0.013586 0.083073 0.974606
0.07001 -0.1413 -0.02956 1.0 -0.24879 -0.03343 0.203262 0.946399
-0.00249 -0.14826 0.01591 1.0 0.707107 0.0 0.0 0.707107
-0.09958 -0.09391 0.02147 1.0 -0.340732 -0.018588 -0.177676 0.923032
0.00074 0.05825 -0.00249 1.0 -0.290293 0.009525 0.000386 0.95689
0.00034 0.05524 -0.00625 1.0 -0.290373 0.004909 0.001164 0.9569
0.00033 0.0566 -0.00383 1.0 -0.290387 -0.000546 0.0 0.956909
0.00078 0.0516 -0.00392 1.0 -0.290101 -0.012983 0.000299 0.956908
0.00086 0.05627 -0.00025 1.0 0.02136 0.004378 0.614244 0.788815
-0.00074 -0.05825 0.00249 1.0 -0.188305 0.000762 0.000211 0.98211
-0.00034 -0.05524 0.00625 1.0 -0.188261 0.005921 0.001408 0.9821
-0.00033 -0.0566 0.00383 1.0 -0.188278 -0.004688 -0.000762 0.982104
-0.00078 -0.0516 0.00392 1.0 -0.188261 -0.005919 -0.00068 0.982101
-0.00086 -0.05627 0.00025 1.0 0.005598 0.005002 0.660299 0.750965


##### Pose: 7 ##############################################

0.0 -0.39845 -0.92177 1.0 0.0 0.0 0.707107 0.707107
0.0 0.0 0.6234 1.0 0.0 0.0 0.0 1.0
0.0 0.0 0.0 1.0 0.0 0.0 0.0 1.0
0.0378 0.00639 -0.28297 1.0 0.014164 0.086285 0.026006 0.99583
0.0 0.0 -0.6234 1.0 0.0 0.0 0.0 1.0
0.00313 0.12307 0.0005 1.0 0.144412 0.104356 0.116822 0.97704
0.00313 -0.12307 0.0005 1.0 0.019174 0.980238 -0.015635 0.196269
0.00295 0.0 0.10781 1.0 0.008426 -0.022582 0.117596 0.992769
0.00295 0.0 0.10781 1.0 0.004772 -0.011013 0.059989 0.998127
0.0 0.0 0.12763 1.0 0.005216 -0.020681 0.046857 0.998674
-0.00406 0.00155 -0.20992 1.0 -0.009313 0.289563 -0.009705 0.957064
0.00406 -0.00155 0.20992 1.0 -0.004423 0.388086 -0.006019 0.921593
-0.00508 0.00195 -0.15497 1.0 0.000366 0.000532 -0.05878 0.998271
-0.00603 0.00231 -0.184 1.0 -0.09542 0.219894 -0.048972 0.96961
-0.02319 0.09435 0.08792 1.0 0.32921 0.001875 0.000669 0.944255
-0.02727 0.0 0.12737 1.0 -0.071132 -0.351263 -0.055306 0.931931
0.0051 -0.0019 0.155 1.0 -0.000585 -0.001274 -0.030875 0.999522
0.00603 -0.00231 0.184 1.0 0.009167 0.25696 -0.022824 0.966109
-0.02319 -0.09435 0.08792 1.0 0.00044 0.942964 -0.332884 -0.002627
0.01955 0.0 0.11236 1.0 -0.082643 0.002789 -0.008645 0.996538
-0.0012 0.0935 -0.00094 1.0 -0.107897 -0.629109 -0.179422 0.74859
0.1367 0.00103 -0.07412 1.0 0.0 0.0 0.0 1.0
0.0012 -0.0935 0.00094 1.0 -0.036166 -0.671198 -0.182321 0.717596
-0.1367 -0.00103 0.07412 1.0 0.0 0.0 0.0 1.0
0.04184 0.0 0.29363 1.0 0.0 -0.115081 0.0 0.993356
0.0 0.17528 0.00003 1.0 0.017108 0.058063 -0.260118 0.963678
0.21175 -0.00194 0.03537 1.0 0.0 0.0 0.0 1.0
0.01545 -0.00217 0.03772 1.0 0.0 0.0 0.0 1.0
0.20253 -0.00433 0.07298 1.0 0.0 0.0 0.0 1.0
0.0 -0.17528 -0.00003 1.0 0.045777 0.196615 -0.416212 0.886575
0.21133 -0.00375 0.03157 1.0 0.0 0.0 0.0 1.0
0.00301 0.17235 -0.00005 1.0 -0.179998 0.042223 -0.015963 0.982631
0.00309 0.18335 0.00121 1.0 0.0 0.038559 0.0 0.999256
-0.00301 -0.17235 0.00005 1.0 -0.547521 0.019067 0.233746 0.803256
-0.00401 -0.18333 -0.00092 1.0 0.00246 0.010121 -0.000518 0.999946
0.05434 0.14794 0.03756 1.0 -0.292782 0.056627 -0.164797 0.940167
0.01196 0.15393 0.04553 1.0 -0.303581 0.016868 -0.030628 0.952164
-0.03124 0.14728 0.04113 1.0 -0.326013 -0.024256 0.08269 0.94143
-0.07001 0.1413 0.02956 1.0 -0.336889 -0.066917 0.200989 0.917405
0.09958 0.0939 -0.02147 1.0 -0.2039 -0.214098 -0.151014 0.943282
-0.05434 -0.14794 -0.03756 1.0 -0.156852 0.038715 -0.159453 0.973896
-0.01196 -0.15393 -0.04553 1.0 -0.201396 0.016283 -0.047032 0.978245
0.03124 -0.14728 -0.04113 1.0 -0.239976 -0.022102 0.092511 0.966108
0.07001 -0.1413 -0.02956 1.0 -0.282169 -0.058728 0.222062 0.931461
-0.00249 -0.14826 0.01591 1.0 0.707107 0.0 0.0 0.707107
-0.09958 -0.09391 0.02147 1.0 -0.334364 -0.033466 -0.17777 0.924921
0.00074 0.05825 -0.00249 1.0 -0.296112 0.008889 0.000546 0.955112
0.00034 0.05524 -0.00625 1.0 -0.296177 0.004826 0.000854 0.955121
0.00033 0.0566 -0.00383 1.0 -0.296192 -0.000546 0.0 0.955128
0.00078 0.0516 -0.00392 1.0 -0.295916 -0.013074 0.000323 0.955124
0.00086 0.05627 -0.00025 1.0 0.022178 0.003906 0.631934 0.774695
-0.00074 -0.05825 0.00249 1.0 -0.220894 0.000762 0.000211 0.975298
-0.00034 -0.05524 0.00625 1.0 -0.220838 0.006221 0.001354 0.97529
-0.00033 -0.0566 0.00383 1.0 -0.22086 -0.004922 -0.000712 0.975293
-0.00078 -0.0516 0.00392 1.0 -0.22084 -0.006202 -0.00061 0.97529
-0.00086 -0.05627 0.00025 1.0 0.005598 0.005002 0.660299 0.750965


##### Pose: 8 ##############################################

0.0 -0.29963 -0.9711 1.0 0.0 0.0 0.707107 0.707107
0.0 0.0 0.6234 1.0 0.0 0.0 0.0 1.0
0.0 0.0 0.0 1.0 0.0 0.0 0.0 1.0
0.03578 -0.00062 -0.2548 1.0 0.010204 0.000657 -0.008329 0.999913
0.0 0.0 -0.6234 1.0 0.0 0.0 0.0 1.0
0.00313 0.12307 0.0005 1.0 0.118732 0.065824 0.119656 0.98349
0.00313 -0.12307 0.0005 1.0 0.03845 0.973083 -0.02901 0.225365
0.00295 0.0 0.10781 1.0 0.004933 0.0113 0.078162 0.996864
0.00295 0.0 0.10781 1.0 0.003705 0.005574 0.039786 0.999186
0.0 0.0 0.12763 1.0 0.006407 -0.003615 0.032376 0.999449
-0.00406 0.00155 -0.20992 1.0 -0.009247 0.305832 -0.006713 0.952017
0.00406 -0.00155 0.20992 1.0 -0.004553 0.39709 -0.006798 0.917743
-0.00508 0.00195 -0.15497 1.0 0.000532 0.000323 -0.05878 0.998271
-0.00603 0.00231 -0.184 1.0 -0.060498 0.204668 -0.050949 0.975631
-0.02319 0.09435 0.08792 1.0 0.30801 0.001392 0.000457 0.951382
-0.02727 0.0 0.12737 1.0 -0.050368 -0.37248 -0.022987 0.926387
0.0051 -0.0019 0.155 1.0 0.000173 -0.001619 -0.041601 0.999133
0.00603 -0.00231 0.184 1.0 0.0519 0.311072 -0.03614 0.94828
-0.02319 -0.09435 0.08792 1.0 0.000211 0.966442 -0.256871 -0.002668
0.01955 0.0 0.11236 1.0 -0.053485 -0.02112 0.016749 0.998205
-0.0012 0.0935 -0.00094 1.0 -0.094304 -0.640377 -0.208092 0.733295
0.1367 0.00103 -0.07412 1.0 0.0 0.0 0.0 1.0
0.0012 -0.0935 0.00094 1.0 -0.027461 -0.667618 -0.183217 0.721085
-0.1367 -0.00103 0.07412 1.0 0.0 0.0 0.0 1.0
0.04184 0.0 0.29363 1.0 0.0 -0.095675 0.0 0.995413
0.0 0.17528 0.00003 1.0 0.017049 0.060861 -0.230151 0.9711
0.21175 -0.00194 0.03537 1.0 0.0 0.0 0.0 1.0
0.01545 -0.00217 0.03772 1.0 0.0 0.0 0.0 1.0
0.20253 -0.00433 0.07298 1.0 0.0 0.0 0.0 1.0
0.0 -0.17528 -0.00003 1.0 0.053663 0.191797 -0.50894 0.837445
0.21133 -0.00375 0.03157 1.0 0.0 0.0 0.0 1.0
0.00301 0.17235 -0.00005 1.0 -0.191217 0.042971 -0.049226 0.97937
0.00309 0.18335 0.00121 1.0 0.0 0.039346 0.0 0.999226
-0.00301 -0.17235 0.00005 1.0 -0.472026 -0.016804 0.216606 0.854395
-0.00401 -0.18333 -0.00092 1.0 0.002035 -0.031458 -0.000488 0.999503
0.05434 0.14794 0.03756 1.0 -0.294073 0.057741 -0.16971 0.938821
0.01196 0.15393 0.04553 1.0 -0.30949 0.01719 -0.033271 0.950165
-0.03124 0.14728 0.04113 1.0 -0.327182 -0.025332 0.084056 0.940875
-0.07001 0.1413 0.02956 1.0 -0.336512 -0.068724 0.206894 0.916096
0.09958 0.0939 -0.02147 1.0 -0.2019 -0.220698 -0.157096 0.941196
-0.05434 -0.14794 -0.03756 1.0 -0.226785 0.073965 -0.197492 0.950839
-0.01196 -0.15393 -0.04553 1.0 -0.274627 0.027425 -0.057497 0.959438
0.03124 -0.14728 -0.04113 1.0 -0.314634 -0.040504 0.113819 0.941494
0.07001 -0.1413 -0.02956 1.0 -0.353338 -0.111529 0.270946 0.888427
-0.00249 -0.14826 0.01591 1.0 0.707107 0.0 0.0 0.707107
-0.09958 -0.09391 0.02147 1.0 -0.320137 -0.070673 -0.174363 0.928501
0.00074 0.05825 -0.00249 1.0 -0.30192 0.008899 0.000488 0.953292
0.00034 0.05524 -0.00625 1.0 -0.30197 0.004742 0.000532 0.953305
0.00033 0.0566 -0.00383 1.0 -0.301987 -0.000546 0.0 0.953312
0.00078 0.0516 -0.00392 1.0 -0.301719 -0.013165 0.000386 0.953306
0.00086 0.05627 -0.00025 1.0 0.02293 0.003729 0.640164 0.767887
-0.00074 -0.05825 0.00249 1.0 -0.29857 0.000782 0.000122 0.954387
-0.00034 -0.05524 0.00625 1.0 -0.298485 0.006576 0.000977 0.954391
-0.00033 -0.0566 0.00383 1.0 -0.298519 -0.00518 -0.000366 0.95439
-0.00078 -0.0516 0.00392 1.0 -0.298491 -0.006502 -0.000122 0.95439
-0.00086 -0.05627 0.00025 1.0 0.005598 0.005002 0.660299 0.750965


##### Pose: 9 ##############################################

0.0 -0.20081 -1.02043 1.0 0.0 0.0 0.707107 0.707107
0.0 0.0 0.6234 1.0 0.0 0.0 0.0 1.0
0.0 0.0 0.0 1.0 0.0 0.0 0.0 1.0
-0.0094 -0.00763 -0.22664 1.0 0.003392 -0.049435 -0.012921 0.998688
0.0 0.0 -0.6234 1.0 0.0 0.0 0.0 1.0
0.00313 0.12307 0.0005 1.0 0.09487 0.019024 0.119054 0.988162
0.00313 -0.12307 0.0005 1.0 0.053466 0.96804 -0.03981 0.241775
0.00295 0.0 0.10781 1.0 -0.005886 0.023208 0.027442 0.999337
0.00295 0.0 0.10781 1.0 -0.001202 0.011866 0.015275 0.999812
0.0 0.0 0.12763 1.0 0.004464 0.006288 0.014542 0.999865
-0.00406 0.00155 -0.20992 1.0 -0.008672 0.324017 -0.003721 0.946004
0.00406 -0.00155 0.20992 1.0 -0.004405 0.406875 -0.007015 0.913446
-0.00508 0.00195 -0.15497 1.0 0.000273 0.000273 -0.063844 0.99796
-0.00603 0.00231 -0.184 1.0 -0.022698 0.201307 -0.05513 0.977712
-0.02319 0.09435 0.08792 1.0 0.286656 0.001092 0.000345 0.958033
-0.02727 0.0 0.12737 1.0 -0.027177 -0.385345 0.000905 0.922372
0.0051 -0.0019 0.155 1.0 0.000598 -0.0017 -0.047557 0.998867
0.00603 -0.00231 0.184 1.0 0.086852 0.329718 -0.045971 0.938951
-0.02319 -0.09435 0.08792 1.0 0.000173 0.970886 -0.239527 -0.002679
0.01955 0.0 0.11236 1.0 -0.023679 -0.037056 0.034203 0.998447
-0.0012 0.0935 -0.00094 1.0 -0.080809 -0.652527 -0.23685 0.715249
0.1367 0.00103 -0.07412 1.0 0.0 0.0 0.0 1.0
0.0012 -0.0935 0.00094 1.0 -0.109043 -0.652394 -0.197696 0.723469
-0.1367 -0.00103 0.07412 1.0 0.0 0.0 0.0 1.0
0.04184 0.0 0.29363 1.0 0.0 -0.04652 0.0 0.998917
0.0 0.17528 0.00003 1.0 0.01388 0.061592 -0.200159 0.977727
0.21175 -0.00194 0.03537 1.0 0.0 0.0 0.0 1.0
0.01545 -0.00217 0.03772 1.0 0.0 0.0 0.0 1.0
0.20253 -0.00433 0.07298 1.0 0.0 0.0 0.0 1.0
0.0 -0.17528 -0.00003 1.0 0.048885 0.203632 -0.488405 0.847116
0.21133 -0.00375 0.03157 1.0 0.0 0.0 0.0 1.0
0.00301 0.17235 -0.00005 1.0 -0.201646 0.043494 -0.082572 0.975002
0.00309 0.18335 0.00121 1.0 0.0 0.040133 0.0 0.999194
-0.00301 -0.17235 0.00005 1.0 -0.297358 0.023265 0.158068 0.941303
-0.00401 -0.18333 -0.00092 1.0 0.001731 0.018436 -0.000323 0.999829
0.05434 0.14794 0.03756 1.0 -0.295811 0.057569 -0.173002 0.937684
0.01196 0.15393 0.04553 1.0 -0.315377 0.017479 -0.035919 0.948125
-0.03124 0.14728 0.04113 1.0 -0.328442 -0.025034 0.085253 0.940336
-0.07001 0.1413 0.02956 1.0 -0.336617 -0.070734 0.210725 0.91503
0.09958 0.0939 -0.02147 1.0 -0.200964 -0.223594 -0.160897 0.94007
-0.05434 -0.14794 -0.03756 1.0 -0.298059 0.103045 -0.246957 0.916272
-0.01196 -0.15393 -0.04553 1.0 -0.352206 0.038688 -0.071366 0.932395
0.03124 -0.14728 -0.04113 1.0 -0.391835 -0.058531 0.141727 0.907168
0.07001 -0.1413 -0.02956 1.0 -0.419284 -0.157037 0.336291 0.828522
-0.00249 -0.14826 0.01591 1.0 0.707107 0.0 0.0 0.707107
-0.09958 -0.09391 0.02147 1.0 -0.303049 -0.111408 -0.172343 0.930617
0.00074 0.05825 -0.00249 1.0 -0.307716 0.00891 0.000457 0.951436
0.00034 0.05524 -0.00625 1.0 -0.307753 0.004652 0.000244 0.951455
0.00033 0.0566 -0.00383 1.0 -0.307771 -0.000546 0.0 0.95146
0.00078 0.0516 -0.00392 1.0 -0.307512 -0.013257 0.00044 0.951452
0.00086 0.05627 -0.00025 1.0 0.023088 0.003905 0.644862 0.76394
-0.00074 -0.05825 0.00249 1.0 -0.374314 0.000791 0.0 0.927302
-0.00034 -0.05524 0.00625 1.0 -0.374202 0.006909 0.000559 0.927321
-0.00033 -0.0566 0.00383 1.0 -0.374246 -0.005419 0.0 0.927314
-0.00078 -0.0516 0.00392 1.0 -0.374211 -0.006772 0.000299 0.927319
-0.00086 -0.05627 0.00025 1.0 0.005598 0.005002 0.660299 0.750965


##### Pose: 10 #############################################

0.0 -0.19182 -1.06976 1.0 0.0 0.0 0.707107 0.707107
0.0 0.0 0.6234 1.0 0.0 0.0 0.0 1.0
0.0 0.0 0.0 1.0 0.0 0.0 0.0 1.0
-0.01631 -0.00769 -0.23307 1.0 -0.001359 -0.074475 -0.017085 0.997076
0.0 0.0 -0.6234 1.0 0.0 0.0 0.0 1.0
0.00313 0.12307 0.0005 1.0 0.071558 -0.030308 0.114779 0.990347
0.00313 -0.12307 0.0005 1.0 0.061415 0.968028 -0.046386 0.238743
0.00295 0.0 0.10781 1.0 -0.014002 0.030521 -0.005118 0.999423
0.00295 0.0 0.10781 1.0 -0.006912 0.014888 -0.003179 0.99986
0.0 0.0 0.12763 1.0 0.001922 0.012633 0.000488 0.999918
-0.00406 0.00155 -0.20992 1.0 -0.007626 0.336071 -0.00146 0.941805
0.00406 -0.00155 0.20992 1.0 -0.003927 0.424699 -0.006837 0.9053
-0.00508 0.00195 -0.15497 1.0 -0.000473 0.000211 -0.073124 0.997323
-0.00603 0.00231 -0.184 1.0 0.016659 0.212183 -0.062931 0.975059
-0.02319 0.09435 0.08792 1.0 0.229557 0.000961 0.000244 0.973295
-0.02727 0.0 0.12737 1.0 -0.009083 -0.37788 0.01652 0.925663
0.0051 -0.0019 0.155 1.0 0.00088 -0.001619 -0.048749 0.998809
0.00603 -0.00231 0.184 1.0 0.105679 0.278579 -0.045605 0.953491
-0.02319 -0.09435 0.08792 1.0 0.000173 0.971124 -0.238561 -0.002609
0.01955 0.0 0.11236 1.0 -0.001251 -0.029942 0.0433 0.998613
-0.0012 0.0935 -0.00094 1.0 -0.154745 -0.632135 -0.200448 0.732311
0.1367 0.00103 -0.07412 1.0 0.0 0.0 0.0 1.0
0.0012 -0.0935 0.00094 1.0 -0.1524 -0.650695 -0.24759 0.701477
-0.1367 -0.00103 0.07412 1.0 0.0 0.0 0.0 1.0
0.04184 0.0 0.29363 1.0 0.0 0.002746 0.0 0.999996
0.0 0.17528 0.00003 1.0 0.022712 0.068687 -0.405403 0.911271
0.21175 -0.00194 0.03537 1.0 0.0 0.0 0.0 1.0
0.01545 -0.00217 0.03772 1.0 0.0 0.0 0.0 1.0
0.20253 -0.00433 0.07298 1.0 0.0 0.0 0.0 1.0
0.0 -0.17528 -0.00003 1.0 0.040589 0.218929 -0.395176 0.891212
0.21133 -0.00375 0.03157 1.0 0.0 0.0 0.0 1.0
0.00301 0.17235 -0.00005 1.0 -0.199172 0.062894 -0.001683 0.977943
0.00309 0.18335 0.00121 1.0 0.0 0.062915 0.0 0.998019
-0.00301 -0.17235 0.00005 1.0 -0.189752 0.051742 0.087741 0.976534
-0.00401 -0.18333 -0.00092 1.0 0.001475 0.046697 -0.000244 0.998908
0.05434 0.14794 0.03756 1.0 -0.296528 0.058601 -0.174697 0.93708
0.01196 0.15393 0.04553 1.0 -0.315328 0.017976 -0.03846 0.948033
-0.03124 0.14728 0.04113 1.0 -0.328419 -0.024628 0.085722 0.940312
-0.07001 0.1413 0.02956 1.0 -0.337096 -0.071867 0.21352 0.914117
0.09958 0.0939 -0.02147 1.0 -0.199458 -0.225228 -0.162296 0.93976
-0.05434 -0.14794 -0.03756 1.0 -0.340326 0.115751 -0.284939 0.888589
-0.01196 -0.15393 -0.04553 1.0 -0.403215 0.046267 -0.082851 0.910172
0.03124 -0.14728 -0.04113 1.0 -0.440947 -0.070133 0.164855 0.879471
0.07001 -0.1413 -0.02956 1.0 -0.454993 -0.178631 0.386528 0.782092
-0.00249 -0.14826 0.01591 1.0 0.707107 0.0 0.0 0.707107
-0.09958 -0.09391 0.02147 1.0 -0.289918 -0.138278 -0.173208 0.931035
0.00074 0.05825 -0.00249 1.0 -0.307792 0.008917 0.000457 0.951412
0.00034 0.05524 -0.00625 1.0 -0.307836 0.004653 0.000211 0.951428
0.00033 0.0566 -0.00383 1.0 -0.307855 -0.000546 0.0 0.951433
0.00078 0.0516 -0.00392 1.0 -0.307588 -0.01335 0.00044 0.951426
0.00086 0.05627 -0.00025 1.0 0.023317 0.004296 0.647266 0.761895
-0.00074 -0.05825 0.00249 1.0 -0.426457 0.000791 0.0 0.904508
-0.00034 -0.05524 0.00625 1.0 -0.426326 0.007211 0.000244 0.904541
-0.00033 -0.0566 0.00383 1.0 -0.426378 -0.005639 0.000244 0.904527
-0.00078 -0.0516 0.00392 1.0 -0.426338 -0.007026 0.00061 0.904536
-0.00086 -0.05627 0.00025 1.0 0.005598 0.005002 0.660299 0.750965


##### Pose: 11 #############################################

0.0 -0.18282 -1.0698 1.0 0.0 0.0 0.707107 0.707107
0.0 0.0 0.6234 1.0 0.0 0.0 0.0 1.0
0.0 0.0 0.0 1.0 0.0 0.0 0.0 1.0
-0.02322 -0.00774 -0.2395 1.0 -0.001895 -0.088334 -0.020353 0.995881
0.0 0.0 -0.6234 1.0 0.0 0.0 0.0 1.0
0.00313 0.12307 0.0005 1.0 0.04948 -0.094725 0.108844 0.988297
0.00313 -0.12307 0.0005 1.0 0.062554 0.972632 -0.048508 0.218451
0.00295 0.0 0.10781 1.0 -0.019893 0.043922 -0.021397 0.998608
0.00295 0.0 0.10781 1.0 -0.010661 0.022123 -0.011691 0.99963
0.0 0.0 0.12763 1.0 -0.000244 0.018212 -0.007216 0.999808
-0.00406 0.00155 -0.20992 1.0 -0.006377 0.305899 0.001014 0.952042
0.00406 -0.00155 0.20992 1.0 -0.003343 0.440766 -0.00627 0.897594
-0.00508 0.00195 -0.15497 1.0 -0.001359 0.000173 -0.087452 0.996168
-0.00603 0.00231 -0.184 1.0 0.065451 0.28607 -0.075931 0.952951
-0.02319 0.09435 0.08792 1.0 0.243528 0.000977 0.000244 0.969893
-0.02727 0.0 0.12737 1.0 0.0 -0.365484 0.026192 0.930449
0.0051 -0.0019 0.155 1.0 0.000946 -0.001392 -0.042793 0.999083
0.00603 -0.00231 0.184 1.0 0.114971 0.196047 -0.040232 0.973
-0.02319 -0.09435 0.08792 1.0 0.000173 0.970167 -0.242423 -0.002662
0.01955 0.0 0.11236 1.0 0.00969 -0.01701 0.047877 0.998661
-0.0012 0.0935 -0.00094 1.0 -0.145356 -0.649921 -0.182805 0.723226
0.1367 0.00103 -0.07412 1.0 0.0 0.0 0.0 1.0
0.0012 -0.0935 0.00094 1.0 -0.15313 -0.661034 -0.284689 0.677154
-0.1367 -0.00103 0.07412 1.0 0.0 0.0 0.0 1.0
0.04184 0.0 0.29363 1.0 0.0 0.052009 0.0 0.998647
0.0 0.17528 0.00003 1.0 0.029077 0.056476 -0.410056 0.909846
0.21175 -0.00194 0.03537 1.0 0.0 0.0 0.0 1.0
0.01545 -0.00217 0.03772 1.0 0.0 0.0 0.0 1.0
0.20253 -0.00433 0.07298 1.0 0.0 0.0 0.0 1.0
0.0 -0.17528 -0.00003 1.0 0.036848 0.22252 -0.328696 0.917107
0.21133 -0.00375 0.03157 1.0 0.0 0.0 0.0 1.0
0.00301 0.17235 -0.00005 1.0 -0.226622 0.086495 0.011577 0.970066
0.00309 0.18335 0.00121 1.0 0.0 0.085664 0.0 0.996324
-0.00301 -0.17235 0.00005 1.0 -0.170753 0.060448 0.052964 0.982031
-0.00401 -0.18333 -0.00092 1.0 0.001326 0.058324 -0.000173 0.998297
0.05434 0.14794 0.03756 1.0 -0.297485 0.059003 -0.175582 0.936585
0.01196 0.15393 0.04553 1.0 -0.315272 0.018471 -0.041 0.947935
-0.03124 0.14728 0.04113 1.0 -0.329719 -0.024521 0.086374 0.9398
-0.07001 0.1413 0.02956 1.0 -0.336832 -0.072995 0.213936 0.914028
0.09958 0.0939 -0.02147 1.0 -0.199833 -0.226301 -0.163403 0.939231
-0.05434 -0.14794 -0.03756 1.0 -0.355123 0.123106 -0.304725 0.875143
-0.01196 -0.15393 -0.04553 1.0 -0.427511 0.049567 -0.08977 0.898175
0.03124 -0.14728 -0.04113 1.0 -0.463941 -0.074299 0.177248 0.864767
0.07001 -0.1413 -0.02956 1.0 -0.468061 -0.185163 0.41072 0.760225
-0.00249 -0.14826 0.01591 1.0 0.707107 0.0 0.0 0.707107
-0.09958 -0.09391 0.02147 1.0 -0.283632 -0.153479 -0.17397 0.930447
0.00074 0.05825 -0.00249 1.0 -0.307868 0.008926 0.000473 0.951387
0.00034 0.05524 -0.00625 1.0 -0.30792 0.004653 0.000211 0.951401
0.00033 0.0566 -0.00383 1.0 -0.307938 -0.000546 0.0 0.951406
0.00078 0.0516 -0.00392 1.0 -0.307664 -0.013444 0.000386 0.9514
0.00086 0.05627 -0.00025 1.0 0.023216 0.004488 0.649609 0.759901
-0.00074 -0.05825 0.00249 1.0 -0.444516 0.000791 0.0 0.895771
-0.00034 -0.05524 0.00625 1.0 -0.444381 0.007499 0.000244 0.895807
-0.00033 -0.0566 0.00383 1.0 -0.444434 -0.005862 0.000299 0.895792
-0.00078 -0.0516 0.00392 1.0 -0.444392 -0.007293 0.000701 0.895802
-0.00086 -0.05627 0.00025 1.0 0.005598 0.005002 0.660299 0.750965


##### Pose: 12 #############################################

0.0 -0.17383 -1.06984 1.0 0.0 0.0 0.707107 0.707107
0.0 0.0 0.6234 1.0 0.0 0.0 0.0 1.0
0.0 0.0 0.0 1.0 0.0 0.0 0.0 1.0
-0.03014 -0.00779 -0.23671 1.0 -0.002054 -0.091103 -0.021443 0.995608
0.0 0.0 -0.6234 1.0 0.0 0.0 0.0 1.0
0.00313 0.12307 0.0005 1.0 0.027895 -0.157816 0.101309 0.981862
0.00313 -0.12307 0.0005 1.0 0.062009 0.979556 -0.047877 0.185291
0.00295 0.0 0.10781 1.0 -0.022393 0.062539 -0.025117 0.997475
0.00295 0.0 0.10781 1.0 -0.011881 0.03187 -0.013448 0.999331
0.0 0.0 0.12763 1.0 -0.001926 0.024473 -0.008793 0.99966
-0.00406 0.00155 -0.20992 1.0 -0.004892 0.269274 0.003202 0.963046
0.00406 -0.00155 0.20992 1.0 -0.002907 0.418254 -0.005249 0.90831
-0.00508 0.00195 -0.15497 1.0 -0.002293 0.000211 -0.101763 0.994806
-0.00603 0.00231 -0.184 1.0 0.118548 0.358119 -0.096153 0.921114
-0.02319 0.09435 0.08792 1.0 0.237325 0.001125 0.000273 0.97143
-0.02727 0.0 0.12737 1.0 0.002118 -0.364332 0.027298 0.930867
0.0051 -0.0019 0.155 1.0 0.000889 -0.001085 -0.035644 0.999364
0.00603 -0.00231 0.184 1.0 0.120949 0.178127 -0.031892 0.976025
-0.02319 -0.09435 0.08792 1.0 0.000173 0.969683 -0.244353 -0.002545
0.01955 0.0 0.11236 1.0 0.011638 -0.015893 0.048962 0.998606
-0.0012 0.0935 -0.00094 1.0 -0.137654 -0.656967 -0.169847 0.721525
0.1367 0.00103 -0.07412 1.0 0.0 0.0 0.0 1.0
0.0012 -0.0935 0.00094 1.0 -0.164932 -0.665283 -0.271236 0.675742
-0.1367 -0.00103 0.07412 1.0 0.0 0.0 0.0 1.0
0.04184 0.0 0.29363 1.0 0.0 0.044402 0.0 0.999014
0.0 0.17528 0.00003 1.0 0.034263 0.049687 -0.437807 0.897041
0.21175 -0.00194 0.03537 1.0 0.0 0.0 0.0 1.0
0.01545 -0.00217 0.03772 1.0 0.0 0.0 0.0 1.0
0.20253 -0.00433 0.07298 1.0 0.0 0.0 0.0 1.0
0.0 -0.17528 -0.00003 1.0 0.043264 0.213058 -0.365457 0.905083
0.21133 -0.00375 0.03157 1.0 0.0 0.0 0.0 1.0
0.00301 0.17235 -0.00005 1.0 -0.229842 0.087828 0.020235 0.969046
0.00309 0.18335 0.00121 1.0 0.0 0.079214 0.0 0.996858
-0.00301 -0.17235 0.00005 1.0 -0.169292 0.060912 0.068966 0.981261
-0.00401 -0.18333 -0.00092 1.0 0.00128 0.059984 -0.000244 0.998199
0.05434 0.14794 0.03756 1.0 -0.297331 0.059824 -0.175843 0.936533
0.01196 0.15393 0.04553 1.0 -0.315208 0.018967 -0.04354 0.947834
-0.03124 0.14728 0.04113 1.0 -0.329658 -0.024848 0.086794 0.939774
-0.07001 0.1413 0.02956 1.0 -0.337978 -0.073791 0.214465 0.913417
0.09958 0.0939 -0.02147 1.0 -0.20021 -0.227372 -0.16451 0.938698
-0.05434 -0.14794 -0.03756 1.0 -0.365606 0.123881 -0.314351 0.867277
-0.01196 -0.15393 -0.04553 1.0 -0.437359 0.051547 -0.09364 0.892912
0.03124 -0.14728 -0.04113 1.0 -0.473019 -0.075851 0.183608 0.858363
0.07001 -0.1413 -0.02956 1.0 -0.475174 -0.188467 0.424983 0.747047
-0.00249 -0.14826 0.01591 1.0 0.707107 0.0 0.0 0.707107
-0.09958 -0.09391 0.02147 1.0 -0.28055 -0.160281 -0.175008 0.93004
0.00074 0.05825 -0.00249 1.0 -0.307944 0.008933 0.000473 0.951362
0.00034 0.05524 -0.00625 1.0 -0.308003 0.004653 0.000211 0.951374
0.00033 0.0566 -0.00383 1.0 -0.308022 -0.000546 0.0 0.951379
0.00078 0.0516 -0.00392 1.0 -0.307741 -0.013538 0.000366 0.951374
0.00086 0.05627 -0.00025 1.0 0.023236 0.004233 0.651907 0.757931
-0.00074 -0.05825 0.00249 1.0 -0.462397 0.000791 0.0 0.886673
-0.00034 -0.05524 0.00625 1.0 -0.462256 0.007787 0.000122 0.886712
-0.00033 -0.0566 0.00383 1.0 -0.462311 -0.006085 0.000366 0.886697
-0.00078 -0.0516 0.00392 1.0 -0.462268 -0.00756 0.00081 0.886708
-0.00086 -0.05627 0.00025 1.0 0.005598 0.005002 0.660299 0.750965


##### Pose: 13 #############################################

0.0 -0.17354 -1.06988 1.0 0.0 0.0 0.707107 0.707107
0.0 0.0 0.6234 1.0 0.0 0.0 0.0 1.0
0.0 0.0 0.0 1.0 0.0 0.0 0.0 1.0
-0.03924 -0.00784 -0.23392 1.0 -0.002153 -0.091101 -0.022539 0.995584
0.0 0.0 -0.6234 1.0 0.0 0.0 0.0 1.0
0.00313 0.12307 0.0005 1.0 0.019775 -0.195599 0.096336 0.97574
0.00313 -0.12307 0.0005 1.0 0.061458 0.985007 -0.047015 0.154187
0.00295 0.0 0.10781 1.0 -0.022178 0.081361 -0.022383 0.996187
0.00295 0.0 0.10781 1.0 -0.01243 0.041058 -0.011651 0.999012
0.0 0.0 0.12763 1.0 -0.002184 0.031446 -0.008049 0.999471
-0.00406 0.00155 -0.20992 1.0 -0.003555 0.261075 0.004828 0.9653
0.00406 -0.00155 0.20992 1.0 -0.002478 0.3708 -0.003967 0.928701
-0.00508 0.00195 -0.15497 1.0 -0.003174 0.000299 -0.111013 0.993814
-0.00603 0.00231 -0.184 1.0 0.143029 0.392175 -0.10608 0.90249
-0.02319 0.09435 0.08792 1.0 0.231112 0.001354 0.000323 0.972926
-0.02727 0.0 0.12737 1.0 0.000854 -0.371557 0.024978 0.928074
0.0051 -0.0019 0.155 1.0 0.000669 -0.000712 -0.029684 0.999559
0.00603 -0.00231 0.184 1.0 0.125431 0.2195 -0.023659 0.967227
-0.02319 -0.09435 0.08792 1.0 0.000173 0.96944 -0.245317 -0.002379
0.01955 0.0 0.11236 1.0 0.008503 -0.023303 0.047849 0.998547
-0.0012 0.0935 -0.00094 1.0 -0.135277 -0.661689 -0.160864 0.719716
0.1367 0.00103 -0.07412 1.0 0.0 0.0 0.0 1.0
0.0012 -0.0935 0.00094 1.0 -0.163856 -0.676837 -0.255064 0.670809
-0.1367 -0.00103 0.07412 1.0 0.0 0.0 0.0 1.0
0.04184 0.0 0.29363 1.0 0.0 0.036793 0.0 0.999323
0.0 0.17528 0.00003 1.0 0.036613 0.046799 -0.442788 0.894655
0.21175 -0.00194 0.03537 1.0 0.0 0.0 0.0 1.0
0.01545 -0.00217 0.03772 1.0 0.0 0.0 0.0 1.0
0.20253 -0.00433 0.07298 1.0 0.0 0.0 0.0 1.0
0.0 -0.17528 -0.00003 1.0 0.054747 0.205662 -0.397624 0.892525
0.21133 -0.00375 0.03157 1.0 0.0 0.0 0.0 1.0
0.00301 0.17235 -0.00005 1.0 -0.218795 0.078777 0.015005 0.97247
0.00309 0.18335 0.00121 1.0 0.0 0.07276 0.0 0.99735
-0.00301 -0.17235 0.00005 1.0 -0.176169 0.070252 0.08498 0.978165
-0.00401 -0.18333 -0.00092 1.0 0.001343 0.066624 -0.000211 0.997777
0.05434 0.14794 0.03756 1.0 -0.297331 0.059824 -0.175843 0.936533
0.01196 0.15393 0.04553 1.0 -0.315235 0.020197 -0.043887 0.947783
-0.03124 0.14728 0.04113 1.0 -0.329658 -0.024848 0.086794 0.939774
-0.07001 0.1413 0.02956 1.0 -0.337978 -0.073791 0.214465 0.913417
0.09958 0.0939 -0.02147 1.0 -0.20021 -0.227372 -0.16451 0.938698
-0.05434 -0.14794 -0.03756 1.0 -0.370278 0.123704 -0.316752 0.864442
-0.01196 -0.15393 -0.04553 1.0 -0.44234 0.051609 -0.095203 0.890286
0.03124 -0.14728 -0.04113 1.0 -0.477963 -0.075004 0.185511 0.855284
0.07001 -0.1413 -0.02956 1.0 -0.477758 -0.189584 0.430504 0.741938
-0.00249 -0.14826 0.01591 1.0 0.707107 0.0 0.0 0.707107
-0.09958 -0.09391 0.02147 1.0 -0.27989 -0.162084 -0.175622 0.92981
0.00074 0.05825 -0.00249 1.0 -0.30802 0.00894 0.000488 0.951338
0.00034 0.05524 -0.00625 1.0 -0.308087 0.004653 0.000211 0.951347
0.00033 0.0566 -0.00383 1.0 -0.308105 -0.000546 0.0 0.951352
0.00078 0.0516 -0.00392 1.0 -0.307817 -0.013631 0.000345 0.951348
0.00086 0.05627 -0.00025 1.0 0.023501 0.004363 0.651957 0.757879
-0.00074 -0.05825 0.00249 1.0 -0.457659 0.000791 0.0 0.889127
-0.00034 -0.05524 0.00625 1.0 -0.457521 0.008071 0.000211 0.889162
-0.00033 -0.0566 0.00383 1.0 -0.457575 -0.006315 0.000299 0.889149
-0.00078 -0.0516 0.00392 1.0 -0.457533 -0.007846 0.000743 0.889158
-0.00086 -0.05627 0.00025 1.0 0.005598 0.005002 0.660299 0.750965


##### Pose: 14 #############################################

0.0 -0.17326 -1.06993 1.0 0.0 0.0 0.707107 0.707107
0.0 0.0 0.6234 1.0 0.0 0.0 0.0 1.0
0.0 0.0 0.0 1.0 0.0 0.0 0.0 1.0
-0.04834 -0.00789 -0.23113 1.0 -0.000122 -0.088284 -0.022727 0.995836
0.0 0.0 -0.6234 1.0 0.0 0.0 0.0 1.0
0.00313 0.12307 0.0005 1.0 0.019626 -0.217742 0.093883 0.971282
0.00313 -0.12307 0.0005 1.0 0.060291 0.987214 -0.045894 0.14024
0.00295 0.0 0.10781 1.0 -0.02165 0.095278 -0.015678 0.995092
0.00295 0.0 0.10781 1.0 -0.012324 0.047829 -0.008185 0.998746
0.0 0.0 0.12763 1.0 -0.001786 0.037381 -0.005746 0.999283
-0.00406 0.00155 -0.20992 1.0 -0.002612 0.267215 0.006062 0.963614
0.00406 -0.00155 0.20992 1.0 -0.001938 0.336651 -0.002746 0.941624
-0.00508 0.00195 -0.15497 1.0 -0.003776 0.000405 -0.116054 0.993236
-0.00603 0.00231 -0.184 1.0 0.151418 0.405452 -0.110032 0.894748
-0.02319 0.09435 0.08792 1.0 0.241978 0.001665 0.000423 0.97028
-0.02727 0.0 0.12737 1.0 -0.002373 -0.38063 0.020586 0.924495
0.0051 -0.0019 0.155 1.0 0.000405 -0.000323 -0.024916 0.999689
0.00603 -0.00231 0.184 1.0 0.12678 0.255711 -0.021137 0.958171
-0.02319 -0.09435 0.08792 1.0 0.000173 0.969195 -0.246281 -0.002584
0.01955 0.0 0.11236 1.0 0.003427 -0.03283 0.045735 0.998408
-0.0012 0.0935 -0.00094 1.0 -0.131221 -0.66498 -0.157895 0.718089
0.1367 0.00103 -0.07412 1.0 0.0 0.0 0.0 1.0
0.0012 -0.0935 0.00094 1.0 -0.15009 -0.691943 -0.256906 0.65779
-0.1367 -0.00103 0.07412 1.0 0.0 0.0 0.0 1.0
0.04184 0.0 0.29363 1.0 0.0 0.029181 0.0 0.999574
0.0 0.17528 0.00003 1.0 0.035786 0.04472 -0.420089 0.905674
0.21175 -0.00194 0.03537 1.0 0.0 0.0 0.0 1.0
0.01545 -0.00217 0.03772 1.0 0.0 0.0 0.0 1.0
0.20253 -0.00433 0.07298 1.0 0.0 0.0 0.0 1.0
0.0 -0.17528 -0.00003 1.0 0.058401 0.196949 -0.393525 0.896068
0.21133 -0.00375 0.03157 1.0 0.0 0.0 0.0 1.0
0.00301 0.17235 -0.00005 1.0 -0.199094 0.068429 -0.003825 0.977581
0.00309 0.18335 0.00121 1.0 0.0 0.066304 0.0 0.9978
-0.00301 -0.17235 0.00005 1.0 -0.183784 0.088302 0.091258 0.97473
-0.00401 -0.18333 -0.00092 1.0 0.001563 0.083211 -0.000244 0.996531
0.05434 0.14794 0.03756 1.0 -0.297331 0.059824 -0.175843 0.936533
0.01196 0.15393 0.04553 1.0 -0.315323 0.020124 -0.043801 0.947759
-0.03124 0.14728 0.04113 1.0 -0.329658 -0.024848 0.086794 0.939774
-0.07001 0.1413 0.02956 1.0 -0.337978 -0.073791 0.214465 0.913417
0.09958 0.0939 -0.02147 1.0 -0.20021 -0.227372 -0.16451 0.938698
-0.05434 -0.14794 -0.03756 1.0 -0.37065 0.124247 -0.315837 0.864539
-0.01196 -0.15393 -0.04553 1.0 -0.442383 0.051065 -0.095041 0.890313
0.03124 -0.14728 -0.04113 1.0 -0.478153 -0.074125 0.18502 0.855361
0.07001 -0.1413 -0.02956 1.0 -0.477851 -0.189713 0.43038 0.741917
-0.00249 -0.14826 0.01591 1.0 0.707107 0.0 0.0 0.707107
-0.09958 -0.09391 0.02147 1.0 -0.280931 -0.16228 -0.175441 0.929496
0.00074 0.05825 -0.00249 1.0 -0.308096 0.008949 0.000488 0.951313
0.00034 0.05524 -0.00625 1.0 -0.30817 0.004653 0.000211 0.95132
0.00033 0.0566 -0.00383 1.0 -0.308189 -0.000546 0.0 0.951325
0.00078 0.0516 -0.00392 1.0 -0.307893 -0.013726 0.000323 0.951322
0.00086 0.05627 -0.00025 1.0 0.023501 0.004363 0.651957 0.757879
-0.00074 -0.05825 0.00249 1.0 -0.452909 0.000791 0.0 0.891556
-0.00034 -0.05524 0.00625 1.0 -0.452773 0.008354 0.000366 0.891587
-0.00033 -0.0566 0.00383 1.0 -0.452826 -0.006545 0.000211 0.891575
-0.00078 -0.0516 0.00392 1.0 -0.452784 -0.008131 0.000657 0.891583
-0.00086 -0.05627 0.00025 1.0 0.005598 0.005002 0.660299 0.750965


##### Pose: 15 #############################################

0.0 -0.17298 -1.06997 1.0 0.0 0.0 0.707107 0.707107
0.0 0.0 0.6234 1.0 0.0 0.0 0.0 1.0
0.0 0.0 0.0 1.0 0.0 0.0 0.0 1.0
-0.05745 -0.00794 -0.23843 1.0 0.002072 -0.085466 -0.022903 0.996076
0.0 0.0 -0.6234 1.0 0.0 0.0 0.0 1.0
0.00313 0.12307 0.0005 1.0 0.020913 -0.231052 0.093604 0.968202
0.00313 -0.12307 0.0005 1.0 0.059632 0.987507 -0.044293 0.138968
0.00295 0.0 0.10781 1.0 -0.021589 0.099131 -0.011312 0.994776
0.00295 0.0 0.10781 1.0 -0.012042 0.049697 -0.005615 0.998676
0.0 0.0 0.12763 1.0 -0.001875 0.03913 -0.003197 0.999227
-0.00406 0.00155 -0.20992 1.0 -0.00209 0.273347 0.006824 0.961889
0.00406 -0.00155 0.20992 1.0 -0.001309 0.313069 -0.001539 0.949728
-0.00508 0.00195 -0.15497 1.0 -0.003974 0.000598 -0.117735 0.993037
-0.00603 0.00231 -0.184 1.0 0.152605 0.407659 -0.109254 0.893638
-0.02319 0.09435 0.08792 1.0 0.252813 0.001987 0.000532 0.967513
-0.02727 0.0 0.12737 1.0 -0.005073 -0.38527 0.017885 0.922617
0.0051 -0.0019 0.155 1.0 0.000173 0.0 -0.022532 0.999746
0.00603 -0.00231 0.184 1.0 0.127288 0.286471 -0.019447 0.949397
-0.02319 -0.09435 0.08792 1.0 0.000211 0.968703 -0.248209 -0.002608
0.01955 0.0 0.11236 1.0 0.000173 -0.037816 0.043639 0.998331
-0.0012 0.0935 -0.00094 1.0 -0.127979 -0.666934 -0.160979 0.716175
0.1367 0.00103 -0.07412 1.0 0.0 0.0 0.0 1.0
0.0012 -0.0935 0.00094 1.0 -0.139504 -0.708113 -0.265933 0.639057
-0.1367 -0.00103 0.07412 1.0 0.0 0.0 0.0 1.0
0.04184 0.0 0.29363 1.0 0.0 0.021568 0.0 0.999767
0.0 0.17528 0.00003 1.0 0.033917 0.045174 -0.399684 0.914911
0.21175 -0.00194 0.03537 1.0 0.0 0.0 0.0 1.0
0.01545 -0.00217 0.03772 1.0 0.0 0.0 0.0 1.0
0.20253 -0.00433 0.07298 1.0 0.0 0.0 0.0 1.0
0.0 -0.17528 -0.00003 1.0 0.057852 0.191135 -0.368163 0.908062
0.21133 -0.00375 0.03157 1.0 0.0 0.0 0.0 1.0
0.00301 0.17235 -0.00005 1.0 -0.187832 0.062438 -0.015123 0.980098
0.00309 0.18335 0.00121 1.0 0.0 0.059844 0.0 0.998208
-0.00301 -0.17235 0.00005 1.0 -0.18718 0.109074 0.08016 0.972955
-0.00401 -0.18333 -0.00092 1.0 0.001922 0.108047 -0.000244 0.994144
0.05434 0.14794 0.03756 1.0 -0.297422 0.060019 -0.175293 0.936595
0.01196 0.15393 0.04553 1.0 -0.31541 0.020051 -0.043714 0.947736
-0.03124 0.14728 0.04113 1.0 -0.329658 -0.024848 0.086794 0.939774
-0.07001 0.1413 0.02956 1.0 -0.337978 -0.073791 0.214465 0.913417
0.09958 0.0939 -0.02147 1.0 -0.201226 -0.22755 -0.164263 0.938481
-0.05434 -0.14794 -0.03756 1.0 -0.365586 0.124785 -0.311716 0.868106
-0.01196 -0.15393 -0.04553 1.0 -0.436408 0.04985 -0.093446 0.893494
0.03124 -0.14728 -0.04113 1.0 -0.472285 -0.07422 0.1827 0.859104
0.07001 -0.1413 -0.02956 1.0 -0.474739 -0.188361 0.423754 0.748048
-0.00249 -0.14826 0.01591 1.0 0.707107 0.0 0.0 0.707107
-0.09958 -0.09391 0.02147 1.0 -0.28253 -0.160127 -0.174987 0.929471
0.00074 0.05825 -0.00249 1.0 -0.308172 0.008956 0.000503 0.951288
0.00034 0.05524 -0.00625 1.0 -0.308254 0.004653 0.000211 0.951293
0.00033 0.0566 -0.00383 1.0 -0.308272 -0.000546 0.0 0.951298
0.00078 0.0516 -0.00392 1.0 -0.30797 -0.013819 0.000323 0.951296
0.00086 0.05627 -0.00025 1.0 0.023663 0.003956 0.651921 0.757907
-0.00074 -0.05825 0.00249 1.0 -0.448145 0.000791 0.0 0.893961
-0.00034 -0.05524 0.00625 1.0 -0.448012 0.008636 0.000473 0.893986
-0.00033 -0.0566 0.00383 1.0 -0.448064 -0.006774 0.000122 0.893976
-0.00078 -0.0516 0.00392 1.0 -0.448023 -0.008418 0.000559 0.893982
-0.00086 -0.05627 0.00025 1.0 0.005598 0.005002 0.660299 0.750965


##### Pose: 16 #############################################

0.0 -0.17269 -1.06993 1.0 0.0 0.0 0.707107 0.707107
0.0 0.0 0.6234 1.0 0.0 0.0 0.0 1.0
0.0 0.0 0.0 1.0 0.0 0.0 0.0 1.0
-0.06655 -0.00799 -0.24574 1.0 0.006302 -0.079826 -0.02322 0.996518
0.0 0.0 -0.6234 1.0 0.0 0.0 0.0 1.0
0.00313 0.12307 0.0005 1.0 0.021296 -0.216435 0.093509 0.971575
0.00313 -0.12307 0.0005 1.0 0.058654 0.986325 -0.042378 0.148077
0.00295 0.0 0.10781 1.0 -0.022745 0.090435 -0.009313 0.995599
0.00295 0.0 0.10781 1.0 -0.011714 0.045434 -0.004579 0.998888
0.0 0.0 0.12763 1.0 -0.002367 0.035645 -0.00193 0.99936
-0.00406 0.00155 -0.20992 1.0 -0.002139 0.27539 0.006932 0.961305
0.00406 -0.00155 0.20992 1.0 -0.000791 0.296954 -0.000488 0.954891
-0.00508 0.00195 -0.15497 1.0 -0.003908 0.0008 -0.116056 0.993235
-0.00603 0.00231 -0.184 1.0 0.147596 0.399945 -0.105851 0.898362
-0.02319 0.09435 0.08792 1.0 0.257447 0.002319 0.000634 0.966289
-0.02727 0.0 0.12737 1.0 -0.006299 -0.381832 0.016406 0.924065
0.0051 -0.0019 0.155 1.0 -0.000173 0.000173 -0.02134 0.999772
0.00603 -0.00231 0.184 1.0 0.126653 0.313655 -0.019751 0.940845
-0.02319 -0.09435 0.08792 1.0 0.000211 0.968456 -0.249173 -0.002409
0.01955 0.0 0.11236 1.0 -0.000585 -0.034126 0.042919 0.998495
-0.0012 0.0935 -0.00094 1.0 -0.114893 -0.668032 -0.178024 0.71333
0.1367 0.00103 -0.07412 1.0 0.0 0.0 0.0 1.0
0.0012 -0.0935 0.00094 1.0 -0.134859 -0.718703 -0.285664 0.619415
-0.1367 -0.00103 0.07412 1.0 0.0 0.0 0.0 1.0
0.04184 0.0 0.29363 1.0 0.0 0.013953 0.0 0.999903
0.0 0.17528 0.00003 1.0 0.029689 0.047998 -0.358277 0.931908
0.21175 -0.00194 0.03537 1.0 0.0 0.0 0.0 1.0
0.01545 -0.00217 0.03772 1.0 0.0 0.0 0.0 1.0
0.20253 -0.00433 0.07298 1.0 0.0 0.0 0.0 1.0
0.0 -0.17528 -0.00003 1.0 0.055052 0.190505 -0.327606 0.92377
0.21133 -0.00375 0.03157 1.0 0.0 0.0 0.0 1.0
0.00301 0.17235 -0.00005 1.0 -0.183802 0.061634 -0.035071 0.980402
0.00309 0.18335 0.00121 1.0 0.0 0.064647 0.0 0.997908
-0.00301 -0.17235 0.00005 1.0 -0.190512 0.137332 0.065488 0.969823
-0.00401 -0.18333 -0.00092 1.0 0.002411 0.137759 -0.000299 0.990463
0.05434 0.14794 0.03756 1.0 -0.29759 0.059804 -0.174613 0.936682
0.01196 0.15393 0.04553 1.0 -0.315498 0.019978 -0.043628 0.947712
-0.03124 0.14728 0.04113 1.0 -0.329699 -0.024732 0.086449 0.939794
-0.07001 0.1413 0.02956 1.0 -0.338381 -0.072931 0.213431 0.913579
0.09958 0.0939 -0.02147 1.0 -0.201067 -0.226642 -0.164458 0.938701
-0.05434 -0.14794 -0.03756 1.0 -0.359081 0.123957 -0.306009 0.872957
-0.01196 -0.15393 -0.04553 1.0 -0.429466 0.048429 -0.091143 0.897166
0.03124 -0.14728 -0.04113 1.0 -0.465724 -0.073552 0.178942 0.863523
0.07001 -0.1413 -0.02956 1.0 -0.470492 -0.186494 0.414835 0.756154
-0.00249 -0.14826 0.01591 1.0 0.707107 0.0 0.0 0.707107
-0.09958 -0.09391 0.02147 1.0 -0.284358 -0.155592 -0.1745 0.929775
0.00074 0.05825 -0.00249 1.0 -0.308248 0.008963 0.000503 0.951264
0.00034 0.05524 -0.00625 1.0 -0.308337 0.004653 0.000211 0.951266
0.00033 0.0566 -0.00383 1.0 -0.308356 -0.000546 0.0 0.951271
0.00078 0.0516 -0.00392 1.0 -0.308046 -0.013912 0.000273 0.95127
0.00086 0.05627 -0.00025 1.0 0.023591 0.004056 0.650761 0.758905
-0.00074 -0.05825 0.00249 1.0 -0.443369 0.000791 0.0 0.896339
-0.00034 -0.05524 0.00625 1.0 -0.443239 0.008917 0.000622 0.896359
-0.00033 -0.0566 0.00383 1.0 -0.443289 -0.007003 0.000122 0.896351
-0.00078 -0.0516 0.00392 1.0 -0.443249 -0.008701 0.000473 0.896356
-0.00086 -0.05627 0.00025 1.0 0.005598 0.005002 0.660299 0.750965


##### Pose: 17 #############################################

0.0 -0.17241 -1.06988 1.0 0.0 0.0 0.707107 0.707107
0.0 0.0 0.6234 1.0 0.0 0.0 0.0 1.0
0.0 0.0 0.0 1.0 0.0 0.0 0.0 1.0
-0.05716 -0.00804 -0.25305 1.0 0.008749 -0.06592 -0.022167 0.99754
0.0 0.0 -0.6234 1.0 0.0 0.0 0.0 1.0
0.00313 0.12307 0.0005 1.0 0.022181 -0.201726 0.095837 0.97449
0.00313 -0.12307 0.0005 1.0 0.057757 0.98436 -0.039316 0.161721
0.00295 0.0 0.10781 1.0 -0.023943 0.065476 -0.007537 0.997538
0.00295 0.0 0.10781 1.0 -0.011802 0.03322 -0.003468 0.999372
0.0 0.0 0.12763 1.0 -0.002837 0.02693 -0.001402 0.999632
-0.00406 0.00155 -0.20992 1.0 -0.002502 0.27335 0.00658 0.961889
0.00406 -0.00155 0.20992 1.0 -0.000473 0.285877 0.000405 0.958266
-0.00508 0.00195 -0.15497 1.0 -0.0038 0.000999 -0.113537 0.993526
-0.00603 0.00231 -0.184 1.0 0.140402 0.3888 -0.103678 0.90464
-0.02319 0.09435 0.08792 1.0 0.262075 0.002641 0.000732 0.965044
-0.02727 0.0 0.12737 1.0 -0.006317 -0.372839 0.015322 0.927748
0.0051 -0.0019 0.155 1.0 -0.000423 0.000299 -0.020148 0.999797
0.00603 -0.00231 0.184 1.0 0.124651 0.338698 -0.018462 0.932419
-0.02319 -0.09435 0.08792 1.0 0.000211 0.967958 -0.251099 -0.002572
0.01955 0.0 0.11236 1.0 -0.000977 -0.024578 0.04328 0.99876
-0.0012 0.0935 -0.00094 1.0 -0.099038 -0.66513 -0.207026 0.710587
0.1367 0.00103 -0.07412 1.0 0.0 0.0 0.0 1.0
0.0012 -0.0935 0.00094 1.0 -0.13145 -0.727609 -0.310164 0.597582
-0.1367 -0.00103 0.07412 1.0 0.0 0.0 0.0 1.0
0.04184 0.0 0.29363 1.0 0.0 0.006338 0.0 0.99998
0.0 0.17528 0.00003 1.0 0.024301 0.054049 -0.297493 0.952883
0.21175 -0.00194 0.03537 1.0 0.0 0.0 0.0 1.0
0.01545 -0.00217 0.03772 1.0 0.0 0.0 0.0 1.0
0.20253 -0.00433 0.07298 1.0 0.0 0.0 0.0 1.0
0.0 -0.17528 -0.00003 1.0 0.048028 0.191724 -0.270009 0.942354
0.21133 -0.00375 0.03157 1.0 0.0 0.0 0.0 1.0
0.00301 0.17235 -0.00005 1.0 -0.184202 0.066502 -0.059471 0.978831
0.00309 0.18335 0.00121 1.0 0.0 0.069448 0.0 0.997586
-0.00301 -0.17235 0.00005 1.0 -0.192622 0.168545 0.045118 0.965636
-0.00401 -0.18333 -0.00092 1.0 0.002952 0.168987 -0.000211 0.985614
0.05434 0.14794 0.03756 1.0 -0.296466 0.059617 -0.174406 0.937089
0.01196 0.15393 0.04553 1.0 -0.315585 0.019906 -0.043542 0.947689
-0.03124 0.14728 0.04113 1.0 -0.32974 -0.024618 0.086103 0.939815
-0.07001 0.1413 0.02956 1.0 -0.337102 -0.072697 0.213111 0.914145
0.09958 0.0939 -0.02147 1.0 -0.201708 -0.225746 -0.163108 0.939015
-0.05434 -0.14794 -0.03756 1.0 -0.351947 0.122043 -0.299238 0.878462
-0.01196 -0.15393 -0.04553 1.0 -0.420375 0.047475 -0.08879 0.901747
0.03124 -0.14728 -0.04113 1.0 -0.456095 -0.072768 0.174142 0.869688
0.07001 -0.1413 -0.02956 1.0 -0.465442 -0.184114 0.404876 0.765207
-0.00249 -0.14826 0.01591 1.0 0.707107 0.0 0.0 0.707107
-0.09958 -0.09391 0.02147 1.0 -0.28619 -0.151005 -0.173875 0.930086
0.00074 0.05825 -0.00249 1.0 -0.308324 0.008972 0.000518 0.951239
0.00034 0.05524 -0.00625 1.0 -0.308421 0.004653 0.000211 0.951239
0.00033 0.0566 -0.00383 1.0 -0.308439 -0.000546 0.0 0.951244
0.00078 0.0516 -0.00392 1.0 -0.308122 -0.014006 0.000244 0.951244
0.00086 0.05627 -0.00025 1.0 0.02308 0.00442 0.649584 0.759927
-0.00074 -0.05825 0.00249 1.0 -0.43858 0.0008 0.0 0.898692
-0.00034 -0.05524 0.00625 1.0 -0.438453 0.009197 0.000752 0.898707
-0.00033 -0.0566 0.00383 1.0 -0.438502 -0.007231 -0.000122 0.898701
-0.00078 -0.0516 0.00392 1.0 -0.438462 -0.008985 0.000386 0.898705
-0.00086 -0.05627 0.00025 1.0 0.005598 0.005002 0.660299 0.750965


##### Pose: 18 #############################################

0.0 -0.17212 -1.06984 1.0 0.0 0.0 0.707107 0.707107
0.0 0.0 0.6234 1.0 0.0 0.0 0.0 1.0
0.0 0.0 0.0 1.0 0.0 0.0 0.0 1.0
-0.04777 -0.00809 -0.26036 1.0 0.01111 -0.051989 -0.022151 0.99834
0.0 0.0 -0.6234 1.0 0.0 0.0 0.0 1.0
0.00313 0.12307 0.0005 1.0 0.024592 -0.187184 0.096666 0.977248
0.00313 -0.12307 0.0005 1.0 0.056831 0.981966 -0.03677 0.176525
0.00295 0.0 0.10781 1.0 -0.025538 0.035468 -0.005598 0.999029
0.00295 0.0 0.10781 1.0 -0.012454 0.017322 -0.002968 0.999768
0.0 0.0 0.12763 1.0 -0.00344 0.016119 -0.001132 0.999864
-0.00406 0.00155 -0.20992 1.0 -0.002749 0.273353 0.005768 0.961893
0.00406 -0.00155 0.20992 1.0 -0.000405 0.274762 0.001099 0.961512
-0.00508 0.00195 -0.15497 1.0 -0.003654 0.001184 -0.110176 0.993905
-0.00603 0.00231 -0.184 1.0 0.132436 0.378548 -0.101582 0.910408
-0.02319 0.09435 0.08792 1.0 0.263616 0.002904 0.00081 0.964623
-0.02727 0.0 0.12737 1.0 -0.006015 -0.362168 0.015063 0.931972
0.0051 -0.0019 0.155 1.0 -0.000622 0.000299 -0.020148 0.999797
0.00603 -0.00231 0.184 1.0 0.123037 0.36195 -0.018566 0.923856
-0.02319 -0.09435 0.08792 1.0 0.000211 0.967708 -0.252061 -0.002539
0.01955 0.0 0.11236 1.0 -0.000992 -0.013336 0.04326 0.998974
-0.0012 0.0935 -0.00094 1.0 -0.083635 -0.663801 -0.238907 0.703773
0.1367 0.00103 -0.07412 1.0 0.0 0.0 0.0 1.0
0.0012 -0.0935 0.00094 1.0 -0.123674 -0.734576 -0.337363 0.575577
-0.1367 -0.00103 0.07412 1.0 0.0 0.0 0.0 1.0
0.04184 0.0 0.29363 1.0 0.0 0.004225 0.0 0.999991
0.0 0.17528 0.00003 1.0 0.018256 0.059888 -0.227345 0.9718
0.21175 -0.00194 0.03537 1.0 0.0 0.0 0.0 1.0
0.01545 -0.00217 0.03772 1.0 0.0 0.0 0.0 1.0
0.20253 -0.00433 0.07298 1.0 0.0 0.0 0.0 1.0
0.0 -0.17528 -0.00003 1.0 0.037996 0.192619 -0.20023 0.959876
0.21133 -0.00375 0.03157 1.0 0.0 0.0 0.0 1.0
0.00301 0.17235 -0.00005 1.0 -0.191429 0.072963 -0.086895 0.974926
0.00309 0.18335 0.00121 1.0 0.0 0.074248 0.0 0.99724
-0.00301 -0.17235 0.00005 1.0 -0.192723 0.202606 0.019149 0.959918
-0.00401 -0.18333 -0.00092 1.0 0.003489 0.201677 -0.000122 0.979446
0.05434 0.14794 0.03756 1.0 -0.296632 0.059401 -0.173726 0.937177
0.01196 0.15393 0.04553 1.0 -0.315673 0.019833 -0.043455 0.947665
-0.03124 0.14728 0.04113 1.0 -0.3298 -0.024292 0.085683 0.939841
-0.07001 0.1413 0.02956 1.0 -0.33737 -0.072398 0.212285 0.914262
0.09958 0.0939 -0.02147 1.0 -0.201492 -0.225579 -0.161808 0.939326
-0.05434 -0.14794 -0.03756 1.0 -0.345585 0.120357 -0.292983 0.883315
-0.01196 -0.15393 -0.04553 1.0 -0.411214 0.046771 -0.086495 0.90622
0.03124 -0.14728 -0.04113 1.0 -0.448423 -0.071809 0.169953 0.874572
0.07001 -0.1413 -0.02956 1.0 -0.460733 -0.181778 0.396068 0.773183
-0.00249 -0.14826 0.01591 1.0 0.707107 0.0 0.0 0.707107
-0.09958 -0.09391 0.02147 1.0 -0.287925 -0.145821 -0.173456 0.930456
0.00074 0.05825 -0.00249 1.0 -0.3084 0.008979 0.000546 0.951214
0.00034 0.05524 -0.00625 1.0 -0.308504 0.004653 0.000211 0.951212
0.00033 0.0566 -0.00383 1.0 -0.308522 -0.000546 0.0 0.951217
0.00078 0.0516 -0.00392 1.0 -0.308199 -0.0141 0.000244 0.951217
0.00086 0.05627 -0.00025 1.0 0.022671 0.004215 0.64951 0.760003
-0.00074 -0.05825 0.00249 1.0 -0.433779 0.0008 0.0 0.901019
-0.00034 -0.05524 0.00625 1.0 -0.433654 0.009474 0.00088 0.901029
-0.00033 -0.0566 0.00383 1.0 -0.433703 -0.007458 -0.000122 0.901025
-0.00078 -0.0516 0.00392 1.0 -0.433663 -0.009267 0.000273 0.901027
-0.00086 -0.05627 0.00025 1.0 0.005598 0.005002 0.660299 0.750965


##### Pose: 19 #############################################

0.0 -0.17184 -1.0698 1.0 0.0 0.0 0.707107 0.707107
0.0 0.0 0.6234 1.0 0.0 0.0 0.0 1.0
0.0 0.0 0.0 1.0 0.0 0.0 0.0 1.0
-0.03838 -0.00815 -0.26766 1.0 0.013515 -0.038067 -0.020973 0.998964
0.0 0.0 -0.6234 1.0 0.0 0.0 0.0 1.0
0.00313 0.12307 0.0005 1.0 0.026981 -0.172612 0.097588 0.979772
0.00313 -0.12307 0.0005 1.0 0.056165 0.979799 -0.033609 0.18897
0.00295 0.0 0.10781 1.0 -0.026572 0.009176 -0.004297 0.999596
0.00295 0.0 0.10781 1.0 -0.013287 0.00448 -0.002167 0.999899
0.0 0.0 0.12763 1.0 -0.004032 0.005654 -0.000854 0.999976
-0.00406 0.00155 -0.20992 1.0 -0.002845 0.269266 0.004701 0.96305
0.00406 -0.00155 0.20992 1.0 -0.000423 0.261031 0.001475 0.965329
-0.00508 0.00195 -0.15497 1.0 -0.003523 0.001263 -0.106814 0.994272
-0.00603 0.00231 -0.184 1.0 0.125464 0.368356 -0.098938 0.915851
-0.02319 0.09435 0.08792 1.0 0.265157 0.003088 0.000863 0.9642
-0.02727 0.0 0.12737 1.0 -0.00599 -0.353564 0.013988 0.935287
0.0051 -0.0019 0.155 1.0 -0.000646 0.000299 -0.020148 0.999797
0.00603 -0.00231 0.184 1.0 0.121783 0.384899 -0.017422 0.914723
-0.02319 -0.09435 0.08792 1.0 0.000244 0.965413 -0.260715 -0.002327
0.01955 0.0 0.11236 1.0 -0.000405 -0.004076 0.043245 0.999056
-0.0012 0.0935 -0.00094 1.0 -0.067268 -0.664917 -0.263764 0.695549
0.1367 0.00103 -0.07412 1.0 0.0 0.0 0.0 1.0
0.0012 -0.0935 0.00094 1.0 -0.122437 -0.745675 -0.346902 0.555551
-0.1367 -0.00103 0.07412 1.0 0.0 0.0 0.0 1.0
0.04184 0.0 0.29363 1.0 0.0 0.002107 0.0 0.999998
0.0 0.17528 0.00003 1.0 0.012743 0.063527 -0.164304 0.98428
0.21175 -0.00194 0.03537 1.0 0.0 0.0 0.0 1.0
0.01545 -0.00217 0.03772 1.0 0.0 0.0 0.0 1.0
0.20253 -0.00433 0.07298 1.0 0.0 0.0 0.0 1.0
0.0 -0.17528 -0.00003 1.0 0.031027 0.190804 -0.15117 0.969422
0.21133 -0.00375 0.03157 1.0 0.0 0.0 0.0 1.0
0.00301 0.17235 -0.00005 1.0 -0.198188 0.079405 -0.111435 0.970566
0.00309 0.18335 0.00121 1.0 0.0 0.079045 0.0 0.996871
-0.00301 -0.17235 0.00005 1.0 -0.198607 0.232061 0.001587 0.952208
-0.00401 -0.18333 -0.00092 1.0 0.003995 0.230907 -0.000122 0.972968
0.05434 0.14794 0.03756 1.0 -0.295521 0.059818 -0.173099 0.937617
0.01196 0.15393 0.04553 1.0 -0.31576 0.019761 -0.043369 0.947642
-0.03124 0.14728 0.04113 1.0 -0.32984 -0.024177 0.085337 0.939861
-0.07001 0.1413 0.02956 1.0 -0.337638 -0.0721 0.211459 0.914378
0.09958 0.0939 -0.02147 1.0 -0.201335 -0.224671 -0.162003 0.939544
-0.05434 -0.14794 -0.03756 1.0 -0.340988 0.11823 -0.28802 0.887014
-0.01196 -0.15393 -0.04553 1.0 -0.405072 0.046376 -0.084987 0.909144
0.03124 -0.14728 -0.04113 1.0 -0.442638 -0.071083 0.166751 0.878187
0.07001 -0.1413 -0.02956 1.0 -0.456994 -0.179791 0.389606 0.779127
-0.00249 -0.14826 0.01591 1.0 0.707107 0.0 0.0 0.707107
-0.09958 -0.09391 0.02147 1.0 -0.289205 -0.141758 -0.173124 0.930749
0.00074 0.05825 -0.00249 1.0 -0.308476 0.008988 0.000532 0.95119
0.00034 0.05524 -0.00625 1.0 -0.308587 0.004655 0.000244 0.951185
0.00033 0.0566 -0.00383 1.0 -0.308606 -0.000546 0.0 0.95119
0.00078 0.0516 -0.00392 1.0 -0.308275 -0.014194 0.000244 0.951191
0.00086 0.05627 -0.00025 1.0 0.022865 0.003943 0.648334 0.761002
-0.00074 -0.05825 0.00249 1.0 -0.428965 0.000791 0.0 0.903321
-0.00034 -0.05524 0.00625 1.0 -0.428843 0.009753 0.001029 0.903326
-0.00033 -0.0566 0.00383 1.0 -0.428891 -0.007685 -0.000211 0.903324
-0.00078 -0.0516 0.00392 1.0 -0.428852 -0.009549 0.000211 0.903324
-0.00086 -0.05627 0.00025 1.0 0.005598 0.005002 0.660299 0.750965


##### Pose: 20 #############################################

0.0 -0.17156 -1.06976 1.0 0.0 0.0 0.707107 0.707107
0.0 0.0 0.6234 1.0 0.0 0.0 0.0 1.0
0.0 0.0 0.0 1.0 0.0 0.0 0.0 1.0
-0.02899 -0.0082 -0.27497 1.0 0.015746 -0.029684 -0.02092 0.999216
0.0 0.0 -0.6234 1.0 0.0 0.0 0.0 1.0
0.00313 0.12307 0.0005 1.0 0.027513 -0.157828 0.098899 0.982116
0.00313 -0.12307 0.0005 1.0 0.054715 0.978882 -0.030795 0.194545
0.00295 0.0 0.10781 1.0 -0.027509 -0.002104 -0.003995 0.999611
0.00295 0.0 0.10781 1.0 -0.013892 -0.001021 -0.002093 0.999901
0.0 0.0 0.12763 1.0 -0.004475 -0.001315 -0.000573 0.999989
-0.00406 0.00155 -0.20992 1.0 -0.003037 0.269268 0.003656 0.963054
0.00406 -0.00155 0.20992 1.0 -0.000386 0.242929 0.001968 0.970042
-0.00508 0.00195 -0.15497 1.0 -0.003435 0.00128 -0.104291 0.99454
-0.00603 0.00231 -0.184 1.0 0.118548 0.358119 -0.096153 0.921114
-0.02319 0.09435 0.08792 1.0 0.266697 0.003167 0.000889 0.963775
-0.02727 0.0 0.12737 1.0 -0.005569 -0.349598 0.013782 0.936782
0.0051 -0.0019 0.155 1.0 -0.000622 0.000244 -0.018956 0.99982
0.00603 -0.00231 0.184 1.0 0.121299 0.410839 -0.015608 0.903468
-0.02319 -0.09435 0.08792 1.0 0.000211 0.966951 -0.254948 -0.002686
0.01955 0.0 0.11236 1.0 0.0 -0.000173 0.043611 0.999049
-0.0012 0.0935 -0.00094 1.0 -0.066798 -0.664471 -0.261603 0.696836
0.1367 0.00103 -0.07412 1.0 0.0 0.0 0.0 1.0
0.0012 -0.0935 0.00094 1.0 -0.122482 -0.753593 -0.349162 0.543306
-0.1367 -0.00103 0.07412 1.0 0.0 0.0 0.0 1.0
0.04184 0.0 0.29363 1.0 0.0 0.0 0.0 1.0
0.0 0.17528 0.00003 1.0 0.012358 0.062663 -0.169873 0.983394
0.21175 -0.00194 0.03537 1.0 0.0 0.0 0.0 1.0
0.01545 -0.00217 0.03772 1.0 0.0 0.0 0.0 1.0
0.20253 -0.00433 0.07298 1.0 0.0 0.0 0.0 1.0
0.0 -0.17528 -0.00003 1.0 0.033012 0.188131 -0.152278 0.969705
0.21133 -0.00375 0.03157 1.0 0.0 0.0 0.0 1.0
0.00301 0.17235 -0.00005 1.0 -0.209301 0.077921 -0.107156 0.968834
0.00309 0.18335 0.00121 1.0 0.0 0.076726 0.0 0.997052
-0.00301 -0.17235 0.00005 1.0 -0.212448 0.249675 0.006719 0.944713
-0.00401 -0.18333 -0.00092 1.0 0.004425 0.253501 0.0 0.967325
0.05434 0.14794 0.03756 1.0 -0.295597 0.059407 -0.17297 0.937643
0.01196 0.15393 0.04553 1.0 -0.315848 0.019688 -0.043283 0.947618
-0.03124 0.14728 0.04113 1.0 -0.328478 -0.024301 0.085302 0.940338
-0.07001 0.1413 0.02956 1.0 -0.337768 -0.071536 0.21125 0.914423
0.09958 0.0939 -0.02147 1.0 -0.201981 -0.223768 -0.160655 0.939852
-0.05434 -0.14794 -0.03756 1.0 -0.340076 0.11653 -0.285237 0.888487
-0.01196 -0.15393 -0.04553 1.0 -0.403098 0.045751 -0.083989 0.910145
0.03124 -0.14728 -0.04113 1.0 -0.440947 -0.070133 0.164855 0.879471
0.07001 -0.1413 -0.02956 1.0 -0.454993 -0.178631 0.386528 0.782093
-0.00249 -0.14826 0.01591 1.0 0.707107 0.0 0.0 0.707107
-0.09958 -0.09391 0.02147 1.0 -0.290136 -0.139452 -0.172842 0.93086
0.00074 0.05825 -0.00249 1.0 -0.308552 0.008994 0.000559 0.951165
0.00034 0.05524 -0.00625 1.0 -0.308671 0.004655 0.000244 0.951157
0.00033 0.0566 -0.00383 1.0 -0.308689 -0.000546 0.0 0.951163
0.00078 0.0516 -0.00392 1.0 -0.308351 -0.014287 0.000173 0.951165
0.00086 0.05627 -0.00025 1.0 0.023259 0.003769 0.647193 0.761962
-0.00074 -0.05825 0.00249 1.0 -0.426457 0.000791 0.0 0.904508
-0.00034 -0.05524 0.00625 1.0 -0.426338 0.010031 0.001139 0.904508
-0.00033 -0.0566 0.00383 1.0 -0.426384 -0.007912 -0.000273 0.904508
-0.00078 -0.0516 0.00392 1.0 -0.426346 -0.00983 0.000122 0.904507
-0.00086 -0.05627 0.00025 1.0 0.005598 0.005002 0.660299 0.750965