# SQEE Animation Format


################################################################################

SECTION Header

BoneCount 56
PoseCount 4
TotalTime 3

Times 1 1 1 0


################################################################################

SECTION Poses


##### Pose: 0 ##############################################

0.0 0.0 0.0 1.0 0.0 0.0 0.707107 0.707107
0.0 0.0 0.6234 1.0 0.0 0.0 0.0 1.0
0.0 0.0 0.0 1.0 0.0 0.0 0.0 1.0
-0.0255 0.04697 -0.26436 1.0 0.018798 0.047615 -0.444889 0.894121
0.0 0.0 -0.6234 1.0 0.0 0.0 0.0 1.0
0.00313 0.12307 0.0005 1.0 0.221449 -0.612916 0.341955 0.677024
0.00313 -0.12307 0.0005 1.0 -0.07349 0.863723 -0.216892 0.448932
0.00295 0.0 0.10781 1.0 0.113521 0.34789 0.015535 0.930508
0.00295 0.0 0.10781 1.0 0.057319 0.177921 0.00702 0.982349
0.0 0.0 0.12763 1.0 0.020182 0.002937 0.047095 0.998682
-0.00395 0.00155 -0.20992 1.0 0.051185 0.851967 -0.064943 0.517025
0.00405 -0.00155 0.20992 1.0 -0.026049 0.791736 0.025351 0.609781
-0.00508 0.00195 -0.15497 1.0 -0.000732 0.0 -0.024137 0.999708
-0.00602 0.00226 -0.184 1.0 -0.039058 -0.343353 -0.030292 0.937905
-0.02319 0.09435 0.08792 1.0 -0.097227 0.030121 0.119449 0.987609
-0.02727 0.0 0.12737 1.0 -0.087196 -0.178348 0.173291 0.964655
0.0051 -0.0019 0.155 1.0 -0.006442 0.002808 -0.178969 0.98383
0.00598 -0.00244 0.184 1.0 -0.180364 -0.466683 -0.154342 0.851971
-0.02319 -0.09435 0.08792 1.0 0.173618 0.981093 0.081148 0.026981
0.01955 0.0 0.11236 1.0 -0.139602 -0.217899 0.279052 0.924749
-0.0012 0.0935 -0.00094 1.0 -0.428708 -0.25803 0.175845 0.847767
0.1367 0.00103 -0.07412 1.0 0.0 -0.025109 0.0 0.999685
0.0012 -0.0935 0.00094 1.0 -0.279902 -0.033984 -0.064942 0.957227
-0.1367 -0.00103 0.07412 1.0 0.000905 -0.009873 0.002313 0.999948
0.04184 0.0 0.29363 1.0 0.0 0.0 0.0 1.0
0.0 0.17528 0.00003 1.0 -0.067276 -0.041995 -0.662925 0.744474
0.21175 -0.00194 0.03537 1.0 0.0 0.0 0.0 1.0
0.01545 -0.00217 0.03772 1.0 0.0 0.0 0.0 1.0
0.20253 -0.00433 0.07298 1.0 0.0 0.0 0.0 1.0
0.0 -0.17528 -0.00003 1.0 -0.053668 -0.364538 -0.315853 0.874339
0.21133 -0.00375 0.03157 1.0 0.0 0.0 0.0 1.0
0.00301 0.17235 0.00103 1.0 -0.010188 -0.072998 -0.125669 0.989331
0.00288 0.18335 0.00241 1.0 0.003332 -0.07693 0.000657 0.997031
-0.00383 -0.17198 -0.00018 1.0 -0.043057 0.207184 -0.05639 0.975726
-0.00446 -0.18304 -0.00138 1.0 0.008143 0.187618 -0.00229 0.982206
0.05434 0.14794 0.03756 1.0 -0.395921 0.041376 -0.100241 0.911859
0.01196 0.15393 0.04553 1.0 -0.441337 0.019254 -0.022387 0.896856
-0.03124 0.14728 0.04113 1.0 -0.485922 -0.019728 0.050724 0.872306
-0.07001 0.1413 0.02956 1.0 -0.522612 -0.053658 0.114581 0.84313
0.09958 0.0939 -0.02147 1.0 -0.211498 -0.027641 0.108724 0.970919
-0.05434 -0.14794 -0.03756 1.0 -0.545137 0.001544 0.006164 0.838323
-0.01196 -0.15393 -0.04553 1.0 -0.547546 0.00368 0.001934 0.836765
0.03124 -0.14728 -0.04113 1.0 -0.549245 0.007525 -0.003765 0.835619
0.07001 -0.1413 -0.02956 1.0 -0.551134 0.010581 -0.008598 0.834305
-0.00249 -0.14826 0.01591 1.0 0.707107 0.0 0.0 0.707107
-0.09958 -0.09391 0.02147 1.0 -0.433336 0.174123 0.280719 0.838509
0.00074 0.05825 -0.00249 1.0 -0.487618 0.008875 0.000173 0.873012
0.00034 0.05524 -0.00625 1.0 -0.474836 0.00849 0.000122 0.880033
0.00033 0.0566 -0.00383 1.0 -0.481104 0.008239 0.000323 0.876625
0.00078 0.0516 -0.00392 1.0 -0.484781 0.009008 -0.000122 0.874589
0.00086 0.05627 -0.00025 1.0 0.011981 0.006909 0.329225 0.94415
-0.00074 -0.05825 0.00249 1.0 -0.548468 0.004978 -0.000122 0.836157
-0.00034 -0.05524 0.00625 1.0 -0.548469 0.004997 -0.000086 0.836156
-0.00033 -0.0566 0.00383 1.0 -0.548467 0.004877 0.0 0.836158
-0.00078 -0.0516 0.00392 1.0 -0.548469 0.005018 0.0 0.836156
-0.00086 -0.05627 0.00025 1.0 0.006546 0.009327 0.625985 0.779752


##### Pose: 1 ##############################################

0.0 0.0 0.0 1.0 0.0 0.0 0.707107 0.707107
0.0 0.0 0.6234 1.0 0.0 0.0 0.0 1.0
0.0 0.0 0.0 1.0 0.0 0.0 0.0 1.0
-0.02564 0.05479 -0.28686 1.0 0.055889 0.033796 -0.479514 0.8751
0.0 0.0 -0.6234 1.0 0.0 0.0 0.0 1.0
0.00313 0.12307 0.0005 1.0 0.210377 -0.601022 0.343859 0.690127
0.00313 -0.12307 0.0005 1.0 -0.079347 0.801013 -0.273409 0.526621
0.00295 0.0 0.10781 1.0 0.062121 0.362385 -0.019259 0.929757
0.00295 0.0 0.10781 1.0 0.034125 0.184311 -0.011115 0.982213
0.0 0.0 0.12763 1.0 0.002713 0.019446 0.048316 0.998639
-0.00395 0.00155 -0.20992 1.0 0.049389 0.872627 -0.051723 0.483123
0.00405 -0.00155 0.20992 1.0 -0.001132 0.842204 -0.008611 0.539089
-0.00508 0.00195 -0.15497 1.0 0.0 -0.000173 -0.00093 1.0
-0.00602 0.00226 -0.184 1.0 -0.069636 -0.372113 -0.006469 0.925549
-0.02319 0.09435 0.08792 1.0 -0.104459 0.014845 0.143558 0.984002
-0.02727 0.0 0.12737 1.0 -0.08125 -0.18427 0.177845 0.963231
0.0051 -0.0019 0.155 1.0 -0.008178 0.003347 -0.234846 0.971992
0.00598 -0.00244 0.184 1.0 -0.187223 -0.469024 -0.202392 0.839048
-0.02319 -0.09435 0.08792 1.0 0.120592 0.990786 0.059704 0.015368
0.01955 0.0 0.11236 1.0 -0.154855 -0.243562 0.31508 0.904114
-0.0012 0.0935 -0.00094 1.0 -0.413118 -0.220532 0.141331 0.872195
0.1367 0.00103 -0.07412 1.0 0.0 -0.025109 0.0 0.999685
0.0012 -0.0935 0.00094 1.0 -0.290509 -0.030152 -0.074529 0.953489
-0.1367 -0.00103 0.07412 1.0 0.001085 -0.009873 0.002313 0.999948
0.04184 0.0 0.29363 1.0 0.0 0.0 0.0 1.0
0.0 0.17528 0.00003 1.0 -0.067247 -0.002342 -0.624835 0.777852
0.21175 -0.00194 0.03537 1.0 0.0 0.0 0.0 1.0
0.01545 -0.00217 0.03772 1.0 0.0 0.0 0.0 1.0
0.20253 -0.00433 0.07298 1.0 0.0 0.0 0.0 1.0
0.0 -0.17528 -0.00003 1.0 -0.049543 -0.389901 -0.343458 0.852971
0.21133 -0.00375 0.03157 1.0 0.0 0.0 0.0 1.0
0.00301 0.17235 0.00076 1.0 0.002013 -0.10183 -0.098107 0.98995
0.00288 0.18335 0.0021 1.0 0.000488 -0.104103 0.000244 0.994566
-0.00343 -0.17198 0.00062 1.0 -0.001171 0.223325 0.005788 0.974726
-0.00408 -0.18304 -0.00048 1.0 0.006171 0.210799 -0.001184 0.977509
0.05434 0.14794 0.03756 1.0 -0.366999 0.043645 -0.106075 0.923122
0.01196 0.15393 0.04553 1.0 -0.418052 0.018979 -0.025051 0.907879
-0.03124 0.14728 0.04113 1.0 -0.463062 -0.019195 0.051701 0.884609
-0.07001 0.1413 0.02956 1.0 -0.505182 -0.058591 0.121664 0.852383
0.09958 0.09391 -0.02147 1.0 -0.18957 -0.006836 0.100086 0.976729
-0.05434 -0.14794 -0.03756 1.0 -0.544942 0.003408 0.003357 0.83846
-0.01196 -0.15393 -0.04553 1.0 -0.54639 0.004196 0.001148 0.83752
0.03124 -0.14728 -0.04113 1.0 -0.547264 0.006471 -0.002249 0.836932
0.07001 -0.1413 -0.02956 1.0 -0.54791 0.007497 -0.004613 0.836491
-0.00249 -0.14826 0.01591 1.0 0.707107 0.0 0.0 0.707107
-0.09958 -0.09391 0.02147 1.0 -0.439895 0.160522 0.27225 0.840598
0.00074 0.05825 -0.00249 1.0 -0.446376 0.008355 0.0 0.894807
0.00034 0.05524 -0.00625 1.0 -0.439807 0.008122 0.0 0.898056
0.00033 0.0566 -0.00383 1.0 -0.443025 0.007945 0.000173 0.896474
0.00078 0.0516 -0.00392 1.0 -0.444915 0.008439 -0.000122 0.895533
0.00086 0.05627 -0.00025 1.0 0.011314 0.006602 0.309721 0.950737
-0.00074 -0.05825 0.00249 1.0 -0.54693 0.004978 -0.000122 0.837164
-0.00034 -0.05524 0.00625 1.0 -0.546931 0.004997 -0.000086 0.837163
-0.00033 -0.0566 0.00383 1.0 -0.546929 0.004877 0.0 0.837165
-0.00078 -0.0516 0.00392 1.0 -0.546931 0.005018 -0.000086 0.837163
-0.00086 -0.05627 0.00025 1.0 0.006368 0.009191 0.643206 0.765612


##### Pose: 2 ##############################################

0.0 0.0 0.0 1.0 0.0 0.0 0.707107 0.707107
0.0 0.0 0.6234 1.0 0.0 0.0 0.0 1.0
0.0 0.0 0.0 1.0 0.0 0.0 0.0 1.0
-0.02579 0.0626 -0.30936 1.0 0.086502 0.026809 -0.515644 0.852004
0.0 0.0 -0.6234 1.0 0.0 0.0 0.0 1.0
0.00313 0.12307 0.0005 1.0 0.199303 -0.588844 0.345462 0.702992
0.00313 -0.12307 0.0005 1.0 -0.096003 0.725386 -0.327776 0.59763
0.00295 0.0 0.10781 1.0 0.011633 0.373697 -0.055533 0.925814
0.00295 0.0 0.10781 1.0 0.011137 0.189825 -0.029536 0.98131
0.0 0.0 0.12763 1.0 -0.014783 0.03599 0.048985 0.998041
-0.00395 0.00155 -0.20992 1.0 0.04664 0.891744 -0.038742 0.44846
0.00405 -0.00155 0.20992 1.0 0.029258 0.884394 -0.037805 0.464287
-0.00508 0.00195 -0.15497 1.0 0.000585 -0.000405 0.022288 0.999751
-0.00602 0.00226 -0.184 1.0 -0.098712 -0.399226 0.019142 0.911322
-0.02319 0.09435 0.08792 1.0 -0.110676 0.000122 0.16784 0.979582
-0.02727 0.0 0.12737 1.0 -0.075253 -0.190211 0.182331 0.961724
0.0051 -0.0019 0.155 1.0 -0.00964 0.003551 -0.289958 0.956984
0.00598 -0.00244 0.184 1.0 -0.194938 -0.468449 -0.249691 0.824748
-0.02319 -0.09435 0.08792 1.0 0.067931 0.997053 0.035632 0.001001
0.01955 0.0 0.11236 1.0 -0.166339 -0.265649 0.35189 0.882006
-0.0012 0.0935 -0.00094 1.0 -0.394794 -0.180677 0.108688 0.894249
0.1367 0.00103 -0.07412 1.0 0.0 -0.025109 0.0 0.999685
0.0012 -0.0935 0.00094 1.0 -0.300916 -0.026555 -0.084201 0.949555
-0.1367 -0.00103 0.07412 1.0 0.001257 -0.009873 0.00231 0.999948
0.04184 0.0 0.29363 1.0 0.0 0.0 0.0 1.0
0.0 0.17528 0.00003 1.0 -0.074351 0.044195 -0.588057 0.804181
0.21175 -0.00194 0.03537 1.0 0.0 0.0 0.0 1.0
0.01545 -0.00217 0.03772 1.0 0.0 0.0 0.0 1.0
0.20253 -0.00433 0.07298 1.0 0.0 0.0 0.0 1.0
0.0 -0.17528 -0.00003 1.0 -0.048426 -0.412316 -0.37121 0.830574
0.21133 -0.00375 0.03157 1.0 0.0 0.0 0.0 1.0
0.00301 0.17235 0.0005 1.0 0.01592 -0.131383 -0.071341 0.988633
0.00288 0.18335 0.0018 1.0 -0.00237 -0.131201 0.000122 0.991353
-0.00303 -0.17198 0.00142 1.0 0.039003 0.232664 0.069033 0.96932
-0.0037 -0.18304 0.00042 1.0 0.00415 0.233866 -0.000173 0.97226
0.05434 0.14794 0.03756 1.0 -0.337714 0.046305 -0.111848 0.933432
0.01196 0.15393 0.04553 1.0 -0.394484 0.018853 -0.027743 0.91829
-0.03124 0.14728 0.04113 1.0 -0.439891 -0.018727 0.052739 0.896306
-0.07001 0.1413 0.02956 1.0 -0.487487 -0.063802 0.12858 0.861251
0.09958 0.0939 -0.02147 1.0 -0.167218 0.014399 0.092508 0.981465
-0.05434 -0.14794 -0.03756 1.0 -0.544734 0.005275 0.000553 0.838592
-0.01196 -0.15393 -0.04553 1.0 -0.545232 0.00471 0.000376 0.838272
0.03124 -0.14728 -0.04113 1.0 -0.545276 0.00541 -0.000748 0.838239
0.07001 -0.1413 -0.02956 1.0 -0.544649 0.004382 -0.000663 0.838652
-0.00249 -0.14826 0.01591 1.0 0.707107 0.0 0.0 0.707107
-0.09958 -0.09391 0.02147 1.0 -0.446672 0.146617 0.264022 0.842188
0.00074 0.05825 -0.00249 1.0 -0.404162 0.007863 -0.000122 0.914654
0.00034 0.05524 -0.00625 1.0 -0.404096 0.007777 -0.000122 0.914684
0.00033 0.0566 -0.00383 1.0 -0.404128 0.007684 0.0 0.91467
0.00078 0.0516 -0.00392 1.0 -0.404147 0.007891 -0.000211 0.91466
0.00086 0.05627 -0.00025 1.0 0.010575 0.006218 0.290086 0.956922
-0.00074 -0.05825 0.00249 1.0 -0.54539 0.004979 -0.000086 0.838168
-0.00034 -0.05524 0.00625 1.0 -0.545391 0.004997 -0.000086 0.838167
-0.00033 -0.0566 0.00383 1.0 -0.54539 0.004876 -0.000086 0.838168
-0.00078 -0.0516 0.00392 1.0 -0.545391 0.005018 0.0 0.838167
-0.00086 -0.05627 0.00025 1.0 0.005451 0.008313 0.660052 0.751154


##### Pose: 3 ##############################################

0.0 0.0 0.0 1.0 0.0 0.0 0.707107 0.707107
0.0 0.0 0.6234 1.0 0.0 0.0 0.0 1.0
0.0 0.0 0.0 1.0 0.0 0.0 0.0 1.0
-0.02559 0.05218 -0.27936 1.0 0.044222 0.03766 -0.467744 0.881953
0.0 0.0 -0.6234 1.0 0.0 0.0 0.0 1.0
0.00313 0.12307 0.0005 1.0 0.214068 -0.605018 0.343258 0.685786
0.00313 -0.12307 0.0005 1.0 -0.076179 0.823386 -0.254706 0.501355
0.00295 0.0 0.10781 1.0 0.079164 0.3579 -0.007482 0.930368
0.00295 0.0 0.10781 1.0 0.041835 0.182278 -0.005036 0.982344
0.0 0.0 0.12763 1.0 0.008541 0.013938 0.047971 0.998715
-0.00395 0.00155 -0.20992 1.0 0.050094 0.86591 -0.056106 0.494512
0.00405 -0.00155 0.20992 1.0 -0.010083 0.826282 0.002221 0.563162
-0.00508 0.00195 -0.15497 1.0 -0.000299 0.0 -0.008663 0.999962
-0.00602 0.00226 -0.184 1.0 -0.059604 -0.362704 -0.014614 0.929882
-0.02319 0.09435 0.08792 1.0 -0.10216 0.019872 0.1355 0.985296
-0.02727 0.0 0.12737 1.0 -0.083238 -0.182294 0.176334 0.963715
0.0051 -0.0019 0.155 1.0 -0.00763 0.003204 -0.216296 0.976293
0.00598 -0.00244 0.184 1.0 -0.184842 -0.468567 -0.186449 0.843514
-0.02319 -0.09435 0.08792 1.0 0.138243 0.987925 0.067156 0.019574
0.01955 0.0 0.11236 1.0 -0.150187 -0.235402 0.302962 0.911177
-0.0012 0.0935 -0.00094 1.0 -0.418626 -0.233302 0.15264 0.864305
0.1367 0.00103 -0.07412 1.0 0.0 -0.025109 0.0 0.999685
0.0012 -0.0935 0.00094 1.0 -0.286995 -0.031403 -0.071323 0.954757
-0.1367 -0.00103 0.07412 1.0 0.001014 -0.009873 0.002313 0.999948
0.04184 0.0 0.29363 1.0 0.0 0.0 0.0 1.0
0.0 0.17528 0.00003 1.0 -0.066441 -0.016368 -0.637445 0.767451
0.21175 -0.00194 0.03537 1.0 0.0 0.0 0.0 1.0
0.01545 -0.00217 0.03772 1.0 0.0 0.0 0.0 1.0
0.20253 -0.00433 0.07298 1.0 0.0 0.0 0.0 1.0
0.0 -0.17528 -0.00003 1.0 -0.050583 -0.381773 -0.334224 0.860224
0.21133 -0.00375 0.03157 1.0 0.0 0.0 0.0 1.0
0.00301 0.17235 0.00085 1.0 -0.002248 -0.092133 -0.107212 0.989956
0.00288 0.18335 0.00221 1.0 0.001444 -0.095053 0.000386 0.995471
-0.00356 -0.17198 0.00035 1.0 -0.014963 0.218691 -0.015094 0.975563
-0.0042 -0.18304 -0.00078 1.0 0.006834 0.203084 -0.001544 0.979136
0.05434 0.14794 0.03756 1.0 -0.376681 0.042845 -0.104136 0.919473
0.01196 0.15393 0.04553 1.0 -0.425846 0.019054 -0.02416 0.904272
-0.03124 0.14728 0.04113 1.0 -0.470717 -0.019365 0.051369 0.880575
-0.07001 0.1413 0.02956 1.0 -0.511021 -0.056916 0.119321 0.849341
0.09958 0.0939 -0.02147 1.0 -0.196929 -0.01382 0.102849 0.97491
-0.05434 -0.14794 -0.03756 1.0 -0.545009 0.002789 0.004295 0.838415
-0.01196 -0.15393 -0.04553 1.0 -0.546776 0.004025 0.001408 0.837268
0.03124 -0.14728 -0.04113 1.0 -0.547925 0.006824 -0.002754 0.836495
0.07001 -0.1413 -0.02956 1.0 -0.548988 0.008528 -0.005939 0.835766
-0.00249 -0.14826 0.01591 1.0 0.707107 0.0 0.0 0.707107
-0.09958 -0.09391 0.02147 1.0 -0.437684 0.16509 0.275047 0.839957
0.00074 0.05825 -0.00249 1.0 -0.460235 0.008525 0.000122 0.887756
0.00034 0.05524 -0.00625 1.0 -0.451562 0.008242 0.000122 0.892202
0.00033 0.0566 -0.00383 1.0 -0.455812 0.008039 0.000211 0.89004
0.00078 0.0516 -0.00392 1.0 -0.458308 0.008626 -0.000122 0.888752
0.00086 0.05627 -0.00025 1.0 0.011545 0.006714 0.316237 0.948586
-0.00074 -0.05825 0.00249 1.0 -0.547443 0.004978 -0.000122 0.836828
-0.00034 -0.05524 0.00625 1.0 -0.547444 0.004997 -0.000086 0.836827
-0.00033 -0.0566 0.00383 1.0 -0.547442 0.004877 0.0 0.83683
-0.00078 -0.0516 0.00392 1.0 -0.547444 0.005018 0.0 0.836827
-0.00086 -0.05627 0.00025 1.0 0.006508 0.009317 0.637505 0.770362