# SQEE Animation Format


################################################################################

SECTION Header

BoneCount 56
PoseCount 8
TotalTime 7

Times 1 1 1 1 1 1 1 0


################################################################################

SECTION Poses


##### Pose: 0 ##############################################

0.0 0.0 0.0 1.0 0.0 0.0 0.707107 0.707107
0.0 0.0 0.6234 1.0 0.0 0.0 0.0 1.0
0.0 0.0 0.0 1.0 0.0 0.0 0.0 1.0
0.06636 -0.01515 -0.1262 1.0 -0.013327 -0.037081 -0.674577 0.737152
0.2 0.0 0.02541 1.0 0.0 0.0 0.0 1.0
0.00313 0.12307 0.0005 1.0 0.059713 -0.040413 0.304331 0.949834
0.00313 -0.12307 0.0005 1.0 -0.093435 0.966698 -0.222987 0.083915
0.00295 0.0 0.10781 1.0 -0.022622 0.065348 0.066084 0.995415
0.00295 0.0 0.10781 1.0 -0.012388 0.032298 0.033113 0.998853
0.0 0.0 0.12763 1.0 -0.014404 0.036378 0.049003 0.998032
-0.00406 0.00155 -0.20992 1.0 -0.002264 0.453711 0.004765 0.891133
0.00406 -0.00155 0.20992 1.0 -0.00064 0.509848 0.00668 0.860238
-0.00508 0.00195 -0.15497 1.0 0.004292 -0.001647 0.130808 0.991397
-0.00603 0.00231 -0.184 1.0 -0.033617 -0.390308 0.116826 0.912623
-0.02319 0.09435 0.08792 1.0 -0.008059 -0.000503 -0.001696 0.999966
-0.02727 0.0 0.12737 1.0 -0.009631 0.066947 0.191213 0.979216
0.0051 -0.0019 0.155 1.0 -0.004736 0.001831 -0.144289 0.989523
0.00602 -0.0023 0.184 1.0 -0.15972 -0.344047 -0.132723 0.9157
-0.02319 -0.09435 0.08792 1.0 -0.01716 0.999803 0.008671 -0.004929
0.01955 0.0 0.11236 1.0 0.000366 -0.062389 0.380086 0.922845
-0.0012 0.0935 -0.00094 1.0 -0.294271 -0.306389 0.186545 0.885851
0.1367 0.00103 -0.07412 1.0 0.0 -0.024996 0.000244 0.999688
0.0012 -0.0935 0.00094 1.0 -0.249719 0.153454 -0.26646 0.9182
-0.1367 -0.00103 0.07412 1.0 0.000691 -0.074892 0.002284 0.997189
0.04184 0.0 0.29363 1.0 0.0 0.0 0.0 1.0
0.0 0.17528 0.00003 1.0 -0.045088 -0.033628 -0.790535 0.609828
0.21175 -0.00194 0.03537 1.0 0.0 0.0 0.0 1.0
0.01545 -0.00217 0.03772 1.0 0.0 0.0 0.0 1.0
0.20253 -0.00433 0.07298 1.0 0.0 0.0 0.0 1.0
0.0 -0.17528 -0.00003 1.0 -0.149874 -0.243806 -0.487395 0.82495
0.21133 -0.00375 0.03157 1.0 0.0 0.0 0.0 1.0
0.00301 0.17235 -0.00005 1.0 -0.140719 -0.081481 -0.071072 0.984128
0.00288 0.18335 0.00117 1.0 -0.0015 -0.086561 -0.000122 0.996245
-0.00303 -0.17235 0.00004 1.0 -0.124952 -0.411253 -0.050813 0.901486
-0.00219 -0.18336 -0.00069 1.0 -0.007273 -0.41664 0.0 0.909042
0.05434 0.14794 0.03756 1.0 -0.350648 0.045866 -0.104961 0.929476
0.01196 0.15393 0.04553 1.0 -0.407194 0.019001 -0.025963 0.912775
-0.03124 0.14728 0.04113 1.0 -0.452493 -0.016861 0.049484 0.890234
-0.07001 0.1413 0.02956 1.0 -0.500346 -0.060994 0.120095 0.855284
0.09958 0.09391 -0.02147 1.0 -0.178799 0.02647 0.105846 0.977817
-0.05434 -0.14794 -0.03756 1.0 -0.544107 0.005066 0.0 0.839001
-0.01196 -0.15393 -0.04553 1.0 -0.545886 0.005012 0.0 0.837845
0.03124 -0.14728 -0.04113 1.0 -0.547405 0.00489 0.0 0.836854
0.07001 -0.1413 -0.02956 1.0 -0.549176 0.004886 0.0 0.835692
-0.00249 -0.14826 0.01591 1.0 0.707107 0.0 0.0 0.707107
-0.09958 -0.09391 0.02147 1.0 -0.445 0.145385 0.268045 0.842016
0.00074 0.05825 -0.00249 1.0 -0.416685 0.007858 -0.000386 0.909017
0.00034 0.05524 -0.00625 1.0 -0.416686 0.007801 -0.000386 0.909017
0.00033 0.0566 -0.00383 1.0 -0.416685 0.007868 -0.000299 0.909017
0.00078 0.0516 -0.00392 1.0 -0.416685 0.007881 -0.000345 0.909017
0.00086 0.05627 -0.00025 1.0 0.010775 0.00631 0.306146 0.951903
-0.00074 -0.05825 0.00249 1.0 -0.546645 0.004913 0.0 0.83735
-0.00034 -0.05524 0.00625 1.0 -0.546646 0.004859 0.0 0.83735
-0.00033 -0.0566 0.00383 1.0 -0.546646 0.004885 -0.000086 0.83735
-0.00078 -0.0516 0.00392 1.0 -0.546645 0.004922 -0.000086 0.83735
-0.00086 -0.05627 0.00025 1.0 0.005418 0.008317 0.660266 0.750966


##### Pose: 1 ##############################################

0.0 0.0 0.0 1.0 0.0 0.0 0.707107 0.707107
0.0 0.0 0.6234 1.0 0.0 0.0 0.0 1.0
0.0 0.0 0.0 1.0 0.0 0.0 0.0 1.0
0.06376 -0.01553 -0.13064 1.0 -0.027885 -0.055332 -0.666736 0.742714
0.2 0.0 0.02541 1.0 0.0 0.0 0.0 1.0
0.00313 0.12307 0.0005 1.0 0.068664 -0.03144 0.299958 0.950958
0.00313 -0.12307 0.0005 1.0 -0.102322 0.968657 -0.218253 0.059996
0.00295 0.0 0.10781 1.0 -0.026328 0.081663 0.05589 0.994743
0.00295 0.0 0.10781 1.0 -0.01418 0.040761 0.027904 0.998679
0.0 0.0 0.12763 1.0 -0.014404 0.036378 0.049003 0.998032
-0.00406 0.00155 -0.20992 1.0 -0.002241 0.47651 0.004957 0.879152
0.00406 -0.00155 0.20992 1.0 -0.000598 0.528607 0.006856 0.848839
-0.00508 0.00195 -0.15497 1.0 0.004138 -0.001615 0.127888 0.991779
-0.00603 0.00231 -0.184 1.0 -0.022079 -0.400042 0.112892 0.909249
-0.02319 0.09435 0.08792 1.0 -0.019788 -0.001326 -0.004246 0.999794
-0.02727 0.0 0.12737 1.0 -0.009631 0.066947 0.191213 0.979216
0.0051 -0.0019 0.155 1.0 -0.004487 0.001731 -0.137259 0.990524
0.00602 -0.0023 0.184 1.0 -0.161551 -0.360152 -0.125496 0.910188
-0.02319 -0.09435 0.08792 1.0 0.041798 -0.998826 -0.021145 0.012343
0.01955 0.0 0.11236 1.0 -0.013064 -0.048296 0.387663 0.920442
-0.0012 0.0935 -0.00094 1.0 -0.23594 -0.335868 0.122563 0.903606
0.1367 0.00103 -0.07412 1.0 0.0 -0.024996 0.000244 0.999688
0.0012 -0.0935 0.00094 1.0 -0.266622 0.114017 -0.239749 0.926517
-0.1367 -0.00103 0.07412 1.0 0.000691 -0.074892 0.002284 0.997189
0.04184 0.0 0.29363 1.0 0.0 0.0 0.0 1.0
0.0 0.17528 0.00003 1.0 -0.062281 -0.061838 -0.695679 0.712971
0.21175 -0.00194 0.03537 1.0 0.0 0.0 0.0 1.0
0.01545 -0.00217 0.03772 1.0 0.0 0.0 0.0 1.0
0.20253 -0.00433 0.07298 1.0 0.0 0.0 0.0 1.0
0.0 -0.17528 -0.00003 1.0 -0.16454 -0.233775 -0.537398 0.793397
0.21133 -0.00375 0.03157 1.0 0.0 0.0 0.0 1.0
0.00301 0.17235 -0.00005 1.0 -0.117036 -0.127767 -0.0827 0.981396
0.00288 0.18335 0.00117 1.0 -0.002316 -0.131333 0.0 0.991336
-0.00303 -0.17235 0.00004 1.0 -0.140911 -0.408572 -0.069332 0.899114
-0.00219 -0.18336 -0.00069 1.0 -0.007273 -0.416637 0.0 0.909044
0.05434 0.14794 0.03756 1.0 -0.369642 0.044374 -0.094129 0.923328
0.01196 0.15393 0.04553 1.0 -0.425283 0.018617 -0.023335 0.904568
-0.03124 0.14728 0.04113 1.0 -0.470494 -0.014816 0.044152 0.881173
-0.07001 0.1413 0.02956 1.0 -0.518656 -0.056525 0.107559 0.846305
0.09958 0.0939 -0.02147 1.0 -0.196278 0.042576 0.125511 0.97155
-0.05434 -0.14794 -0.03756 1.0 -0.543134 0.005066 0.0 0.839631
-0.01196 -0.15393 -0.04553 1.0 -0.548313 0.005012 -0.000086 0.836258
0.03124 -0.14728 -0.04113 1.0 -0.552734 0.00489 0.0 0.833343
0.07001 -0.1413 -0.02956 1.0 -0.55767 0.004886 0.0 0.830048
-0.00249 -0.14826 0.01591 1.0 0.707107 0.0 0.0 0.707107
-0.09958 -0.09391 0.02147 1.0 -0.442484 0.14327 0.274057 0.841769
0.00074 0.05825 -0.00249 1.0 -0.434734 0.008201 -0.000366 0.900522
0.00034 0.05524 -0.00625 1.0 -0.434735 0.00816 -0.000345 0.900521
0.00033 0.0566 -0.00383 1.0 -0.434734 0.00821 -0.000323 0.900521
0.00078 0.0516 -0.00392 1.0 -0.434734 0.008224 -0.000323 0.900521
0.00086 0.05627 -0.00025 1.0 0.011743 0.006925 0.328147 0.944528
-0.00074 -0.05825 0.00249 1.0 -0.550525 0.004913 0.0 0.834804
-0.00034 -0.05524 0.00625 1.0 -0.550526 0.004859 0.0 0.834804
-0.00033 -0.0566 0.00383 1.0 -0.550525 0.004885 -0.000086 0.834804
-0.00078 -0.0516 0.00392 1.0 -0.550525 0.004922 -0.000086 0.834804
-0.00086 -0.05627 0.00025 1.0 0.005418 0.008317 0.660266 0.750966


##### Pose: 2 ##############################################

0.0 0.0 0.0 1.0 0.0 0.0 0.707107 0.707107
0.0 0.0 0.6234 1.0 0.0 0.0 0.0 1.0
0.0 0.0 0.0 1.0 0.0 0.0 0.0 1.0
0.06115 -0.01591 -0.13507 1.0 -0.047002 -0.077806 -0.656647 0.7487
0.2 0.0 0.02541 1.0 0.0 0.0 0.0 1.0
0.00313 0.12307 0.0005 1.0 0.083441 -0.020551 0.294007 0.951932
0.00313 -0.12307 0.0005 1.0 -0.110592 0.970697 -0.211397 0.028775
0.00295 0.0 0.10781 1.0 -0.029909 0.100115 0.043855 0.993559
0.00295 0.0 0.10781 1.0 -0.015721 0.050602 0.021958 0.998354
0.0 0.0 0.12763 1.0 -0.014404 0.036378 0.049003 0.998032
-0.00406 0.00155 -0.20992 1.0 -0.002271 0.50372 0.005196 0.863848
0.00406 -0.00155 0.20992 1.0 -0.000669 0.550247 0.006935 0.834973
-0.00508 0.00195 -0.15497 1.0 0.003856 -0.001554 0.121514 0.992581
-0.00603 0.00231 -0.184 1.0 -0.015408 -0.41189 0.106133 0.904901
-0.02319 0.09435 0.08792 1.0 -0.03354 -0.002332 -0.007104 0.999409
-0.02727 0.0 0.12737 1.0 -0.009631 0.066947 0.191213 0.979216
0.0051 -0.0019 0.155 1.0 -0.004145 0.001606 -0.128741 0.991668
0.00602 -0.0023 0.184 1.0 -0.162687 -0.377202 -0.116989 0.904193
-0.02319 -0.09435 0.08792 1.0 0.073892 -0.996434 -0.035695 0.019626
0.01955 0.0 0.11236 1.0 -0.028164 -0.032117 0.395851 0.917321
-0.0012 0.0935 -0.00094 1.0 -0.173844 -0.358671 0.046561 0.915951
0.1367 0.00103 -0.07412 1.0 0.0 -0.024996 0.000244 0.999688
0.0012 -0.0935 0.00094 1.0 -0.294556 0.0626 -0.221289 0.92755
-0.1367 -0.00103 0.07412 1.0 0.000691 -0.074892 0.002284 0.997189
0.04184 0.0 0.29363 1.0 0.0 0.0 0.0 1.0
0.0 0.17528 0.00003 1.0 -0.074743 -0.101684 -0.573427 0.809478
0.21175 -0.00194 0.03537 1.0 0.0 0.0 0.0 1.0
0.01545 -0.00217 0.03772 1.0 0.0 0.0 0.0 1.0
0.20253 -0.00433 0.07298 1.0 0.0 0.0 0.0 1.0
0.0 -0.17528 -0.00003 1.0 -0.176779 -0.22429 -0.579916 0.762981
0.21133 -0.00375 0.03157 1.0 0.0 0.0 0.0 1.0
0.00301 0.17235 -0.00005 1.0 -0.093215 -0.192478 -0.095447 0.97219
0.00288 0.18335 0.00117 1.0 -0.003157 -0.187763 -0.000122 0.982209
-0.00303 -0.17235 0.00004 1.0 -0.160081 -0.405534 -0.092737 0.895163
-0.00219 -0.18336 -0.00069 1.0 -0.007273 -0.416633 0.0 0.909046
0.05434 0.14794 0.03756 1.0 -0.391664 0.04221 -0.082087 0.915467
0.01196 0.15393 0.04553 1.0 -0.447008 0.018048 -0.020333 0.894117
-0.03124 0.14728 0.04113 1.0 -0.492027 -0.012229 0.038107 0.86966
-0.07001 0.1413 0.02956 1.0 -0.540276 -0.050477 0.093428 0.83476
0.09958 0.09391 -0.02147 1.0 -0.217389 0.05993 0.14696 0.963096
-0.05434 -0.14794 -0.03756 1.0 -0.54216 0.005066 0.0 0.84026
-0.01196 -0.15393 -0.04553 1.0 -0.550737 0.005012 -0.000086 0.834664
0.03124 -0.14728 -0.04113 1.0 -0.55804 0.00489 0.0 0.8298
0.07001 -0.1413 -0.02956 1.0 -0.566106 0.004885 -0.000086 0.824318
-0.00249 -0.14826 0.01591 1.0 0.707107 0.0 0.0 0.707107
-0.09958 -0.09391 0.02147 1.0 -0.439522 0.140904 0.281187 0.841368
0.00074 0.05825 -0.00249 1.0 -0.456418 0.008617 -0.000366 0.889724
0.00034 0.05524 -0.00625 1.0 -0.456418 0.00857 -0.000366 0.889724
0.00033 0.0566 -0.00383 1.0 -0.456418 0.008612 -0.000323 0.889724
0.00078 0.0516 -0.00392 1.0 -0.456417 0.008629 -0.000366 0.889724
0.00086 0.05627 -0.00025 1.0 0.012901 0.007645 0.356409 0.93421
-0.00074 -0.05825 0.00249 1.0 -0.554393 0.004913 0.0 0.832241
-0.00034 -0.05524 0.00625 1.0 -0.554394 0.004859 0.0 0.83224
-0.00033 -0.0566 0.00383 1.0 -0.554393 0.004884 -0.000122 0.832241
-0.00078 -0.0516 0.00392 1.0 -0.554393 0.004922 -0.000086 0.83224
-0.00086 -0.05627 0.00025 1.0 0.005418 0.008317 0.660266 0.750966


##### Pose: 3 ##############################################

0.0 0.0 0.0 1.0 0.0 0.0 0.707107 0.707107
0.0 0.0 0.6234 1.0 0.0 0.0 0.0 1.0
0.0 0.0 0.0 1.0 0.0 0.0 0.0 1.0
0.05855 -0.01629 -0.1395 1.0 -0.069283 -0.102339 -0.644922 0.75419
0.2 0.0 0.02541 1.0 0.0 0.0 0.0 1.0
0.00313 0.12307 0.0005 1.0 0.103198 -0.006318 0.285802 0.952695
0.00313 -0.12307 0.0005 1.0 -0.117862 0.972625 -0.200134 -0.00745
0.00295 0.0 0.10781 1.0 -0.032998 0.121772 0.030282 0.991547
0.00295 0.0 0.10781 1.0 -0.016876 0.061252 0.015291 0.997863
0.0 0.0 0.12763 1.0 -0.014404 0.036378 0.049003 0.998032
-0.00406 0.00155 -0.20992 1.0 -0.002221 0.533083 0.005444 0.846043
0.00406 -0.00155 0.20992 1.0 -0.000791 0.571085 0.006847 0.820862
-0.00508 0.00195 -0.15497 1.0 0.003498 -0.00147 0.109815 0.993945
-0.00603 0.00231 -0.184 1.0 -0.017324 -0.425817 0.094822 0.89966
-0.02319 0.09435 0.08792 1.0 -0.048907 -0.003521 -0.010182 0.998745
-0.02727 0.0 0.12737 1.0 -0.009631 0.066947 0.191213 0.979216
0.0051 -0.0019 0.155 1.0 -0.003723 0.001465 -0.118729 0.992919
0.00602 -0.0023 0.184 1.0 -0.16262 -0.394582 -0.106159 0.898104
-0.02319 -0.09435 0.08792 1.0 0.109814 -0.992283 -0.051124 0.02649
0.01955 0.0 0.11236 1.0 -0.044843 -0.014121 0.404523 0.913319
-0.0012 0.0935 -0.00094 1.0 -0.131217 -0.368758 0.007139 0.92019
0.1367 0.00103 -0.07412 1.0 0.0 -0.024996 0.000244 0.999688
0.0012 -0.0935 0.00094 1.0 -0.32483 0.006638 -0.219891 0.919831
-0.1367 -0.00103 0.07412 1.0 0.000691 -0.074892 0.002284 0.997189
0.04184 0.0 0.29363 1.0 0.0 0.0 0.0 1.0
0.0 0.17528 0.00003 1.0 -0.090249 -0.143071 -0.511012 0.842765
0.21175 -0.00194 0.03537 1.0 0.0 0.0 0.0 1.0
0.01545 -0.00217 0.03772 1.0 0.0 0.0 0.0 1.0
0.20253 -0.00433 0.07298 1.0 0.0 0.0 0.0 1.0
0.0 -0.17528 -0.00003 1.0 -0.184865 -0.217369 -0.608142 0.740769
0.21133 -0.00375 0.03157 1.0 0.0 0.0 0.0 1.0
0.00301 0.17235 -0.00005 1.0 -0.0758 -0.255361 -0.127344 0.955421
0.00288 0.18335 0.00117 1.0 -0.004067 -0.253648 -0.000173 0.967288
-0.00303 -0.17235 0.00004 1.0 -0.181246 -0.402137 -0.1188 0.889563
-0.00219 -0.18336 -0.00069 1.0 -0.007273 -0.41663 0.0 0.909047
0.05434 0.14794 0.03756 1.0 -0.416535 0.039266 -0.068953 0.90565
0.01196 0.15393 0.04553 1.0 -0.471586 0.017233 -0.017198 0.881484
-0.03124 0.14728 0.04113 1.0 -0.515676 -0.009232 0.031618 0.85615
-0.07001 0.1413 0.02956 1.0 -0.564312 -0.042926 0.077884 0.820758
0.09958 0.09391 -0.02147 1.0 -0.2439 0.078147 0.169377 0.951692
-0.05434 -0.14794 -0.03756 1.0 -0.541185 0.005066 0.0 0.840888
-0.01196 -0.15393 -0.04553 1.0 -0.553155 0.005011 -0.000122 0.833063
0.03124 -0.14728 -0.04113 1.0 -0.563323 0.004889 0.0 0.826222
0.07001 -0.1413 -0.02956 1.0 -0.574483 0.004885 -0.000086 0.818502
-0.00249 -0.14826 0.01591 1.0 0.707107 0.0 0.0 0.707107
-0.09958 -0.09391 0.02147 1.0 -0.4363 0.13828 0.288755 0.840917
0.00074 0.05825 -0.00249 1.0 -0.480959 0.009068 -0.000386 0.876696
0.00034 0.05524 -0.00625 1.0 -0.480959 0.009018 -0.000366 0.876697
0.00033 0.0566 -0.00383 1.0 -0.480959 0.009043 -0.000345 0.876696
0.00078 0.0516 -0.00392 1.0 -0.480959 0.009061 -0.000386 0.876696
0.00086 0.05627 -0.00025 1.0 0.014022 0.008395 0.387527 0.921713
-0.00074 -0.05825 0.00249 1.0 -0.558249 0.004912 -0.000086 0.829659
-0.00034 -0.05524 0.00625 1.0 -0.55825 0.004858 0.0 0.829659
-0.00033 -0.0566 0.00383 1.0 -0.558249 0.004884 -0.000122 0.829659
-0.00078 -0.0516 0.00392 1.0 -0.558249 0.004921 -0.000122 0.829659
-0.00086 -0.05627 0.00025 1.0 0.005418 0.008317 0.660266 0.750966


##### Pose: 4 ##############################################

0.0 0.0 0.0 1.0 0.0 0.0 0.707107 0.707107
0.0 0.0 0.6234 1.0 0.0 0.0 0.0 1.0
0.0 0.0 0.0 1.0 0.0 0.0 0.0 1.0
0.05595 -0.01666 -0.14393 1.0 -0.093119 -0.127502 -0.63112 0.759447
0.2 0.0 0.02541 1.0 0.0 0.0 0.0 1.0
0.00313 0.12307 0.0005 1.0 0.12575 0.009605 0.274267 0.953348
0.00313 -0.12307 0.0005 1.0 0.12344 -0.973942 0.184124 0.047938
0.00295 0.0 0.10781 1.0 -0.035159 0.143806 0.015962 0.988852
0.00295 0.0 0.10781 1.0 -0.017602 0.072433 0.008266 0.997184
0.0 0.0 0.12763 1.0 -0.014404 0.036378 0.049003 0.998032
-0.00406 0.00155 -0.20992 1.0 -0.002066 0.560524 0.005782 0.828116
0.00406 -0.00155 0.20992 1.0 -0.000841 0.587671 0.006494 0.809074
-0.00508 0.00195 -0.15497 1.0 0.003098 -0.001381 0.094636 0.995506
-0.00603 0.00231 -0.184 1.0 -0.026203 -0.439659 0.080395 0.894176
-0.02319 0.09435 0.08792 1.0 -0.065074 -0.004874 -0.013389 0.997779
-0.02727 0.0 0.12737 1.0 -0.009631 0.066947 0.191213 0.979216
0.0051 -0.0019 0.155 1.0 -0.003248 0.001303 -0.106849 0.994269
0.00602 -0.0023 0.184 1.0 -0.159255 -0.392267 -0.096568 0.900799
-0.02319 -0.09435 0.08792 1.0 0.147675 -0.986251 -0.066803 0.032224
0.01955 0.0 0.11236 1.0 -0.061858 0.004161 0.413159 0.908546
-0.0012 0.0935 -0.00094 1.0 -0.110274 -0.37335 0.021808 0.920855
0.1367 0.00103 -0.07412 1.0 0.0 -0.024996 0.000244 0.999688
0.0012 -0.0935 0.00094 1.0 -0.347948 -0.045033 -0.238413 0.905574
-0.1367 -0.00103 0.07412 1.0 0.000691 -0.074892 0.002284 0.997189
0.04184 0.0 0.29363 1.0 0.0 0.0 0.0 1.0
0.0 0.17528 0.00003 1.0 -0.121534 -0.178785 -0.534717 0.816911
0.21175 -0.00194 0.03537 1.0 0.0 0.0 0.0 1.0
0.01545 -0.00217 0.03772 1.0 0.0 0.0 0.0 1.0
0.20253 -0.00433 0.07298 1.0 0.0 0.0 0.0 1.0
0.0 -0.17528 -0.00003 1.0 -0.187745 -0.214908 -0.617821 0.73271
0.21133 -0.00375 0.03157 1.0 0.0 0.0 0.0 1.0
0.00301 0.17235 -0.00005 1.0 -0.063396 -0.314287 -0.161613 0.93332
0.00288 0.18335 0.00117 1.0 -0.004988 -0.320018 -0.000173 0.947398
-0.00303 -0.17235 0.00004 1.0 -0.203296 -0.398571 -0.147008 0.882157
-0.00219 -0.18336 -0.00069 1.0 -0.007273 -0.416627 0.0 0.909048
0.05434 0.14794 0.03756 1.0 -0.442787 0.035438 -0.055388 0.894212
0.01196 0.15393 0.04553 1.0 -0.497019 0.016394 -0.013951 0.867473
-0.03124 0.14728 0.04113 1.0 -0.540678 -0.005947 0.025137 0.840833
-0.07001 0.1413 0.02956 1.0 -0.589254 -0.034284 0.061908 0.804843
0.09958 0.0939 -0.02147 1.0 -0.272414 0.095637 0.191842 0.937998
-0.05434 -0.14794 -0.03756 1.0 -0.54021 0.005066 0.0 0.841515
-0.01196 -0.15393 -0.04553 1.0 -0.555569 0.005011 -0.000122 0.831455
0.03124 -0.14728 -0.04113 1.0 -0.568584 0.004889 0.0 0.822611
0.07001 -0.1413 -0.02956 1.0 -0.582801 0.004884 -0.00015 0.8126
-0.00249 -0.14826 0.01591 1.0 0.707107 0.0 0.0 0.707107
-0.09958 -0.09391 0.02147 1.0 -0.432908 0.135669 0.296615 0.84036
0.00074 0.05825 -0.00249 1.0 -0.506358 0.009524 -0.00044 0.862271
0.00034 0.05524 -0.00625 1.0 -0.506358 0.009481 -0.000405 0.862271
0.00033 0.0566 -0.00383 1.0 -0.506358 0.009495 -0.000386 0.862271
0.00078 0.0516 -0.00392 1.0 -0.506358 0.009516 -0.000405 0.862271
0.00086 0.05627 -0.00025 1.0 0.015128 0.009069 0.419783 0.907453
-0.00074 -0.05825 0.00249 1.0 -0.562093 0.004912 -0.000122 0.827059
-0.00034 -0.05524 0.00625 1.0 -0.562094 0.004858 0.0 0.827059
-0.00033 -0.0566 0.00383 1.0 -0.562093 0.004884 -0.00015 0.82706
-0.00078 -0.0516 0.00392 1.0 -0.562093 0.004921 -0.000122 0.827059
-0.00086 -0.05627 0.00025 1.0 0.005418 0.008317 0.660266 0.750966


##### Pose: 5 ##############################################

0.0 0.0 0.0 1.0 0.0 0.0 0.707107 0.707107
0.0 0.0 0.6234 1.0 0.0 0.0 0.0 1.0
0.0 0.0 0.0 1.0 0.0 0.0 0.0 1.0
0.05335 -0.01704 -0.14836 1.0 -0.116941 -0.151363 -0.616337 0.7639
0.2 0.0 0.02541 1.0 0.0 0.0 0.0 1.0
0.00313 0.12307 0.0005 1.0 0.149845 0.026184 0.258878 0.953857
0.00313 -0.12307 0.0005 1.0 0.12812 -0.974167 0.165186 0.085425
0.00295 0.0 0.10781 1.0 -0.036484 0.166227 0.001918 0.985411
0.00295 0.0 0.10781 1.0 -0.017876 0.083307 0.001263 0.996363
0.0 0.0 0.12763 1.0 -0.014404 0.036378 0.049003 0.998032
-0.00406 0.00155 -0.20992 1.0 -0.001713 0.584831 0.006223 0.811129
0.00406 -0.00155 0.20992 1.0 -0.000752 0.601025 0.005839 0.799209
-0.00508 0.00195 -0.15497 1.0 0.002694 -0.001309 0.077301 0.997003
-0.00603 0.00231 -0.184 1.0 -0.040504 -0.451067 0.06462 0.889226
-0.02319 0.09435 0.08792 1.0 -0.081229 -0.006332 -0.016553 0.996538
-0.02727 0.0 0.12737 1.0 -0.009631 0.066947 0.191213 0.979216
0.0051 -0.0019 0.155 1.0 -0.00274 0.001105 -0.093093 0.995653
0.00602 -0.0023 0.184 1.0 -0.154821 -0.388061 -0.084317 0.904616
-0.02319 -0.09435 0.08792 1.0 0.185475 -0.978641 -0.080953 0.036161
0.01955 0.0 0.11236 1.0 -0.076284 0.020607 0.421175 0.903531
-0.0012 0.0935 -0.00094 1.0 -0.091694 -0.385899 0.056904 0.916208
0.1367 0.00103 -0.07412 1.0 0.0 -0.024996 0.000244 0.999688
0.0012 -0.0935 0.00094 1.0 -0.359051 -0.090594 -0.26958 0.888933
-0.1367 -0.00103 0.07412 1.0 0.000691 -0.074892 0.002284 0.997189
0.04184 0.0 0.29363 1.0 0.0 0.0 0.0 1.0
0.0 0.17528 0.00003 1.0 -0.15945 -0.20843 -0.572986 0.776415
0.21175 -0.00194 0.03537 1.0 0.0 0.0 0.0 1.0
0.01545 -0.00217 0.03772 1.0 0.0 0.0 0.0 1.0
0.20253 -0.00433 0.07298 1.0 0.0 0.0 0.0 1.0
0.0 -0.17528 -0.00003 1.0 -0.186316 -0.216505 -0.612462 0.73709
0.21133 -0.00375 0.03157 1.0 0.0 0.0 0.0 1.0
0.00301 0.17235 -0.00005 1.0 -0.068348 -0.377147 -0.202563 0.901142
0.00288 0.18335 0.00117 1.0 -0.005985 -0.388048 -0.000244 0.92162
-0.00303 -0.17235 0.00004 1.0 -0.224918 -0.395014 -0.17344 0.873667
-0.00219 -0.18336 -0.00069 1.0 -0.007273 -0.416624 0.0 0.90905
0.05434 0.14794 0.03756 1.0 -0.468458 0.030649 -0.041745 0.881967
0.01196 0.15393 0.04553 1.0 -0.522017 0.015535 -0.010716 0.852726
-0.03124 0.14728 0.04113 1.0 -0.565151 -0.002508 0.018773 0.82477
-0.07001 0.1413 0.02956 1.0 -0.613807 -0.024605 0.046108 0.787724
0.09958 0.09391 -0.02147 1.0 -0.30174 0.110518 0.2111 0.923134
-0.05434 -0.14794 -0.03756 1.0 -0.539234 0.005066 0.0 0.842141
-0.01196 -0.15393 -0.04553 1.0 -0.557978 0.005011 -0.000122 0.829841
0.03124 -0.14728 -0.04113 1.0 -0.573821 0.004888 -0.000086 0.818966
0.07001 -0.1413 -0.02956 1.0 -0.591515 0.004882 -0.000193 0.806279
-0.00249 -0.14826 0.01591 1.0 0.707107 0.0 0.0 0.707107
-0.09958 -0.09391 0.02147 1.0 -0.429442 0.133143 0.30456 0.8397
0.00074 0.05825 -0.00249 1.0 -0.531325 0.009966 -0.000465 0.847109
0.00034 0.05524 -0.00625 1.0 -0.531324 0.009944 -0.000457 0.84711
0.00033 0.0566 -0.00383 1.0 -0.531325 0.009939 -0.000432 0.84711
0.00078 0.0516 -0.00392 1.0 -0.531325 0.009952 -0.000449 0.84711
0.00086 0.05627 -0.00025 1.0 0.016115 0.009574 0.451528 0.89206
-0.00074 -0.05825 0.00249 1.0 -0.565925 0.004911 -0.00015 0.824442
-0.00034 -0.05524 0.00625 1.0 -0.565925 0.004858 -0.000086 0.824442
-0.00033 -0.0566 0.00383 1.0 -0.565925 0.004883 -0.000173 0.824442
-0.00078 -0.0516 0.00392 1.0 -0.565925 0.004921 -0.000122 0.824442
-0.00086 -0.05627 0.00025 1.0 0.005418 0.008317 0.660266 0.750966


##### Pose: 6 ##############################################

0.0 0.0 0.0 1.0 0.0 0.0 0.707107 0.707107
0.0 0.0 0.6234 1.0 0.0 0.0 0.0 1.0
0.0 0.0 0.0 1.0 0.0 0.0 0.0 1.0
0.05075 -0.01742 -0.15279 1.0 -0.122952 -0.160944 -0.608949 0.766917
0.2 0.0 0.02541 1.0 0.0 0.0 0.0 1.0
0.00313 0.12307 0.0005 1.0 0.154492 0.020693 0.234724 0.959484
0.00313 -0.12307 0.0005 1.0 0.132538 -0.974275 0.144631 0.110922
0.00295 0.0 0.10781 1.0 -0.036662 0.186262 -0.011652 0.981747
0.00295 0.0 0.10781 1.0 -0.017638 0.093593 -0.00589 0.995437
0.0 0.0 0.12763 1.0 -0.014404 0.036378 0.049003 0.998032
-0.00406 0.00155 -0.20992 1.0 -0.00419 0.603616 0.010917 0.797189
0.00406 -0.00155 0.20992 1.0 -0.000211 0.612099 0.004987 0.790765
-0.00508 0.00195 -0.15497 1.0 0.002345 -0.001263 0.06849 0.997648
-0.00603 0.00231 -0.184 1.0 -0.059339 -0.449718 0.05743 0.889345
-0.02319 0.09435 0.08792 1.0 -0.096561 -0.007877 -0.019678 0.995101
-0.02727 0.0 0.12737 1.0 -0.009631 0.066947 0.191213 0.979216
0.0051 -0.0019 0.155 1.0 -0.002194 0.000889 -0.072614 0.997357
0.00602 -0.0023 0.184 1.0 -0.150439 -0.398141 -0.065742 0.902513
-0.02319 -0.09435 0.08792 1.0 0.21869 -0.970522 -0.093487 0.039012
0.01955 0.0 0.11236 1.0 -0.086201 0.034015 0.428835 0.898617
-0.0012 0.0935 -0.00094 1.0 -0.075885 -0.405756 0.085954 0.906761
0.1367 0.00103 -0.07412 1.0 0.0 -0.024996 0.000244 0.999688
0.0012 -0.0935 0.00094 1.0 -0.356964 -0.125892 -0.304313 0.874141
-0.1367 -0.00103 0.07412 1.0 0.000691 -0.074892 0.002284 0.997189
0.04184 0.0 0.29363 1.0 0.0 0.0 0.0 1.0
0.0 0.17528 0.00003 1.0 -0.194426 -0.233291 -0.597209 0.742371
0.21175 -0.00194 0.03537 1.0 0.0 0.0 0.0 1.0
0.01545 -0.00217 0.03772 1.0 0.0 0.0 0.0 1.0
0.20253 -0.00433 0.07298 1.0 0.0 0.0 0.0 1.0
0.0 -0.17528 -0.00003 1.0 -0.180823 -0.221567 -0.592794 0.752865
0.21133 -0.00375 0.03157 1.0 0.0 0.0 0.0 1.0
0.00301 0.17235 -0.00005 1.0 -0.08936 -0.430161 -0.238274 0.866142
0.00288 0.18335 0.00117 1.0 -0.006999 -0.447839 -0.000323 0.894087
-0.00303 -0.17235 0.00004 1.0 -0.244491 -0.391446 -0.197075 0.86496
-0.00219 -0.18336 -0.00069 1.0 -0.007273 -0.41662 0.0 0.909052
0.05434 0.14794 0.03756 1.0 -0.492252 0.025604 -0.029295 0.869583
0.01196 0.15393 0.04553 1.0 -0.544779 0.014546 -0.007648 0.838419
-0.03124 0.14728 0.04113 1.0 -0.587924 0.001161 0.012842 0.808813
-0.07001 0.1413 0.02956 1.0 -0.635744 -0.014856 0.03166 0.771107
0.09958 0.0939 -0.02147 1.0 -0.330131 0.121919 0.227804 0.907885
-0.05434 -0.14794 -0.03756 1.0 -0.538257 0.005066 0.0 0.842766
-0.01196 -0.15393 -0.04553 1.0 -0.560382 0.00501 -0.00015 0.828219
0.03124 -0.14728 -0.04113 1.0 -0.579035 0.004887 -0.000122 0.815288
0.07001 -0.1413 -0.02956 1.0 -0.60016 0.004879 -0.000259 0.799865
-0.00249 -0.14826 0.01591 1.0 0.707107 0.0 0.0 0.707107
-0.09958 -0.09391 0.02147 1.0 -0.426079 0.130644 0.312124 0.839028
0.00074 0.05825 -0.00249 1.0 -0.554061 0.010364 -0.000518 0.832411
0.00034 0.05524 -0.00625 1.0 -0.55406 0.010387 -0.000511 0.832412
0.00033 0.0566 -0.00383 1.0 -0.554061 0.010355 -0.000465 0.832412
0.00078 0.0516 -0.00392 1.0 -0.554061 0.010358 -0.000511 0.832412
0.00086 0.05627 -0.00025 1.0 0.017065 0.009986 0.480471 0.876788
-0.00074 -0.05825 0.00249 1.0 -0.569745 0.00491 -0.000173 0.821807
-0.00034 -0.05524 0.00625 1.0 -0.569745 0.004857 -0.000122 0.821807
-0.00033 -0.0566 0.00383 1.0 -0.569744 0.004882 -0.000193 0.821808
-0.00078 -0.0516 0.00392 1.0 -0.569745 0.004919 -0.000173 0.821807
-0.00086 -0.05627 0.00025 1.0 0.005418 0.008317 0.660266 0.750966


##### Pose: 7 ##############################################

0.0 0.0 0.0 1.0 0.0 0.0 0.707107 0.707107
0.0 0.0 0.6234 1.0 0.0 0.0 0.0 1.0
0.0 0.0 0.0 1.0 0.0 0.0 0.0 1.0
0.04815 -0.0178 -0.15426 1.0 -0.125549 -0.168063 -0.60406 0.768833
0.2 0.0 0.02541 1.0 0.0 0.0 0.0 1.0
0.00313 0.12307 0.0005 1.0 0.154017 0.00839 0.208163 0.965855
0.00313 -0.12307 0.0005 1.0 0.135793 -0.974289 0.12341 0.130733
0.00295 0.0 0.10781 1.0 -0.036277 0.205052 -0.024494 0.977772
0.00295 0.0 0.10781 1.0 -0.016938 0.103312 -0.012461 0.994427
0.0 0.0 0.12763 1.0 -0.014404 0.036378 0.049003 0.998032
-0.00406 0.00155 -0.20992 1.0 -0.00783 0.620174 0.017314 0.784234
0.00406 -0.00155 0.20992 1.0 0.000798 0.621797 0.003901 0.783168
-0.00508 0.00195 -0.15497 1.0 0.0021 -0.001233 0.063148 0.998001
-0.00603 0.00231 -0.184 1.0 -0.07954 -0.443057 0.053522 0.891353
-0.02319 0.09435 0.08792 1.0 -0.110665 -0.009386 -0.022525 0.993558
-0.02727 0.0 0.12737 1.0 -0.009631 0.066947 0.191213 0.979216
0.0051 -0.0019 0.155 1.0 -0.001638 0.000622 -0.049866 0.998754
0.00602 -0.0023 0.184 1.0 -0.145788 -0.412185 -0.045249 0.898222
-0.02319 -0.09435 0.08792 1.0 0.250733 -0.961618 -0.10395 0.040227
0.01955 0.0 0.11236 1.0 -0.093823 0.045514 0.435772 0.893996
-0.0012 0.0935 -0.00094 1.0 -0.061052 -0.427461 0.113077 0.894854
0.1367 0.00103 -0.07412 1.0 0.0 -0.024996 0.000244 0.999688
0.0012 -0.0935 0.00094 1.0 -0.352694 -0.156944 -0.340729 0.857251
-0.1367 -0.00103 0.07412 1.0 0.000691 -0.074892 0.002284 0.997189
0.04184 0.0 0.29363 1.0 0.0 0.0 0.0 1.0
0.0 0.17528 0.00003 1.0 -0.22975 -0.255674 -0.615539 0.709195
0.21175 -0.00194 0.03537 1.0 0.0 0.0 0.0 1.0
0.01545 -0.00217 0.03772 1.0 0.0 0.0 0.0 1.0
0.20253 -0.00433 0.07298 1.0 0.0 0.0 0.0 1.0
0.0 -0.17528 -0.00003 1.0 -0.17421 -0.227467 -0.569167 0.770687
0.21133 -0.00375 0.03157 1.0 0.0 0.0 0.0 1.0
0.00301 0.17235 -0.00005 1.0 -0.112182 -0.478931 -0.273338 0.826636
0.00288 0.18335 0.00117 1.0 -0.008775 -0.502698 0.000086 0.864418
-0.00303 -0.17235 0.00004 1.0 -0.262606 -0.387948 -0.219414 0.855799
-0.00219 -0.18336 -0.00069 1.0 -0.007273 -0.416617 0.0 0.909053
0.05434 0.14794 0.03756 1.0 -0.512504 0.020241 -0.018699 0.858243
0.01196 0.15393 0.04553 1.0 -0.564214 0.013533 -0.0049 0.825503
-0.03124 0.14728 0.04113 1.0 -0.606798 0.004948 0.007857 0.794802
-0.07001 0.1413 0.02956 1.0 -0.654198 -0.005111 0.019451 0.756056
0.09958 0.0939 -0.02147 1.0 -0.354827 0.129899 0.239746 0.894285
-0.05434 -0.14794 -0.03756 1.0 -0.537279 0.005066 0.0 0.843389
-0.01196 -0.15393 -0.04553 1.0 -0.562782 0.00501 -0.00015 0.82659
0.03124 -0.14728 -0.04113 1.0 -0.584225 0.004885 -0.000193 0.811577
0.07001 -0.1413 -0.02956 1.0 -0.608736 0.004877 -0.000299 0.793358
-0.00249 -0.14826 0.01591 1.0 0.707107 0.0 0.0 0.707107
-0.09958 -0.09391 0.02147 1.0 -0.422929 0.128435 0.31918 0.838308
0.00074 0.05825 -0.00249 1.0 -0.573476 0.010686 -0.000525 0.819152
0.00034 0.05524 -0.00625 1.0 -0.573474 0.010792 -0.000592 0.819152
0.00033 0.0566 -0.00383 1.0 -0.573476 0.010712 -0.000511 0.819152
0.00078 0.0516 -0.00392 1.0 -0.573476 0.010701 -0.000532 0.819152
0.00086 0.05627 -0.00025 1.0 0.017813 0.010446 0.505213 0.862747
-0.00074 -0.05825 0.00249 1.0 -0.573553 0.00491 -0.000173 0.819154
-0.00034 -0.05524 0.00625 1.0 -0.573553 0.004857 -0.000122 0.819154
-0.00033 -0.0566 0.00383 1.0 -0.573551 0.004881 -0.000228 0.819155
-0.00078 -0.0516 0.00392 1.0 -0.573553 0.004919 -0.000193 0.819154
-0.00086 -0.05627 0.00025 1.0 0.005418 0.008317 0.660266 0.750966