# SQEE Animation Format


################################################################################

SECTION Header

BoneCount 56
PoseCount 10
TotalTime 20

Times 2 1 4 1 2 2 1 4 1 2


################################################################################

SECTION Poses


##### Pose: 0 ##############################################

0.0 0.0 0.0 1.0 0.0 0.0 0.707107 0.707107
0.0 0.0 0.6234 1.0 0.0 0.0 0.0 1.0
0.0 0.0 0.0 1.0 0.0 0.0 0.0 1.0
0.04731 -0.01651 -0.15407 1.0 -0.127529 -0.168457 -0.526282 0.823642
0.4 0.0 0.025 1.0 0.0 0.0 0.0 1.0
0.00313 0.12307 0.0005 1.0 0.166541 -0.028386 0.193637 0.966418
0.00313 -0.12307 0.0005 1.0 0.004919 -0.972171 0.171241 0.159799
0.00295 0.0 0.10781 1.0 -0.014604 0.260286 0.013602 0.965325
0.00295 0.0 0.10781 1.0 -0.008291 0.131227 0.006984 0.991293
0.0 0.0 0.12763 1.0 -0.001233 0.068776 0.065762 0.995462
-0.00406 0.00155 -0.20992 1.0 -0.001931 0.624527 0.006298 0.780975
0.00406 -0.00155 0.20992 1.0 -0.000211 0.577473 0.007358 0.816377
-0.00508 0.00195 -0.15497 1.0 0.00068 -0.000366 0.022184 0.999754
-0.00603 0.00231 -0.184 1.0 -0.046723 -0.443078 0.015873 0.895124
-0.02319 0.09435 0.08792 1.0 -0.055796 -0.008722 -0.022959 0.99814
-0.02727 0.0 0.12737 1.0 0.089728 0.036375 0.054828 0.993791
0.0051 -0.0019 0.155 1.0 -0.00351 0.001263 -0.106653 0.994289
0.00602 -0.00231 0.184 1.0 -0.131922 -0.404097 -0.097401 0.899897
-0.02319 -0.09435 0.08792 1.0 0.251645 -0.961348 -0.104235 0.040248
0.01955 0.0 0.11236 1.0 -0.087419 0.02026 0.362724 0.927566
-0.0012 0.0935 -0.00094 1.0 -0.06449 -0.390444 -0.159239 0.904454
0.1367 0.00103 -0.07412 1.0 0.0 -0.024996 0.000244 0.999688
0.0012 -0.0935 0.00094 1.0 -0.21599 -0.194451 -0.323248 0.900582
-0.1367 -0.00103 0.07412 1.0 0.000691 -0.074892 0.002284 0.997189
0.04184 0.0 0.29363 1.0 0.0 0.0 0.0 1.0
0.0 0.17528 0.00003 1.0 -0.156868 -0.29872 -0.43915 0.83265
0.21175 -0.00194 0.03537 1.0 0.0 0.0 0.0 1.0
0.01545 -0.00217 0.03772 1.0 0.0 0.0 0.0 1.0
0.20253 -0.00433 0.07298 1.0 0.0 0.0 0.0 1.0
0.0 -0.17528 -0.00003 1.0 -0.229825 -0.270734 -0.652294 0.669624
0.21133 -0.00375 0.03157 1.0 0.0 0.0 0.0 1.0
0.00303 0.17235 -0.00004 1.0 -0.205426 -0.509114 -0.427695 0.718109
0.00199 0.18337 0.00026 1.0 -0.010155 -0.580888 0.0 0.81392
-0.00303 -0.17235 0.00004 1.0 -0.277156 -0.405725 -0.189256 0.850149
-0.00217 -0.18336 -0.00066 1.0 -0.007575 -0.434769 -0.000122 0.90051
0.05434 0.14794 0.03756 1.0 -0.512511 0.020395 -0.018443 0.85824
0.01196 0.15393 0.04553 1.0 -0.564215 0.013576 -0.004835 0.825502
-0.03124 0.14728 0.04113 1.0 -0.606799 0.005064 0.007769 0.794801
-0.07001 0.1413 0.02956 1.0 -0.654206 -0.004819 0.019199 0.756057
0.09958 0.0939 -0.02147 1.0 -0.354798 0.130166 0.240312 0.894106
-0.05434 -0.14794 -0.03756 1.0 -0.537277 0.004919 -0.000086 0.843391
-0.01196 -0.15393 -0.04553 1.0 -0.562782 0.005123 -0.000086 0.82659
0.03124 -0.14728 -0.04113 1.0 -0.584226 0.005232 0.000122 0.811574
0.07001 -0.1413 -0.02956 1.0 -0.608737 0.005577 0.000086 0.793352
-0.00249 -0.14826 0.01591 1.0 0.707107 0.0 0.0 0.707107
-0.09958 -0.09391 0.02147 1.0 -0.422884 0.128499 0.319312 0.83827
0.00074 0.05825 -0.00249 1.0 -0.573476 0.010698 -0.000518 0.819152
0.00034 0.05524 -0.00625 1.0 -0.573475 0.010804 -0.000573 0.819152
0.00033 0.0566 -0.00383 1.0 -0.573476 0.010724 -0.000518 0.819152
0.00078 0.0516 -0.00392 1.0 -0.573476 0.010713 -0.000525 0.819152
0.00086 0.05627 -0.00025 1.0 0.017817 0.010416 0.505955 0.862313
-0.00074 -0.05825 0.00249 1.0 -0.573553 0.005188 0.0 0.819152
-0.00034 -0.05524 0.00625 1.0 -0.573553 0.005242 0.0 0.819152
-0.00033 -0.0566 0.00383 1.0 -0.573552 0.005255 -0.000086 0.819152
-0.00078 -0.0516 0.00392 1.0 -0.573553 0.005228 0.0 0.819152
-0.00086 -0.05627 0.00025 1.0 0.005419 0.008318 0.660266 0.750966


##### Pose: 1 ##############################################

0.0 0.0 0.0 1.0 0.0 0.0 0.707107 0.707107
0.0 0.0 0.6234 1.0 0.0 0.0 0.0 1.0
0.0 0.0 0.0 1.0 0.0 0.0 0.0 1.0
0.04698 -0.01646 -0.15403 1.0 -0.127529 -0.168457 -0.526282 0.823642
0.39879 0.0 0.02597 1.0 0.0 0.0 0.0 1.0
0.00313 0.12307 0.0005 1.0 0.166752 -0.028593 0.19366 0.966371
0.00313 -0.12307 0.0005 1.0 0.004915 -0.972274 0.170889 0.159548
0.00295 0.0 0.10781 1.0 -0.014354 0.259834 0.013292 0.965455
0.00295 0.0 0.10781 1.0 -0.00822 0.131058 0.006826 0.991317
0.0 0.0 0.12763 1.0 -0.001145 0.068654 0.065665 0.995476
-0.00406 0.00155 -0.20992 1.0 -0.001806 0.624252 0.006126 0.781197
0.00406 -0.00155 0.20992 1.0 -0.000409 0.577679 0.007643 0.816228
-0.00508 0.00195 -0.15497 1.0 0.00068 -0.000366 0.022187 0.999754
-0.00603 0.00231 -0.184 1.0 -0.046954 -0.442525 0.015898 0.895385
-0.02319 0.09435 0.08792 1.0 -0.055675 -0.008719 -0.02296 0.998147
-0.02727 0.0 0.12737 1.0 0.089654 0.036707 0.054584 0.993799
0.0051 -0.0019 0.155 1.0 -0.00351 0.001263 -0.106578 0.994297
0.00602 -0.00231 0.184 1.0 -0.131419 -0.404103 -0.097364 0.899972
-0.02319 -0.09435 0.08792 1.0 0.251641 -0.961356 -0.104165 0.040255
0.01955 0.0 0.11236 1.0 -0.087295 0.020708 0.36241 0.927691
-0.0012 0.0935 -0.00094 1.0 -0.064575 -0.39043 -0.158912 0.904512
0.1367 0.00103 -0.07412 1.0 0.0 -0.024996 0.000244 0.999688
0.0012 -0.0935 0.00094 1.0 -0.214997 -0.194035 -0.322388 0.901217
-0.1367 -0.00103 0.07412 1.0 0.000691 -0.074892 0.002284 0.997189
0.04184 0.0 0.29363 1.0 0.0 0.0 0.0 1.0
0.0 0.17528 0.00003 1.0 -0.157137 -0.298574 -0.439968 0.83222
0.21175 -0.00194 0.03537 1.0 0.0 0.0 0.0 1.0
0.01545 -0.00217 0.03772 1.0 0.0 0.0 0.0 1.0
0.20253 -0.00433 0.07298 1.0 0.0 0.0 0.0 1.0
0.0 -0.17528 -0.00003 1.0 -0.229877 -0.270644 -0.651663 0.670257
0.21133 -0.00375 0.03157 1.0 0.0 0.0 0.0 1.0
0.00303 0.17235 -0.00004 1.0 -0.205274 -0.508318 -0.427233 0.718991
0.00199 0.18337 0.00026 1.0 -0.010107 -0.579867 -0.000023 0.814648
-0.00303 -0.17235 0.00004 1.0 -0.277884 -0.40486 -0.18988 0.850185
-0.00217 -0.18336 -0.00066 1.0 -0.007589 -0.434121 -0.000114 0.900823
0.05434 0.14794 0.03756 1.0 -0.512511 0.020395 -0.018443 0.85824
0.01196 0.15393 0.04553 1.0 -0.564215 0.013576 -0.004835 0.825502
-0.03124 0.14728 0.04113 1.0 -0.606799 0.005064 0.007769 0.794801
-0.07001 0.1413 0.02956 1.0 -0.654206 -0.004819 0.019199 0.756057
0.09958 0.0939 -0.02147 1.0 -0.354798 0.130166 0.240312 0.894106
-0.05434 -0.14794 -0.03756 1.0 -0.537277 0.004919 -0.000086 0.843391
-0.01196 -0.15393 -0.04553 1.0 -0.562782 0.005123 -0.000086 0.82659
0.03124 -0.14728 -0.04113 1.0 -0.584226 0.005232 0.000122 0.811574
0.07001 -0.1413 -0.02956 1.0 -0.608737 0.005577 0.000086 0.793352
-0.00249 -0.14826 0.01591 1.0 0.707107 0.0 0.0 0.707107
-0.09958 -0.09391 0.02147 1.0 -0.422884 0.128499 0.319312 0.83827
0.00074 0.05825 -0.00249 1.0 -0.573476 0.010698 -0.000518 0.819152
0.00034 0.05524 -0.00625 1.0 -0.573475 0.010804 -0.000573 0.819152
0.00033 0.0566 -0.00383 1.0 -0.573476 0.010724 -0.000518 0.819152
0.00078 0.0516 -0.00392 1.0 -0.573476 0.010713 -0.000525 0.819152
0.00086 0.05627 -0.00025 1.0 0.017817 0.010416 0.505955 0.862313
-0.00074 -0.05825 0.00249 1.0 -0.573553 0.005188 0.0 0.819152
-0.00034 -0.05524 0.00625 1.0 -0.573553 0.005242 0.0 0.819152
-0.00033 -0.0566 0.00383 1.0 -0.573552 0.005255 -0.000086 0.819152
-0.00078 -0.0516 0.00392 1.0 -0.573553 0.005228 0.0 0.819152
-0.00086 -0.05627 0.00025 1.0 0.005419 0.008318 0.660266 0.750966


##### Pose: 2 ##############################################

0.0 0.0 0.0 1.0 0.0 0.0 0.707107 0.707107
0.0 0.0 0.6234 1.0 0.0 0.0 0.0 1.0
0.0 0.0 0.0 1.0 0.0 0.0 0.0 1.0
0.04634 -0.01636 -0.15397 1.0 -0.127529 -0.168457 -0.526282 0.823642
0.39638 0.0 0.02791 1.0 0.0 0.0 0.0 1.0
0.00313 0.12307 0.0005 1.0 0.167174 -0.029006 0.193706 0.966276
0.00313 -0.12307 0.0005 1.0 0.004909 -0.97248 0.170186 0.159044
0.00295 0.0 0.10781 1.0 -0.013853 0.25893 0.012673 0.965714
0.00295 0.0 0.10781 1.0 -0.008078 0.130719 0.00651 0.991365
0.0 0.0 0.12763 1.0 -0.000968 0.06841 0.065471 0.995506
-0.00406 0.00155 -0.20992 1.0 -0.001555 0.623703 0.005781 0.781639
0.00406 -0.00155 0.20992 1.0 -0.000804 0.578091 0.008212 0.815931
-0.00508 0.00195 -0.15497 1.0 0.00068 -0.000366 0.022192 0.999753
-0.00603 0.00231 -0.184 1.0 -0.047417 -0.441417 0.015947 0.895906
-0.02319 0.09435 0.08792 1.0 -0.055432 -0.008714 -0.022962 0.99816
-0.02727 0.0 0.12737 1.0 0.089505 0.037371 0.054095 0.993814
0.0051 -0.0019 0.155 1.0 -0.00351 0.001264 -0.106427 0.994314
0.00602 -0.00231 0.184 1.0 -0.130412 -0.404115 -0.097289 0.900121
-0.02319 -0.09435 0.08792 1.0 0.251632 -0.961373 -0.104023 0.04027
0.01955 0.0 0.11236 1.0 -0.087046 0.021604 0.361782 0.927939
-0.0012 0.0935 -0.00094 1.0 -0.064746 -0.390401 -0.158257 0.904627
0.1367 0.00103 -0.07412 1.0 0.0 -0.024996 0.000244 0.999688
0.0012 -0.0935 0.00094 1.0 -0.213008 -0.193202 -0.320665 0.902482
-0.1367 -0.00103 0.07412 1.0 0.000691 -0.074892 0.002284 0.997189
0.04184 0.0 0.29363 1.0 0.0 0.0 0.0 1.0
0.0 0.17528 0.00003 1.0 -0.157675 -0.298282 -0.441602 0.831357
0.21175 -0.00194 0.03537 1.0 0.0 0.0 0.0 1.0
0.01545 -0.00217 0.03772 1.0 0.0 0.0 0.0 1.0
0.20253 -0.00433 0.07298 1.0 0.0 0.0 0.0 1.0
0.0 -0.17528 -0.00003 1.0 -0.22998 -0.270462 -0.650398 0.671523
0.21133 -0.00375 0.03157 1.0 0.0 0.0 0.0 1.0
0.00303 0.17235 -0.00004 1.0 -0.204969 -0.506722 -0.426308 0.720751
0.00199 0.18337 0.00027 1.0 -0.010013 -0.577822 -0.00007 0.816101
-0.00303 -0.17235 0.00004 1.0 -0.279338 -0.403128 -0.191126 0.850252
-0.00217 -0.18336 -0.00066 1.0 -0.007618 -0.432824 -0.000098 0.901446
0.05434 0.14794 0.03756 1.0 -0.512511 0.020395 -0.018443 0.85824
0.01196 0.15393 0.04553 1.0 -0.564215 0.013576 -0.004835 0.825502
-0.03124 0.14728 0.04113 1.0 -0.606799 0.005064 0.007769 0.794801
-0.07001 0.1413 0.02956 1.0 -0.654206 -0.004819 0.019199 0.756057
0.09958 0.0939 -0.02147 1.0 -0.354798 0.130166 0.240312 0.894106
-0.05434 -0.14794 -0.03756 1.0 -0.537277 0.004919 -0.000086 0.843391
-0.01196 -0.15393 -0.04553 1.0 -0.562782 0.005123 -0.000086 0.82659
0.03124 -0.14728 -0.04113 1.0 -0.584226 0.005232 0.000122 0.811574
0.07001 -0.1413 -0.02956 1.0 -0.608737 0.005577 0.000086 0.793352
-0.00249 -0.14826 0.01591 1.0 0.707107 0.0 0.0 0.707107
-0.09958 -0.09391 0.02147 1.0 -0.422884 0.128499 0.319312 0.83827
0.00074 0.05825 -0.00249 1.0 -0.573476 0.010698 -0.000518 0.819152
0.00034 0.05524 -0.00625 1.0 -0.573475 0.010804 -0.000573 0.819152
0.00033 0.0566 -0.00383 1.0 -0.573476 0.010724 -0.000518 0.819152
0.00078 0.0516 -0.00392 1.0 -0.573476 0.010713 -0.000525 0.819152
0.00086 0.05627 -0.00025 1.0 0.017817 0.010416 0.505955 0.862313
-0.00074 -0.05825 0.00249 1.0 -0.573553 0.005188 0.0 0.819152
-0.00034 -0.05524 0.00625 1.0 -0.573553 0.005242 0.0 0.819152
-0.00033 -0.0566 0.00383 1.0 -0.573552 0.005255 -0.000086 0.819152
-0.00078 -0.0516 0.00392 1.0 -0.573553 0.005228 0.0 0.819152
-0.00086 -0.05627 0.00025 1.0 0.005419 0.008318 0.660266 0.750966


##### Pose: 3 ##############################################

0.0 0.0 0.0 1.0 0.0 0.0 0.707107 0.707107
0.0 0.0 0.6234 1.0 0.0 0.0 0.0 1.0
0.0 0.0 0.0 1.0 0.0 0.0 0.0 1.0
0.0386 -0.01515 -0.15316 1.0 -0.127529 -0.168457 -0.526282 0.823642
0.3674 0.0 0.05124 1.0 0.0 0.0 0.0 1.0
0.00313 0.12307 0.0005 1.0 0.172233 -0.03397 0.194253 0.965115
0.00313 -0.12307 0.0005 1.0 0.004831 -0.974893 0.161728 0.152986
0.00295 0.0 0.10781 1.0 -0.007843 0.248042 0.005238 0.968703
0.00295 0.0 0.10781 1.0 -0.006375 0.126651 0.002719 0.991923
0.0 0.0 0.12763 1.0 0.00115 0.065479 0.063146 0.995853
-0.00406 0.00155 -0.20992 1.0 0.001452 0.617075 0.001644 0.786902
0.00406 -0.00155 0.20992 1.0 -0.005552 0.583001 0.015049 0.812313
-0.00508 0.00195 -0.15497 1.0 0.00068 -0.000366 0.02226 0.999752
-0.00603 0.00231 -0.184 1.0 -0.052967 -0.42806 0.016542 0.902045
-0.02319 0.09435 0.08792 1.0 -0.052522 -0.008647 -0.022987 0.998318
-0.02727 0.0 0.12737 1.0 0.087712 0.04534 0.048225 0.993944
0.0051 -0.0019 0.155 1.0 -0.003511 0.001271 -0.104618 0.994505
0.00602 -0.00231 0.184 1.0 -0.118315 -0.404226 -0.096386 0.901839
-0.02319 -0.09435 0.08792 1.0 0.25153 -0.961574 -0.102333 0.040452
0.01955 0.0 0.11236 1.0 -0.084047 0.032359 0.354203 0.930822
-0.0012 0.0935 -0.00094 1.0 -0.066789 -0.390038 -0.150388 0.905976
0.1367 0.00103 -0.07412 1.0 0.0 -0.024996 0.000244 0.999688
0.0012 -0.0935 0.00094 1.0 -0.188909 -0.183033 -0.299689 0.91706
-0.1367 -0.00103 0.07412 1.0 0.000691 -0.074892 0.002284 0.997189
0.04184 0.0 0.29363 1.0 0.0 0.0 0.0 1.0
0.0 0.17528 0.00003 1.0 -0.164092 -0.294682 -0.461111 0.820739
0.21175 -0.00194 0.03537 1.0 0.0 0.0 0.0 1.0
0.01545 -0.00217 0.03772 1.0 0.0 0.0 0.0 1.0
0.20253 -0.00433 0.07298 1.0 0.0 0.0 0.0 1.0
0.0 -0.17528 -0.00003 1.0 -0.231163 -0.268211 -0.635037 0.686553
0.21133 -0.00375 0.03157 1.0 0.0 0.0 0.0 1.0
0.00303 0.17235 0.0 1.0 -0.201193 -0.487268 -0.414959 0.741553
0.00199 0.18337 0.00033 1.0 -0.008868 -0.552944 -0.000632 0.833171
-0.00303 -0.17235 0.00005 1.0 -0.29669 -0.382086 -0.20602 0.850612
-0.00217 -0.18336 -0.00067 1.0 -0.00796 -0.417178 0.000093 0.90879
0.05434 0.14794 0.03756 1.0 -0.512511 0.020395 -0.018443 0.85824
0.01196 0.15393 0.04553 1.0 -0.564215 0.013576 -0.004835 0.825502
-0.03124 0.14728 0.04113 1.0 -0.606799 0.005064 0.007769 0.794801
-0.07001 0.1413 0.02956 1.0 -0.654206 -0.004819 0.019199 0.756057
0.09958 0.0939 -0.02147 1.0 -0.354798 0.130166 0.240312 0.894106
-0.05434 -0.14794 -0.03756 1.0 -0.537277 0.004919 -0.000086 0.843391
-0.01196 -0.15393 -0.04553 1.0 -0.562782 0.005123 -0.000086 0.82659
0.03124 -0.14728 -0.04113 1.0 -0.584226 0.005232 0.000122 0.811574
0.07001 -0.1413 -0.02956 1.0 -0.608737 0.005577 0.000086 0.793352
-0.00249 -0.14826 0.01591 1.0 0.707107 0.0 0.0 0.707107
-0.09958 -0.09391 0.02147 1.0 -0.422884 0.128499 0.319312 0.83827
0.00074 0.05825 -0.00249 1.0 -0.573476 0.010698 -0.000518 0.819152
0.00034 0.05524 -0.00625 1.0 -0.573475 0.010804 -0.000573 0.819152
0.00033 0.0566 -0.00383 1.0 -0.573476 0.010724 -0.000518 0.819152
0.00078 0.0516 -0.00392 1.0 -0.573476 0.010713 -0.000525 0.819152
0.00086 0.05627 -0.00025 1.0 0.017817 0.010416 0.505955 0.862313
-0.00074 -0.05825 0.00249 1.0 -0.573553 0.005188 0.0 0.819152
-0.00034 -0.05524 0.00625 1.0 -0.573553 0.005242 0.0 0.819152
-0.00033 -0.0566 0.00383 1.0 -0.573552 0.005255 -0.000086 0.819152
-0.00078 -0.0516 0.00392 1.0 -0.573553 0.005228 0.0 0.819152
-0.00086 -0.05627 0.00025 1.0 0.005419 0.008318 0.660266 0.750966


##### Pose: 4 ##############################################

0.0 0.0 0.0 1.0 0.0 0.0 0.707107 0.707107
0.0 0.0 0.6234 1.0 0.0 0.0 0.0 1.0
0.0 0.0 0.0 1.0 0.0 0.0 0.0 1.0
0.03796 -0.01505 -0.1531 1.0 -0.127529 -0.168457 -0.526282 0.823642
0.36499 0.0 0.05318 1.0 0.0 0.0 0.0 1.0
0.00313 0.12307 0.0005 1.0 0.172654 -0.034384 0.194298 0.965016
0.00313 -0.12307 0.0005 1.0 0.004824 -0.975089 0.161023 0.15248
0.00295 0.0 0.10781 1.0 -0.007342 0.247132 0.004618 0.968943
0.00295 0.0 0.10781 1.0 -0.006233 0.126311 0.002403 0.991968
0.0 0.0 0.12763 1.0 0.001326 0.065235 0.062952 0.995881
-0.00406 0.00155 -0.20992 1.0 0.001703 0.61652 0.001299 0.787337
0.00406 -0.00155 0.20992 1.0 -0.005948 0.583408 0.015618 0.812007
-0.00508 0.00195 -0.15497 1.0 0.00068 -0.000366 0.022266 0.999752
-0.00603 0.00231 -0.184 1.0 -0.053429 -0.426942 0.016591 0.902547
-0.02319 0.09435 0.08792 1.0 -0.052279 -0.008641 -0.022989 0.99833
-0.02727 0.0 0.12737 1.0 0.087562 0.046004 0.047735 0.993951
0.0051 -0.0019 0.155 1.0 -0.003512 0.001272 -0.104468 0.994521
0.00602 -0.00231 0.184 1.0 -0.117306 -0.404232 -0.09631 0.901976
-0.02319 -0.09435 0.08792 1.0 0.251522 -0.96159 -0.102192 0.040468
0.01955 0.0 0.11236 1.0 -0.083796 0.033255 0.353569 0.931054
-0.0012 0.0935 -0.00094 1.0 -0.066959 -0.390007 -0.149732 0.906086
0.1367 0.00103 -0.07412 1.0 0.0 -0.024996 0.000244 0.999688
0.0012 -0.0935 0.00094 1.0 -0.186883 -0.182171 -0.297918 0.918223
-0.1367 -0.00103 0.07412 1.0 0.000691 -0.074892 0.002284 0.997189
0.04184 0.0 0.29363 1.0 0.0 0.0 0.0 1.0
0.0 0.17528 0.00003 1.0 -0.164624 -0.294375 -0.462728 0.819833
0.21175 -0.00194 0.03537 1.0 0.0 0.0 0.0 1.0
0.01545 -0.00217 0.03772 1.0 0.0 0.0 0.0 1.0
0.20253 -0.00433 0.07298 1.0 0.0 0.0 0.0 1.0
0.0 -0.17528 -0.00003 1.0 -0.231257 -0.268017 -0.633742 0.687793
0.21133 -0.00375 0.03157 1.0 0.0 0.0 0.0 1.0
0.00303 0.17235 0.0 1.0 -0.200869 -0.485622 -0.413993 0.743258
0.00199 0.18337 0.00033 1.0 -0.008772 -0.550844 -0.000679 0.834562
-0.00303 -0.17235 0.00005 1.0 -0.298126 -0.380312 -0.207255 0.850605
-0.00217 -0.18336 -0.00067 1.0 -0.007988 -0.415868 0.000109 0.90939
0.05434 0.14794 0.03756 1.0 -0.512511 0.020395 -0.018443 0.85824
0.01196 0.15393 0.04553 1.0 -0.564215 0.013576 -0.004835 0.825502
-0.03124 0.14728 0.04113 1.0 -0.606799 0.005064 0.007769 0.794801
-0.07001 0.1413 0.02956 1.0 -0.654206 -0.004819 0.019199 0.756057
0.09958 0.0939 -0.02147 1.0 -0.354798 0.130166 0.240312 0.894106
-0.05434 -0.14794 -0.03756 1.0 -0.537277 0.004919 -0.000086 0.843391
-0.01196 -0.15393 -0.04553 1.0 -0.562782 0.005123 -0.000086 0.82659
0.03124 -0.14728 -0.04113 1.0 -0.584226 0.005232 0.000122 0.811574
0.07001 -0.1413 -0.02956 1.0 -0.608737 0.005577 0.000086 0.793352
-0.00249 -0.14826 0.01591 1.0 0.707107 0.0 0.0 0.707107
-0.09958 -0.09391 0.02147 1.0 -0.422884 0.128499 0.319312 0.83827
0.00074 0.05825 -0.00249 1.0 -0.573476 0.010698 -0.000518 0.819152
0.00034 0.05524 -0.00625 1.0 -0.573475 0.010804 -0.000573 0.819152
0.00033 0.0566 -0.00383 1.0 -0.573476 0.010724 -0.000518 0.819152
0.00078 0.0516 -0.00392 1.0 -0.573476 0.010713 -0.000525 0.819152
0.00086 0.05627 -0.00025 1.0 0.017817 0.010416 0.505955 0.862313
-0.00074 -0.05825 0.00249 1.0 -0.573553 0.005188 0.0 0.819152
-0.00034 -0.05524 0.00625 1.0 -0.573553 0.005242 0.0 0.819152
-0.00033 -0.0566 0.00383 1.0 -0.573552 0.005255 -0.000086 0.819152
-0.00078 -0.0516 0.00392 1.0 -0.573553 0.005228 0.0 0.819152
-0.00086 -0.05627 0.00025 1.0 0.005419 0.008318 0.660266 0.750966


##### Pose: 5 ##############################################

0.0 0.0 0.0 1.0 0.0 0.0 0.707107 0.707107
0.0 0.0 0.6234 1.0 0.0 0.0 0.0 1.0
0.0 0.0 0.0 1.0 0.0 0.0 0.0 1.0
0.03763 -0.015 -0.15306 1.0 -0.127529 -0.168457 -0.526282 0.823642
0.36378 0.0 0.05415 1.0 0.0 0.0 0.0 1.0
0.00313 0.12307 0.0005 1.0 0.172865 -0.03459 0.194321 0.964967
0.00313 -0.12307 0.0005 1.0 0.004821 -0.975187 0.16067 0.152227
0.00295 0.0 0.10781 1.0 -0.007091 0.246676 0.004308 0.969062
0.00295 0.0 0.10781 1.0 -0.006162 0.126142 0.002245 0.991991
0.0 0.0 0.12763 1.0 0.001415 0.065112 0.062855 0.995895
-0.00406 0.00155 -0.20992 1.0 0.001828 0.616242 0.001127 0.787554
0.00406 -0.00155 0.20992 1.0 -0.006146 0.583611 0.015903 0.811855
-0.00508 0.00195 -0.15497 1.0 0.00068 -0.000366 0.022269 0.999752
-0.00603 0.00231 -0.184 1.0 -0.05366 -0.426382 0.016616 0.902797
-0.02319 0.09435 0.08792 1.0 -0.052158 -0.008638 -0.02299 0.998337
-0.02727 0.0 0.12737 1.0 0.087488 0.046336 0.04749 0.993954
0.0051 -0.0019 0.155 1.0 -0.003512 0.001272 -0.104392 0.994529
0.00602 -0.00231 0.184 1.0 -0.116801 -0.404235 -0.096272 0.902044
-0.02319 -0.09435 0.08792 1.0 0.251517 -0.961599 -0.102122 0.040475
0.01955 0.0 0.11236 1.0 -0.083671 0.033704 0.353251 0.93117
-0.0012 0.0935 -0.00094 1.0 -0.067044 -0.389991 -0.149404 0.90614
0.1367 0.00103 -0.07412 1.0 0.0 -0.024996 0.000244 0.999688
0.0012 -0.0935 0.00094 1.0 -0.185869 -0.18174 -0.297031 0.918801
-0.1367 -0.00103 0.07412 1.0 0.000691 -0.074892 0.002284 0.997189
0.04184 0.0 0.29363 1.0 0.0 0.0 0.0 1.0
0.0 0.17528 0.00003 1.0 -0.164889 -0.29422 -0.463535 0.819378
0.21175 -0.00194 0.03537 1.0 0.0 0.0 0.0 1.0
0.01545 -0.00217 0.03772 1.0 0.0 0.0 0.0 1.0
0.20253 -0.00433 0.07298 1.0 0.0 0.0 0.0 1.0
0.0 -0.17528 -0.00003 1.0 -0.231303 -0.26792 -0.633093 0.688411
0.21133 -0.00375 0.03157 1.0 0.0 0.0 0.0 1.0
0.00303 0.17235 0.00001 1.0 -0.200706 -0.484798 -0.413509 0.744109
0.00199 0.18337 0.00033 1.0 -0.008724 -0.549792 -0.000703 0.835256
-0.00303 -0.17235 0.00005 1.0 -0.298844 -0.379424 -0.207872 0.850599
-0.00217 -0.18336 -0.00067 1.0 -0.008002 -0.415213 0.000117 0.909689
0.05434 0.14794 0.03756 1.0 -0.512511 0.020395 -0.018443 0.85824
0.01196 0.15393 0.04553 1.0 -0.564215 0.013576 -0.004835 0.825502
-0.03124 0.14728 0.04113 1.0 -0.606799 0.005064 0.007769 0.794801
-0.07001 0.1413 0.02956 1.0 -0.654206 -0.004819 0.019199 0.756057
0.09958 0.0939 -0.02147 1.0 -0.354798 0.130166 0.240312 0.894106
-0.05434 -0.14794 -0.03756 1.0 -0.537277 0.004919 -0.000086 0.843391
-0.01196 -0.15393 -0.04553 1.0 -0.562782 0.005123 -0.000086 0.82659
0.03124 -0.14728 -0.04113 1.0 -0.584226 0.005232 0.000122 0.811574
0.07001 -0.1413 -0.02956 1.0 -0.608737 0.005577 0.000086 0.793352
-0.00249 -0.14826 0.01591 1.0 0.707107 0.0 0.0 0.707107
-0.09958 -0.09391 0.02147 1.0 -0.422884 0.128499 0.319312 0.83827
0.00074 0.05825 -0.00249 1.0 -0.573476 0.010698 -0.000518 0.819152
0.00034 0.05524 -0.00625 1.0 -0.573475 0.010804 -0.000573 0.819152
0.00033 0.0566 -0.00383 1.0 -0.573476 0.010724 -0.000518 0.819152
0.00078 0.0516 -0.00392 1.0 -0.573476 0.010713 -0.000525 0.819152
0.00086 0.05627 -0.00025 1.0 0.017817 0.010416 0.505955 0.862313
-0.00074 -0.05825 0.00249 1.0 -0.573553 0.005188 0.0 0.819152
-0.00034 -0.05524 0.00625 1.0 -0.573553 0.005242 0.0 0.819152
-0.00033 -0.0566 0.00383 1.0 -0.573552 0.005255 -0.000086 0.819152
-0.00078 -0.0516 0.00392 1.0 -0.573553 0.005228 0.0 0.819152
-0.00086 -0.05627 0.00025 1.0 0.005419 0.008318 0.660266 0.750966


##### Pose: 6 ##############################################

0.0 0.0 0.0 1.0 0.0 0.0 0.707107 0.707107
0.0 0.0 0.6234 1.0 0.0 0.0 0.0 1.0
0.0 0.0 0.0 1.0 0.0 0.0 0.0 1.0
0.03796 -0.01505 -0.1531 1.0 -0.127529 -0.168457 -0.526282 0.823642
0.36499 0.0 0.05318 1.0 0.0 0.0 0.0 1.0
0.00313 0.12307 0.0005 1.0 0.172654 -0.034384 0.194298 0.965016
0.00313 -0.12307 0.0005 1.0 0.004824 -0.975089 0.161023 0.15248
0.00295 0.0 0.10781 1.0 -0.007342 0.247132 0.004618 0.968943
0.00295 0.0 0.10781 1.0 -0.006233 0.126311 0.002403 0.991968
0.0 0.0 0.12763 1.0 0.001326 0.065235 0.062952 0.995881
-0.00406 0.00155 -0.20992 1.0 0.001703 0.61652 0.001299 0.787337
0.00406 -0.00155 0.20992 1.0 -0.005948 0.583408 0.015618 0.812007
-0.00508 0.00195 -0.15497 1.0 0.00068 -0.000366 0.022266 0.999752
-0.00603 0.00231 -0.184 1.0 -0.053429 -0.426942 0.016591 0.902547
-0.02319 0.09435 0.08792 1.0 -0.052279 -0.008641 -0.022989 0.99833
-0.02727 0.0 0.12737 1.0 0.087562 0.046004 0.047735 0.993951
0.0051 -0.0019 0.155 1.0 -0.003512 0.001272 -0.104468 0.994521
0.00602 -0.00231 0.184 1.0 -0.117306 -0.404232 -0.09631 0.901976
-0.02319 -0.09435 0.08792 1.0 0.251522 -0.96159 -0.102192 0.040468
0.01955 0.0 0.11236 1.0 -0.083796 0.033255 0.353569 0.931054
-0.0012 0.0935 -0.00094 1.0 -0.066959 -0.390007 -0.149732 0.906086
0.1367 0.00103 -0.07412 1.0 0.0 -0.024996 0.000244 0.999688
0.0012 -0.0935 0.00094 1.0 -0.186883 -0.182171 -0.297918 0.918223
-0.1367 -0.00103 0.07412 1.0 0.000691 -0.074892 0.002284 0.997189
0.04184 0.0 0.29363 1.0 0.0 0.0 0.0 1.0
0.0 0.17528 0.00003 1.0 -0.164624 -0.294375 -0.462728 0.819833
0.21175 -0.00194 0.03537 1.0 0.0 0.0 0.0 1.0
0.01545 -0.00217 0.03772 1.0 0.0 0.0 0.0 1.0
0.20253 -0.00433 0.07298 1.0 0.0 0.0 0.0 1.0
0.0 -0.17528 -0.00003 1.0 -0.231257 -0.268017 -0.633742 0.687793
0.21133 -0.00375 0.03157 1.0 0.0 0.0 0.0 1.0
0.00303 0.17235 0.0 1.0 -0.200869 -0.485622 -0.413993 0.743258
0.00199 0.18337 0.00033 1.0 -0.008772 -0.550844 -0.000679 0.834562
-0.00303 -0.17235 0.00005 1.0 -0.298126 -0.380312 -0.207255 0.850605
-0.00217 -0.18336 -0.00067 1.0 -0.007988 -0.415868 0.000109 0.90939
0.05434 0.14794 0.03756 1.0 -0.512511 0.020395 -0.018443 0.85824
0.01196 0.15393 0.04553 1.0 -0.564215 0.013576 -0.004835 0.825502
-0.03124 0.14728 0.04113 1.0 -0.606799 0.005064 0.007769 0.794801
-0.07001 0.1413 0.02956 1.0 -0.654206 -0.004819 0.019199 0.756057
0.09958 0.0939 -0.02147 1.0 -0.354798 0.130166 0.240312 0.894106
-0.05434 -0.14794 -0.03756 1.0 -0.537277 0.004919 -0.000086 0.843391
-0.01196 -0.15393 -0.04553 1.0 -0.562782 0.005123 -0.000086 0.82659
0.03124 -0.14728 -0.04113 1.0 -0.584226 0.005232 0.000122 0.811574
0.07001 -0.1413 -0.02956 1.0 -0.608737 0.005577 0.000086 0.793352
-0.00249 -0.14826 0.01591 1.0 0.707107 0.0 0.0 0.707107
-0.09958 -0.09391 0.02147 1.0 -0.422884 0.128499 0.319312 0.83827
0.00074 0.05825 -0.00249 1.0 -0.573476 0.010698 -0.000518 0.819152
0.00034 0.05524 -0.00625 1.0 -0.573475 0.010804 -0.000573 0.819152
0.00033 0.0566 -0.00383 1.0 -0.573476 0.010724 -0.000518 0.819152
0.00078 0.0516 -0.00392 1.0 -0.573476 0.010713 -0.000525 0.819152
0.00086 0.05627 -0.00025 1.0 0.017817 0.010416 0.505955 0.862313
-0.00074 -0.05825 0.00249 1.0 -0.573553 0.005188 0.0 0.819152
-0.00034 -0.05524 0.00625 1.0 -0.573553 0.005242 0.0 0.819152
-0.00033 -0.0566 0.00383 1.0 -0.573552 0.005255 -0.000086 0.819152
-0.00078 -0.0516 0.00392 1.0 -0.573553 0.005228 0.0 0.819152
-0.00086 -0.05627 0.00025 1.0 0.005419 0.008318 0.660266 0.750966


##### Pose: 7 ##############################################

0.0 0.0 0.0 1.0 0.0 0.0 0.707107 0.707107
0.0 0.0 0.6234 1.0 0.0 0.0 0.0 1.0
0.0 0.0 0.0 1.0 0.0 0.0 0.0 1.0
0.0386 -0.01515 -0.15316 1.0 -0.127529 -0.168457 -0.526282 0.823642
0.3674 0.0 0.05124 1.0 0.0 0.0 0.0 1.0
0.00313 0.12307 0.0005 1.0 0.172233 -0.03397 0.194253 0.965115
0.00313 -0.12307 0.0005 1.0 0.004831 -0.974893 0.161728 0.152986
0.00295 0.0 0.10781 1.0 -0.007843 0.248042 0.005238 0.968703
0.00295 0.0 0.10781 1.0 -0.006375 0.126651 0.002719 0.991923
0.0 0.0 0.12763 1.0 0.00115 0.065479 0.063146 0.995853
-0.00406 0.00155 -0.20992 1.0 0.001452 0.617075 0.001644 0.786902
0.00406 -0.00155 0.20992 1.0 -0.005552 0.583001 0.015049 0.812313
-0.00508 0.00195 -0.15497 1.0 0.00068 -0.000366 0.02226 0.999752
-0.00603 0.00231 -0.184 1.0 -0.052967 -0.42806 0.016542 0.902045
-0.02319 0.09435 0.08792 1.0 -0.052522 -0.008647 -0.022987 0.998318
-0.02727 0.0 0.12737 1.0 0.087712 0.04534 0.048225 0.993944
0.0051 -0.0019 0.155 1.0 -0.003511 0.001271 -0.104618 0.994505
0.00602 -0.00231 0.184 1.0 -0.118315 -0.404226 -0.096386 0.901839
-0.02319 -0.09435 0.08792 1.0 0.25153 -0.961574 -0.102333 0.040452
0.01955 0.0 0.11236 1.0 -0.084047 0.032359 0.354203 0.930822
-0.0012 0.0935 -0.00094 1.0 -0.066789 -0.390038 -0.150388 0.905976
0.1367 0.00103 -0.07412 1.0 0.0 -0.024996 0.000244 0.999688
0.0012 -0.0935 0.00094 1.0 -0.188909 -0.183033 -0.299689 0.91706
-0.1367 -0.00103 0.07412 1.0 0.000691 -0.074892 0.002284 0.997189
0.04184 0.0 0.29363 1.0 0.0 0.0 0.0 1.0
0.0 0.17528 0.00003 1.0 -0.164092 -0.294682 -0.461111 0.820739
0.21175 -0.00194 0.03537 1.0 0.0 0.0 0.0 1.0
0.01545 -0.00217 0.03772 1.0 0.0 0.0 0.0 1.0
0.20253 -0.00433 0.07298 1.0 0.0 0.0 0.0 1.0
0.0 -0.17528 -0.00003 1.0 -0.231163 -0.268211 -0.635037 0.686553
0.21133 -0.00375 0.03157 1.0 0.0 0.0 0.0 1.0
0.00303 0.17235 0.0 1.0 -0.201193 -0.487268 -0.414959 0.741553
0.00199 0.18337 0.00033 1.0 -0.008868 -0.552944 -0.000632 0.833171
-0.00303 -0.17235 0.00005 1.0 -0.29669 -0.382086 -0.20602 0.850612
-0.00217 -0.18336 -0.00067 1.0 -0.00796 -0.417178 0.000093 0.90879
0.05434 0.14794 0.03756 1.0 -0.512511 0.020395 -0.018443 0.85824
0.01196 0.15393 0.04553 1.0 -0.564215 0.013576 -0.004835 0.825502
-0.03124 0.14728 0.04113 1.0 -0.606799 0.005064 0.007769 0.794801
-0.07001 0.1413 0.02956 1.0 -0.654206 -0.004819 0.019199 0.756057
0.09958 0.0939 -0.02147 1.0 -0.354798 0.130166 0.240312 0.894106
-0.05434 -0.14794 -0.03756 1.0 -0.537277 0.004919 -0.000086 0.843391
-0.01196 -0.15393 -0.04553 1.0 -0.562782 0.005123 -0.000086 0.82659
0.03124 -0.14728 -0.04113 1.0 -0.584226 0.005232 0.000122 0.811574
0.07001 -0.1413 -0.02956 1.0 -0.608737 0.005577 0.000086 0.793352
-0.00249 -0.14826 0.01591 1.0 0.707107 0.0 0.0 0.707107
-0.09958 -0.09391 0.02147 1.0 -0.422884 0.128499 0.319312 0.83827
0.00074 0.05825 -0.00249 1.0 -0.573476 0.010698 -0.000518 0.819152
0.00034 0.05524 -0.00625 1.0 -0.573475 0.010804 -0.000573 0.819152
0.00033 0.0566 -0.00383 1.0 -0.573476 0.010724 -0.000518 0.819152
0.00078 0.0516 -0.00392 1.0 -0.573476 0.010713 -0.000525 0.819152
0.00086 0.05627 -0.00025 1.0 0.017817 0.010416 0.505955 0.862313
-0.00074 -0.05825 0.00249 1.0 -0.573553 0.005188 0.0 0.819152
-0.00034 -0.05524 0.00625 1.0 -0.573553 0.005242 0.0 0.819152
-0.00033 -0.0566 0.00383 1.0 -0.573552 0.005255 -0.000086 0.819152
-0.00078 -0.0516 0.00392 1.0 -0.573553 0.005228 0.0 0.819152
-0.00086 -0.05627 0.00025 1.0 0.005419 0.008318 0.660266 0.750966


##### Pose: 8 ##############################################

0.0 0.0 0.0 1.0 0.0 0.0 0.707107 0.707107
0.0 0.0 0.6234 1.0 0.0 0.0 0.0 1.0
0.0 0.0 0.0 1.0 0.0 0.0 0.0 1.0
0.04634 -0.01636 -0.15397 1.0 -0.127529 -0.168457 -0.526282 0.823642
0.39638 0.0 0.02791 1.0 0.0 0.0 0.0 1.0
0.00313 0.12307 0.0005 1.0 0.167174 -0.029006 0.193706 0.966276
0.00313 -0.12307 0.0005 1.0 0.004909 -0.97248 0.170186 0.159044
0.00295 0.0 0.10781 1.0 -0.013853 0.25893 0.012673 0.965714
0.00295 0.0 0.10781 1.0 -0.008078 0.130719 0.00651 0.991365
0.0 0.0 0.12763 1.0 -0.000968 0.06841 0.065471 0.995506
-0.00406 0.00155 -0.20992 1.0 -0.001555 0.623703 0.005781 0.781639
0.00406 -0.00155 0.20992 1.0 -0.000804 0.578091 0.008212 0.815931
-0.00508 0.00195 -0.15497 1.0 0.00068 -0.000366 0.022192 0.999753
-0.00603 0.00231 -0.184 1.0 -0.047417 -0.441417 0.015947 0.895906
-0.02319 0.09435 0.08792 1.0 -0.055432 -0.008714 -0.022962 0.99816
-0.02727 0.0 0.12737 1.0 0.089505 0.037371 0.054095 0.993814
0.0051 -0.0019 0.155 1.0 -0.00351 0.001264 -0.106427 0.994314
0.00602 -0.00231 0.184 1.0 -0.130412 -0.404115 -0.097289 0.900121
-0.02319 -0.09435 0.08792 1.0 0.251632 -0.961373 -0.104023 0.04027
0.01955 0.0 0.11236 1.0 -0.087046 0.021604 0.361782 0.927939
-0.0012 0.0935 -0.00094 1.0 -0.064746 -0.390401 -0.158257 0.904627
0.1367 0.00103 -0.07412 1.0 0.0 -0.024996 0.000244 0.999688
0.0012 -0.0935 0.00094 1.0 -0.213008 -0.193202 -0.320665 0.902482
-0.1367 -0.00103 0.07412 1.0 0.000691 -0.074892 0.002284 0.997189
0.04184 0.0 0.29363 1.0 0.0 0.0 0.0 1.0
0.0 0.17528 0.00003 1.0 -0.157675 -0.298282 -0.441602 0.831357
0.21175 -0.00194 0.03537 1.0 0.0 0.0 0.0 1.0
0.01545 -0.00217 0.03772 1.0 0.0 0.0 0.0 1.0
0.20253 -0.00433 0.07298 1.0 0.0 0.0 0.0 1.0
0.0 -0.17528 -0.00003 1.0 -0.22998 -0.270462 -0.650398 0.671523
0.21133 -0.00375 0.03157 1.0 0.0 0.0 0.0 1.0
0.00303 0.17235 -0.00004 1.0 -0.204969 -0.506722 -0.426308 0.720751
0.00199 0.18337 0.00027 1.0 -0.010013 -0.577822 -0.00007 0.816101
-0.00303 -0.17235 0.00004 1.0 -0.279338 -0.403128 -0.191126 0.850252
-0.00217 -0.18336 -0.00066 1.0 -0.007618 -0.432824 -0.000098 0.901446
0.05434 0.14794 0.03756 1.0 -0.512511 0.020395 -0.018443 0.85824
0.01196 0.15393 0.04553 1.0 -0.564215 0.013576 -0.004835 0.825502
-0.03124 0.14728 0.04113 1.0 -0.606799 0.005064 0.007769 0.794801
-0.07001 0.1413 0.02956 1.0 -0.654206 -0.004819 0.019199 0.756057
0.09958 0.0939 -0.02147 1.0 -0.354798 0.130166 0.240312 0.894106
-0.05434 -0.14794 -0.03756 1.0 -0.537277 0.004919 -0.000086 0.843391
-0.01196 -0.15393 -0.04553 1.0 -0.562782 0.005123 -0.000086 0.82659
0.03124 -0.14728 -0.04113 1.0 -0.584226 0.005232 0.000122 0.811574
0.07001 -0.1413 -0.02956 1.0 -0.608737 0.005577 0.000086 0.793352
-0.00249 -0.14826 0.01591 1.0 0.707107 0.0 0.0 0.707107
-0.09958 -0.09391 0.02147 1.0 -0.422884 0.128499 0.319312 0.83827
0.00074 0.05825 -0.00249 1.0 -0.573476 0.010698 -0.000518 0.819152
0.00034 0.05524 -0.00625 1.0 -0.573475 0.010804 -0.000573 0.819152
0.00033 0.0566 -0.00383 1.0 -0.573476 0.010724 -0.000518 0.819152
0.00078 0.0516 -0.00392 1.0 -0.573476 0.010713 -0.000525 0.819152
0.00086 0.05627 -0.00025 1.0 0.017817 0.010416 0.505955 0.862313
-0.00074 -0.05825 0.00249 1.0 -0.573553 0.005188 0.0 0.819152
-0.00034 -0.05524 0.00625 1.0 -0.573553 0.005242 0.0 0.819152
-0.00033 -0.0566 0.00383 1.0 -0.573552 0.005255 -0.000086 0.819152
-0.00078 -0.0516 0.00392 1.0 -0.573553 0.005228 0.0 0.819152
-0.00086 -0.05627 0.00025 1.0 0.005419 0.008318 0.660266 0.750966


##### Pose: 9 ##############################################

0.0 0.0 0.0 1.0 0.0 0.0 0.707107 0.707107
0.0 0.0 0.6234 1.0 0.0 0.0 0.0 1.0
0.0 0.0 0.0 1.0 0.0 0.0 0.0 1.0
0.04698 -0.01646 -0.15403 1.0 -0.127529 -0.168457 -0.526282 0.823642
0.39879 0.0 0.02597 1.0 0.0 0.0 0.0 1.0
0.00313 0.12307 0.0005 1.0 0.166752 -0.028593 0.19366 0.966371
0.00313 -0.12307 0.0005 1.0 0.004915 -0.972274 0.170889 0.159548
0.00295 0.0 0.10781 1.0 -0.014354 0.259834 0.013292 0.965455
0.00295 0.0 0.10781 1.0 -0.00822 0.131058 0.006826 0.991317
0.0 0.0 0.12763 1.0 -0.001145 0.068654 0.065665 0.995476
-0.00406 0.00155 -0.20992 1.0 -0.001806 0.624252 0.006126 0.781197
0.00406 -0.00155 0.20992 1.0 -0.000409 0.577679 0.007643 0.816228
-0.00508 0.00195 -0.15497 1.0 0.00068 -0.000366 0.022187 0.999754
-0.00603 0.00231 -0.184 1.0 -0.046954 -0.442525 0.015898 0.895385
-0.02319 0.09435 0.08792 1.0 -0.055675 -0.008719 -0.02296 0.998147
-0.02727 0.0 0.12737 1.0 0.089654 0.036707 0.054584 0.993799
0.0051 -0.0019 0.155 1.0 -0.00351 0.001263 -0.106578 0.994297
0.00602 -0.00231 0.184 1.0 -0.131419 -0.404103 -0.097364 0.899972
-0.02319 -0.09435 0.08792 1.0 0.251641 -0.961356 -0.104165 0.040255
0.01955 0.0 0.11236 1.0 -0.087295 0.020708 0.36241 0.927691
-0.0012 0.0935 -0.00094 1.0 -0.064575 -0.39043 -0.158912 0.904512
0.1367 0.00103 -0.07412 1.0 0.0 -0.024996 0.000244 0.999688
0.0012 -0.0935 0.00094 1.0 -0.214997 -0.194035 -0.322388 0.901217
-0.1367 -0.00103 0.07412 1.0 0.000691 -0.074892 0.002284 0.997189
0.04184 0.0 0.29363 1.0 0.0 0.0 0.0 1.0
0.0 0.17528 0.00003 1.0 -0.157137 -0.298574 -0.439968 0.83222
0.21175 -0.00194 0.03537 1.0 0.0 0.0 0.0 1.0
0.01545 -0.00217 0.03772 1.0 0.0 0.0 0.0 1.0
0.20253 -0.00433 0.07298 1.0 0.0 0.0 0.0 1.0
0.0 -0.17528 -0.00003 1.0 -0.229877 -0.270644 -0.651663 0.670257
0.21133 -0.00375 0.03157 1.0 0.0 0.0 0.0 1.0
0.00303 0.17235 -0.00004 1.0 -0.205274 -0.508318 -0.427233 0.718991
0.00199 0.18337 0.00026 1.0 -0.010107 -0.579867 -0.000023 0.814648
-0.00303 -0.17235 0.00004 1.0 -0.277884 -0.40486 -0.18988 0.850185
-0.00217 -0.18336 -0.00066 1.0 -0.007589 -0.434121 -0.000114 0.900823
0.05434 0.14794 0.03756 1.0 -0.512511 0.020395 -0.018443 0.85824
0.01196 0.15393 0.04553 1.0 -0.564215 0.013576 -0.004835 0.825502
-0.03124 0.14728 0.04113 1.0 -0.606799 0.005064 0.007769 0.794801
-0.07001 0.1413 0.02956 1.0 -0.654206 -0.004819 0.019199 0.756057
0.09958 0.0939 -0.02147 1.0 -0.354798 0.130166 0.240312 0.894106
-0.05434 -0.14794 -0.03756 1.0 -0.537277 0.004919 -0.000086 0.843391
-0.01196 -0.15393 -0.04553 1.0 -0.562782 0.005123 -0.000086 0.82659
0.03124 -0.14728 -0.04113 1.0 -0.584226 0.005232 0.000122 0.811574
0.07001 -0.1413 -0.02956 1.0 -0.608737 0.005577 0.000086 0.793352
-0.00249 -0.14826 0.01591 1.0 0.707107 0.0 0.0 0.707107
-0.09958 -0.09391 0.02147 1.0 -0.422884 0.128499 0.319312 0.83827
0.00074 0.05825 -0.00249 1.0 -0.573476 0.010698 -0.000518 0.819152
0.00034 0.05524 -0.00625 1.0 -0.573475 0.010804 -0.000573 0.819152
0.00033 0.0566 -0.00383 1.0 -0.573476 0.010724 -0.000518 0.819152
0.00078 0.0516 -0.00392 1.0 -0.573476 0.010713 -0.000525 0.819152
0.00086 0.05627 -0.00025 1.0 0.017817 0.010416 0.505955 0.862313
-0.00074 -0.05825 0.00249 1.0 -0.573553 0.005188 0.0 0.819152
-0.00034 -0.05524 0.00625 1.0 -0.573553 0.005242 0.0 0.819152
-0.00033 -0.0566 0.00383 1.0 -0.573552 0.005255 -0.000086 0.819152
-0.00078 -0.0516 0.00392 1.0 -0.573553 0.005228 0.0 0.819152
-0.00086 -0.05627 0.00025 1.0 0.005419 0.008318 0.660266 0.750966