# SQEE Animation Format


################################################################################

SECTION Header

BoneCount 56
PoseCount 16
TotalTime 15

Times 1 1 1 1 1 1 1 1 1 1 1 1 1 1 1 0


################################################################################

SECTION Poses


##### Pose: 0 ##############################################

0.0 0.0 0.0 1.0 0.0 0.0 0.707107 0.707107
0.0 0.0 0.6234 1.0 0.0 0.0 0.0 1.0
0.0 0.0 0.0 1.0 0.0 0.0 0.0 1.0
0.04765 -0.08529 -0.12013 1.0 -0.144722 -0.230598 -0.521984 0.80834
0.2 0.0 0.025 1.0 0.0 0.0 0.0 1.0
0.00313 0.12307 0.0005 1.0 0.21281 0.177868 0.215998 0.936173
0.00313 -0.12307 0.0005 1.0 0.093964 -0.887723 0.030672 0.449642
0.00295 0.0 0.10781 1.0 -0.023821 0.161648 -0.210989 0.963736
0.00295 0.0 0.10781 1.0 -0.003273 0.082094 -0.106284 0.990936
0.0 0.0 0.12763 1.0 -0.027974 0.110817 0.047232 0.992324
-0.00405 0.00155 -0.20992 1.0 0.001606 0.43842 -0.024184 0.898443
0.00406 -0.00155 0.20992 1.0 -0.009635 0.288655 0.082559 0.953819
-0.00508 0.00195 -0.15497 1.0 0.000299 -0.000173 0.011294 0.999936
-0.00603 0.00231 -0.184 1.0 -0.104672 -0.349135 0.009914 0.931155
-0.02319 0.09435 0.08792 1.0 -0.073225 -0.018964 -0.08418 0.993575
-0.02727 0.0 0.12737 1.0 -0.046321 0.097047 0.247802 0.962824
0.0051 -0.0019 0.155 1.0 0.001735 -0.000518 0.033975 0.999421
0.00603 -0.00235 0.184 1.0 -0.102713 -0.306052 0.032449 0.945901
-0.02319 -0.09435 0.08792 1.0 0.290193 -0.956533 0.022056 0.018606
0.01955 0.0 0.11236 1.0 -0.097201 -0.016648 0.453157 0.885959
-0.0012 0.0935 -0.00094 1.0 -0.043621 -0.38928 -0.084591 0.916189
0.1367 0.00103 -0.07412 1.0 0.0 -0.024996 0.000244 0.999688
0.0012 -0.0935 0.00094 1.0 -0.343765 -0.374643 -0.338738 0.79166
-0.1367 -0.00103 0.07412 1.0 0.000691 -0.074892 0.002284 0.997189
0.04184 0.0 0.29363 1.0 0.0 0.0 0.0 1.0
0.0 0.17528 0.00003 1.0 -0.220614 -0.230522 -0.646182 0.69328
0.21175 -0.00194 0.03537 1.0 0.0 0.0 0.0 1.0
0.01545 -0.00217 0.03772 1.0 0.0 0.0 0.0 1.0
0.20253 -0.00433 0.07298 1.0 0.0 0.0 0.0 1.0
0.0 -0.17528 -0.00003 1.0 -0.195906 -0.227554 -0.586399 0.752314
0.21133 -0.00375 0.03157 1.0 0.0 0.0 0.0 1.0
0.00303 0.17235 -0.00004 1.0 -0.099292 -0.447465 -0.268393 0.847279
0.00212 0.18336 0.00058 1.0 -0.008181 -0.468127 0.0 0.883623
-0.00303 -0.17235 0.00004 1.0 -0.222599 -0.415564 -0.199472 0.85905
-0.00216 -0.18336 -0.00065 1.0 -0.007684 -0.438273 0.0 0.898809
0.05434 0.14794 0.03756 1.0 -0.523237 0.02173 -0.020244 0.85167
0.01196 0.15393 0.04553 1.0 -0.574769 0.014076 -0.005351 0.818177
-0.03124 0.14728 0.04113 1.0 -0.617164 0.004313 0.008558 0.786776
-0.07001 0.1413 0.02956 1.0 -0.663103 -0.007634 0.021132 0.748191
0.09958 0.0939 -0.02147 1.0 -0.347921 0.125365 0.242809 0.896816
-0.05434 -0.14794 -0.03756 1.0 -0.56554 0.000449 0.006451 0.824696
-0.01196 -0.15393 -0.04553 1.0 -0.587114 0.003924 0.001813 0.809493
0.03124 -0.14728 -0.04113 1.0 -0.604144 0.008113 -0.003676 0.796825
0.07001 -0.1413 -0.02956 1.0 -0.624877 0.012435 -0.008961 0.780573
-0.00249 -0.14826 0.01591 1.0 0.707107 0.0 0.0 0.707107
-0.09958 -0.09391 0.02147 1.0 -0.438968 0.126263 0.327134 0.827254
0.00074 0.05825 -0.00249 1.0 -0.584038 0.010947 -0.000539 0.811652
0.00034 0.05524 -0.00625 1.0 -0.584037 0.010959 -0.000546 0.811653
0.00033 0.0566 -0.00383 1.0 -0.584039 0.010923 -0.000532 0.811652
0.00078 0.0516 -0.00392 1.0 -0.584039 0.010921 -0.000546 0.811652
0.00086 0.05627 -0.00025 1.0 0.017645 0.010474 0.501425 0.864958
-0.00074 -0.05825 0.00249 1.0 -0.595575 0.005377 0.0 0.803282
-0.00034 -0.05524 0.00625 1.0 -0.595575 0.005383 0.0 0.803282
-0.00033 -0.0566 0.00383 1.0 -0.595574 0.005432 0.0 0.803282
-0.00078 -0.0516 0.00392 1.0 -0.595575 0.005408 -0.000122 0.803282
-0.00086 -0.05627 0.00025 1.0 0.005685 0.008572 0.658224 0.752752


##### Pose: 1 ##############################################

0.0 0.0 0.0 1.0 0.0 0.0 0.707107 0.707107
0.0 0.0 0.6234 1.0 0.0 0.0 0.0 1.0
0.0 0.0 0.0 1.0 0.0 0.0 0.0 1.0
0.04878 -0.08063 -0.10467 1.0 -0.166511 -0.260147 -0.485001 0.818151
0.2 0.0 0.025 1.0 0.0 0.0 0.0 1.0
0.00313 0.12307 0.0005 1.0 0.205153 0.261151 0.223478 0.91639
0.00313 -0.12307 0.0005 1.0 0.094016 -0.809788 -0.02764 0.578481
0.00295 0.0 0.10781 1.0 0.0107 0.132621 -0.362559 0.922414
0.00295 0.0 0.10781 1.0 0.018734 0.065421 -0.182282 0.980889
0.0 0.0 0.12763 1.0 -0.010719 0.110531 -0.007026 0.99379
-0.00405 0.00155 -0.20992 1.0 -0.005974 0.241737 -0.011044 0.970261
0.00406 -0.00155 0.20992 1.0 0.001911 -0.007719 0.104139 0.994531
-0.00508 0.00195 -0.15497 1.0 -0.000244 -0.000173 -0.008408 0.999965
-0.00603 0.00231 -0.184 1.0 -0.06338 -0.212604 -0.005219 0.975067
-0.02319 0.09435 0.08792 1.0 -0.012261 -0.024598 -0.122384 0.992102
-0.02727 0.0 0.12737 1.0 -0.072786 0.109532 0.326225 0.936099
0.0051 -0.0019 0.155 1.0 0.004132 -0.001359 0.084884 0.996381
0.00603 -0.00235 0.184 1.0 -0.074688 -0.125867 0.08664 0.98543
-0.02319 -0.09435 0.08792 1.0 0.327149 -0.935169 0.134558 0.018066
0.01955 0.0 0.11236 1.0 -0.082853 -0.07544 0.507983 0.854048
-0.0012 0.0935 -0.00094 1.0 -0.023146 -0.39443 -0.310444 0.864589
0.1367 0.00103 -0.07412 1.0 0.0 -0.024996 0.000244 0.999688
0.0012 -0.0935 0.00094 1.0 -0.255454 -0.523252 -0.305775 0.753294
-0.1367 -0.00103 0.07412 1.0 0.000691 -0.074892 0.002284 0.997189
0.04184 0.0 0.29363 1.0 0.0 0.0 0.0 1.0
0.0 0.17528 0.00003 1.0 -0.165878 -0.258142 -0.526068 0.793158
0.21175 -0.00194 0.03537 1.0 0.0 0.0 0.0 1.0
0.01545 -0.00217 0.03772 1.0 0.0 0.0 0.0 1.0
0.20253 -0.00433 0.07298 1.0 0.0 0.0 0.0 1.0
0.0 -0.17528 -0.00003 1.0 -0.18005 -0.247905 -0.519756 0.797483
0.21133 -0.00375 0.03157 1.0 0.0 0.0 0.0 1.0
0.00303 0.17235 -0.00004 1.0 -0.10672 -0.525647 -0.23965 0.809243
0.00212 0.18336 0.00058 1.0 -0.008879 -0.553758 0.0 0.83263
-0.00303 -0.17235 0.00004 1.0 -0.194975 -0.430145 -0.189622 0.860816
-0.00216 -0.18336 -0.00063 1.0 -0.00774 -0.449177 0.0 0.893409
0.05434 0.14794 0.03756 1.0 -0.530052 0.023005 -0.021319 0.847385
0.01196 0.15393 0.04553 1.0 -0.581133 0.014466 -0.005553 0.813661
-0.03124 0.14728 0.04113 1.0 -0.623065 0.004527 0.008407 0.782112
-0.07001 0.1413 0.02956 1.0 -0.669588 -0.00745 0.021197 0.742393
0.09958 0.0939 -0.02147 1.0 -0.345486 0.123331 0.245568 0.897288
-0.05434 -0.14794 -0.03756 1.0 -0.583088 -0.002496 0.010431 0.812338
-0.01196 -0.15393 -0.04553 1.0 -0.600803 0.002757 0.003952 0.799383
0.03124 -0.14728 -0.04113 1.0 -0.617516 0.009455 -0.006713 0.786473
0.07001 -0.1413 -0.02956 1.0 -0.635156 0.017349 -0.01457 0.772052
-0.00249 -0.14826 0.01591 1.0 0.707107 0.0 0.0 0.707107
-0.09958 -0.09391 0.02147 1.0 -0.448626 0.122942 0.329749 0.821514
0.00074 0.05825 -0.00249 1.0 -0.590255 0.010742 -0.000598 0.807145
0.00034 0.05524 -0.00625 1.0 -0.590254 0.010767 -0.000579 0.807146
0.00033 0.0566 -0.00383 1.0 -0.590256 0.010718 -0.000585 0.807145
0.00078 0.0516 -0.00392 1.0 -0.590256 0.010729 -0.000559 0.807145
0.00086 0.05627 -0.00025 1.0 0.017167 0.011299 0.501441 0.864948
-0.00074 -0.05825 0.00249 1.0 -0.60921 0.005377 0.0 0.792991
-0.00034 -0.05524 0.00625 1.0 -0.60921 0.005383 0.0 0.792991
-0.00033 -0.0566 0.00383 1.0 -0.609209 0.00543 -0.000122 0.792991
-0.00078 -0.0516 0.00392 1.0 -0.60921 0.005408 -0.00015 0.79299
-0.00086 -0.05627 0.00025 1.0 0.005685 0.008572 0.658224 0.752752


##### Pose: 2 ##############################################

0.0 0.0 0.0 1.0 0.0 0.0 0.707107 0.707107
0.0 0.0 0.6234 1.0 0.0 0.0 0.0 1.0
0.0 0.0 0.0 1.0 0.0 0.0 0.0 1.0
0.04992 -0.04673 -0.08922 1.0 -0.164253 -0.254444 -0.471691 0.828123
0.2 0.0 0.025 1.0 0.0 0.0 0.0 1.0
0.00313 0.12307 0.0005 1.0 0.125176 0.318706 0.210215 0.915733
0.00313 -0.12307 0.0005 1.0 0.106184 -0.836985 -0.026238 0.536183
0.00295 0.0 0.10781 1.0 0.030926 0.11551 -0.399985 0.908688
0.00295 0.0 0.10781 1.0 0.027026 0.053366 -0.205495 0.976828
0.0 0.0 0.12763 1.0 0.026576 0.089314 -0.038577 0.994901
-0.00405 0.00155 -0.20992 1.0 0.000488 -0.007032 0.045918 0.99892
0.00406 -0.00155 0.20992 1.0 0.000173 -0.007527 0.104153 0.994533
-0.00508 0.00195 -0.15497 1.0 -0.000457 -0.000173 -0.013163 0.999913
-0.00603 0.00231 -0.184 1.0 -0.002578 -0.034717 -0.01388 0.999297
-0.02319 0.09435 0.08792 1.0 0.036318 -0.023504 -0.145354 0.988434
-0.02727 0.0 0.12737 1.0 -0.075009 0.13301 0.367525 0.917392
0.0051 -0.0019 0.155 1.0 0.005571 -0.002002 0.104224 0.994536
0.00603 -0.00235 0.184 1.0 -0.079504 -0.080243 0.108969 0.987606
-0.02319 -0.09435 0.08792 1.0 0.338416 -0.921668 0.188672 0.020138
0.01955 0.0 0.11236 1.0 -0.076933 -0.127989 0.507899 0.848374
-0.0012 0.0935 -0.00094 1.0 -0.034445 -0.418232 -0.473117 0.774633
0.1367 0.00103 -0.07412 1.0 0.0 -0.024996 0.000244 0.999688
0.0012 -0.0935 0.00094 1.0 -0.156239 -0.577091 -0.269656 0.754878
-0.1367 -0.00103 0.07412 1.0 0.000691 -0.074892 0.002284 0.997189
0.04184 0.0 0.29363 1.0 0.0 0.0 0.0 1.0
0.0 0.17528 0.00003 1.0 -0.110889 -0.27492 -0.383659 0.874602
0.21175 -0.00194 0.03537 1.0 0.0 0.0 0.0 1.0
0.01545 -0.00217 0.03772 1.0 0.0 0.0 0.0 1.0
0.20253 -0.00433 0.07298 1.0 0.0 0.0 0.0 1.0
0.0 -0.17528 -0.00003 1.0 -0.167301 -0.259322 -0.471029 0.826374
0.21133 -0.00375 0.03157 1.0 0.0 0.0 0.0 1.0
0.00303 0.17235 -0.00004 1.0 -0.131962 -0.565468 -0.23646 0.77905
0.00212 0.18336 0.00058 1.0 -0.00844 -0.58882 -0.000228 0.80822
-0.00303 -0.17235 0.00005 1.0 -0.174843 -0.440031 -0.17911 0.862393
-0.00216 -0.18336 -0.00062 1.0 -0.00749 -0.456408 0.0 0.889739
0.05434 0.14794 0.03756 1.0 -0.528173 0.026104 -0.025352 0.848357
0.01196 0.15393 0.04553 1.0 -0.579533 0.015096 -0.006611 0.814782
-0.03124 0.14728 0.04113 1.0 -0.621577 0.003788 0.009658 0.783284
-0.07001 0.1413 0.02956 1.0 -0.668135 -0.01163 0.025769 0.743503
0.09958 0.0939 -0.02147 1.0 -0.334483 0.118863 0.243791 0.902529
-0.05434 -0.14794 -0.03756 1.0 -0.591746 -0.004204 0.012694 0.806014
-0.01196 -0.15393 -0.04553 1.0 -0.608327 0.001733 0.005327 0.793667
0.03124 -0.14728 -0.04113 1.0 -0.622235 0.009931 -0.008583 0.782721
0.07001 -0.1413 -0.02956 1.0 -0.638992 0.019714 -0.017468 0.768762
-0.00249 -0.14826 0.01591 1.0 0.707107 0.0 0.0 0.707107
-0.09958 -0.09391 0.02147 1.0 -0.455042 0.12299 0.330272 0.81776
0.00074 0.05825 -0.00249 1.0 -0.588703 0.009985 -0.00061 0.808288
0.00034 0.05524 -0.00625 1.0 -0.588702 0.009995 -0.000616 0.808288
0.00033 0.0566 -0.00383 1.0 -0.588704 0.009961 -0.000585 0.808287
0.00078 0.0516 -0.00392 1.0 -0.588703 0.00996 -0.000585 0.808288
0.00086 0.05627 -0.00025 1.0 0.01628 0.012255 0.492843 0.869879
-0.00074 -0.05825 0.00249 1.0 -0.615349 0.005376 -0.000061 0.788236
-0.00034 -0.05524 0.00625 1.0 -0.615349 0.005381 -0.000086 0.788236
-0.00033 -0.0566 0.00383 1.0 -0.615349 0.005429 -0.000173 0.788236
-0.00078 -0.0516 0.00392 1.0 -0.615349 0.005406 -0.000193 0.788236
-0.00086 -0.05627 0.00025 1.0 0.005685 0.008572 0.658224 0.752752


##### Pose: 3 ##############################################

0.0 0.0 0.0 1.0 0.0 0.0 0.707107 0.707107
0.0 0.0 0.6234 1.0 0.0 0.0 0.0 1.0
0.0 0.0 0.0 1.0 0.0 0.0 0.0 1.0
0.05105 -0.01283 -0.07376 1.0 -0.10909 -0.160749 -0.486551 0.851779
0.2 0.0 0.025 1.0 0.0 0.0 0.0 1.0
0.00313 0.12307 0.0005 1.0 0.084999 0.077658 0.219789 0.96873
0.00313 -0.12307 0.0005 1.0 0.121969 -0.906521 0.004487 0.404132
0.00295 0.0 0.10781 1.0 0.05918 0.107538 -0.253791 0.959439
0.00295 0.0 0.10781 1.0 0.036332 0.049581 -0.127854 0.989886
0.0 0.0 0.12763 1.0 0.045122 0.017942 -0.030338 0.99836
-0.00405 0.00155 -0.20992 1.0 -0.008515 0.185921 0.028125 0.982125
0.00406 -0.00155 0.20992 1.0 0.001298 -0.007667 0.091433 0.995781
-0.00508 0.00195 -0.15497 1.0 -0.000457 -0.000173 0.014011 0.999902
-0.00603 0.00231 -0.184 1.0 0.084132 -0.056563 0.010366 0.994794
-0.02319 0.09435 0.08792 1.0 0.026865 -0.019522 -0.134628 0.99034
-0.02727 0.0 0.12737 1.0 -0.068245 0.126085 0.338702 0.929907
0.0051 -0.0019 0.155 1.0 0.00639 -0.002572 0.129549 0.991549
0.00603 -0.00235 0.184 1.0 -0.092242 -0.04178 0.13449 0.985727
-0.02319 -0.09435 0.08792 1.0 -0.300751 0.949928 -0.084769 0.0
0.01955 0.0 0.11236 1.0 -0.079726 -0.175703 0.36431 0.911071
-0.0012 0.0935 -0.00094 1.0 -0.07849 -0.427688 -0.454114 0.777626
0.1367 0.00103 -0.07412 1.0 0.0 -0.024996 0.000244 0.999688
0.0012 -0.0935 0.00094 1.0 -0.161072 -0.472053 -0.243185 0.831915
-0.1367 -0.00103 0.07412 1.0 0.000691 -0.074892 0.002284 0.997189
0.04184 0.0 0.29363 1.0 0.0 0.0 0.0 1.0
0.0 0.17528 0.00003 1.0 -0.096252 -0.226599 -0.402642 0.881628
0.21175 -0.00194 0.03537 1.0 0.0 0.0 0.0 1.0
0.01545 -0.00217 0.03772 1.0 0.0 0.0 0.0 1.0
0.20253 -0.00433 0.07298 1.0 0.0 0.0 0.0 1.0
0.0 -0.17528 -0.00003 1.0 -0.204633 -0.229784 -0.564078 0.766251
0.21133 -0.00375 0.03157 1.0 0.0 0.0 0.0 1.0
0.00303 0.17235 -0.00004 1.0 -0.191609 -0.395685 -0.293625 0.848825
0.00212 0.18336 0.00058 1.0 -0.006931 -0.344653 -0.002417 0.938701
-0.00303 -0.17235 0.00005 1.0 -0.17019 -0.437325 -0.164171 0.867658
-0.00216 -0.18336 -0.00061 1.0 -0.007048 -0.450986 0.0 0.892503
0.05434 0.14794 0.03756 1.0 -0.501555 0.030699 -0.038182 0.863737
0.01196 0.15393 0.04553 1.0 -0.552156 0.016344 -0.009531 0.833526
-0.03124 0.14728 0.04113 1.0 -0.596083 -0.001869 0.017007 0.802741
-0.07001 0.1413 0.02956 1.0 -0.642396 -0.023291 0.041149 0.764913
0.09958 0.0939 -0.02147 1.0 -0.3036 0.107545 0.226068 0.919323
-0.05434 -0.14794 -0.03756 1.0 -0.591757 -0.003486 0.012168 0.806017
-0.01196 -0.15393 -0.04553 1.0 -0.603828 0.001928 0.002246 0.797109
0.03124 -0.14728 -0.04113 1.0 -0.614666 0.011153 -0.006192 0.788684
0.07001 -0.1413 -0.02956 1.0 -0.626873 0.018916 -0.016812 0.77871
-0.00249 -0.14826 0.01591 1.0 0.707107 0.0 0.0 0.707107
-0.09958 -0.09391 0.02147 1.0 -0.457151 0.126008 0.321195 0.819737
0.00074 0.05825 -0.00249 1.0 -0.562005 0.00882 -0.000414 0.827087
0.00034 0.05524 -0.00625 1.0 -0.562005 0.008841 -0.000396 0.827086
0.00033 0.0566 -0.00383 1.0 -0.562006 0.008797 -0.000396 0.827086
0.00078 0.0516 -0.00392 1.0 -0.562006 0.008796 -0.000414 0.827086
0.00086 0.05627 -0.00025 1.0 0.016304 0.00947 0.461391 0.886996
-0.00074 -0.05825 0.00249 1.0 -0.60921 0.005377 0.0 0.792991
-0.00034 -0.05524 0.00625 1.0 -0.60921 0.005383 0.0 0.792991
-0.00033 -0.0566 0.00383 1.0 -0.609209 0.00543 -0.000122 0.792991
-0.00078 -0.0516 0.00392 1.0 -0.60921 0.005408 -0.00015 0.79299
-0.00086 -0.05627 0.00025 1.0 0.005685 0.008572 0.658224 0.752752


##### Pose: 4 ##############################################

0.0 0.0 0.0 1.0 0.0 0.0 0.707107 0.707107
0.0 0.0 0.6234 1.0 0.0 0.0 0.0 1.0
0.0 0.0 0.0 1.0 0.0 0.0 0.0 1.0
0.05218 -0.00583 -0.0583 1.0 -0.030114 -0.030052 -0.502094 0.863766
0.2 0.0 0.025 1.0 0.0 0.0 0.0 1.0
0.00313 0.12307 0.0005 1.0 0.091344 -0.062227 0.234168 0.965893
0.00313 -0.12307 0.0005 1.0 0.132877 -0.952732 0.048445 0.268884
0.00295 0.0 0.10781 1.0 0.018124 0.00573 -0.02637 0.999472
0.00295 0.0 0.10781 1.0 0.006579 0.003854 -0.013112 0.999885
0.0 0.0 0.12763 1.0 0.016026 0.014909 0.010082 0.99971
-0.00405 0.00155 -0.20992 1.0 -0.008694 0.220208 0.00515 0.975401
0.00406 -0.00155 0.20992 1.0 0.001184 -0.007668 0.077165 0.996988
-0.00508 0.00195 -0.15497 1.0 -0.000244 -0.000173 0.009256 0.999957
-0.00603 0.00231 -0.184 1.0 0.014232 -0.1196 0.007434 0.992692
-0.02319 0.09435 0.08792 1.0 -0.005068 -0.036518 -0.191521 0.980796
-0.02727 0.0 0.12737 1.0 -0.050317 0.001798 0.257817 0.964881
0.0051 -0.0019 0.155 1.0 0.006749 -0.002932 0.147588 0.989022
0.00603 -0.00235 0.184 1.0 -0.115089 -0.046546 0.149273 0.980972
-0.02319 -0.09435 0.08792 1.0 0.028849 0.989378 -0.013728 0.141811
0.01955 0.0 0.11236 1.0 0.000634 -0.108853 0.126937 0.98592
-0.0012 0.0935 -0.00094 1.0 -0.308432 -0.359995 -0.272411 0.837297
0.1367 0.00103 -0.07412 1.0 0.0 -0.024996 0.000244 0.999688
0.0012 -0.0935 0.00094 1.0 -0.332055 -0.077273 0.012492 0.940006
-0.1367 -0.00103 0.07412 1.0 0.000691 -0.074892 0.002284 0.997189
0.04184 0.0 0.29363 1.0 0.0 0.0 0.0 1.0
0.0 0.17528 0.00003 1.0 -0.128216 -0.121392 -0.493735 0.851499
0.21175 -0.00194 0.03537 1.0 0.0 0.0 0.0 1.0
0.01545 -0.00217 0.03772 1.0 0.0 0.0 0.0 1.0
0.20253 -0.00433 0.07298 1.0 0.0 0.0 0.0 1.0
0.0 -0.17528 -0.00003 1.0 -0.185202 -0.187567 -0.685038 0.679148
0.21133 -0.00375 0.03157 1.0 0.0 0.0 0.0 1.0
0.00303 0.17235 -0.00004 1.0 -0.173195 -0.435459 -0.159277 0.868913
0.00212 0.18336 0.00058 1.0 -0.007334 -0.397541 -0.000828 0.917555
-0.00303 -0.17235 0.00005 1.0 -0.103818 -0.42604 -0.316383 0.841198
-0.00216 -0.18336 -0.00059 1.0 -0.006866 -0.382814 -0.000173 0.9238
0.05434 0.14794 0.03756 1.0 -0.286198 0.035541 -0.097348 0.95255
0.01196 0.15393 0.04553 1.0 -0.354321 0.01593 -0.024042 0.934679
-0.03124 0.14728 0.04113 1.0 -0.410292 -0.013039 0.04809 0.910592
-0.07001 0.1413 0.02956 1.0 -0.469878 -0.052214 0.113388 0.87386
0.09958 0.09391 -0.02147 1.0 -0.307869 0.009742 0.022235 0.951119
-0.05434 -0.14794 -0.03756 1.0 -0.300057 0.01218 -0.031057 0.953338
-0.01196 -0.15393 -0.04553 1.0 -0.407131 0.007338 -0.008555 0.9133
0.03124 -0.14728 -0.04113 1.0 -0.494042 -0.004729 0.016145 0.869275
0.07001 -0.1413 -0.02956 1.0 -0.58897 -0.021528 0.038838 0.806934
-0.00249 -0.14826 0.01591 1.0 0.707107 0.0 0.0 0.707107
-0.09958 -0.09391 0.02147 1.0 -0.291401 0.062397 -0.007696 0.954533
0.00074 0.05825 -0.00249 1.0 -0.368975 0.007394 0.001014 0.929409
0.00034 0.05524 -0.00625 1.0 -0.368974 0.007402 0.001014 0.92941
0.00033 0.0566 -0.00383 1.0 -0.368975 0.007371 0.001036 0.92941
0.00078 0.0516 -0.00392 1.0 -0.368975 0.007369 0.001021 0.92941
0.00086 0.05627 -0.00025 1.0 0.00584 0.003463 0.167806 0.985797
-0.00074 -0.05825 0.00249 1.0 -0.451733 0.005297 0.000922 0.892137
-0.00034 -0.05524 0.00625 1.0 -0.451733 0.005304 0.000913 0.892137
-0.00033 -0.0566 0.00383 1.0 -0.451732 0.005359 0.000889 0.892137
-0.00078 -0.0516 0.00392 1.0 -0.451733 0.005334 0.000905 0.892137
-0.00086 -0.05627 0.00025 1.0 0.002435 0.003755 0.302211 0.953231


##### Pose: 5 ##############################################

0.0 0.0 0.0 1.0 0.0 0.0 0.707107 0.707107
0.0 0.0 0.6234 1.0 0.0 0.0 0.0 1.0
0.0 0.0 0.0 1.0 0.0 0.0 0.0 1.0
0.06084 0.00116 -0.09676 1.0 0.028053 0.064787 -0.508954 0.857894
0.2 0.0 0.025 1.0 0.0 0.0 0.0 1.0
0.00313 0.12307 0.0005 1.0 0.114437 -0.229208 0.250859 0.933508
0.00313 -0.12307 0.0005 1.0 -0.152063 0.984512 -0.087246 0.001076
0.00295 0.0 0.10781 1.0 -0.059095 -0.07828 0.141628 0.985049
0.00295 0.0 0.10781 1.0 -0.026728 -0.041245 0.071118 0.996256
0.0 0.0 0.12763 1.0 -0.005191 0.024267 0.039503 0.998911
-0.00405 0.00155 -0.20992 1.0 -0.002531 0.427205 -0.00921 0.904104
0.00406 -0.00155 0.20992 1.0 0.015589 0.34557 0.077397 0.935066
-0.00508 0.00195 -0.15497 1.0 0.000173 -0.000173 0.052033 0.998645
-0.00603 0.00231 -0.184 1.0 -0.059037 -0.261331 0.048441 0.962224
-0.02319 0.09435 0.08792 1.0 -0.013091 -0.04472 -0.22992 0.972093
-0.02727 0.0 0.12737 1.0 -0.04755 0.005071 0.15772 0.986325
0.0051 -0.0019 0.155 1.0 0.00689 -0.003069 0.147587 0.98902
0.00603 -0.00235 0.184 1.0 -0.216961 -0.239766 0.139467 0.935943
-0.02319 -0.09435 0.08792 1.0 0.291976 0.945091 -0.005229 0.146716
0.01955 0.0 0.11236 1.0 0.04966 -0.110416 -0.022743 0.992383
-0.0012 0.0935 -0.00094 1.0 -0.251267 -0.291014 -0.102559 0.917419
0.1367 0.00103 -0.07412 1.0 0.0 -0.024996 0.000244 0.999688
0.0012 -0.0935 0.00094 1.0 -0.283631 -0.142047 0.182168 0.930694
-0.1367 -0.00103 0.07412 1.0 0.000691 -0.074892 0.002284 0.997189
0.04184 0.0 0.29363 1.0 0.0 0.0 0.0 1.0
0.0 0.17528 0.00003 1.0 -0.062727 0.053245 -0.292676 0.952665
0.21175 -0.00194 0.03537 1.0 0.0 0.0 0.0 1.0
0.01545 -0.00217 0.03772 1.0 0.0 0.0 0.0 1.0
0.20253 -0.00433 0.07298 1.0 0.0 0.0 0.0 1.0
0.0 -0.17528 -0.00003 1.0 -0.020579 -0.038366 -0.396212 0.917126
0.21133 -0.00375 0.03157 1.0 0.0 0.0 0.0 1.0
0.00303 0.17235 -0.00004 1.0 -0.206387 -0.307278 -0.185325 0.910296
0.00212 0.18336 0.00058 1.0 0.005862 -0.297408 -0.004408 0.954722
-0.00303 -0.17235 0.00005 1.0 -0.276751 -0.430548 -0.222732 0.829715
-0.00216 -0.18336 -0.00058 1.0 -0.007492 -0.460006 0.001439 0.887883
0.05434 0.14794 0.03756 1.0 -0.1032 0.017208 -0.149833 0.98316
0.01196 0.15393 0.04553 1.0 -0.181521 0.012119 -0.037745 0.982588
-0.03124 0.14728 0.04113 1.0 -0.246087 -0.015641 0.073146 0.966357
-0.07001 0.1413 0.02956 1.0 -0.31563 -0.055851 0.17755 0.930448
0.09958 0.0939 -0.02147 1.0 -0.363871 -0.054106 -0.139865 0.919298
-0.05434 -0.14794 -0.03756 1.0 -0.036252 0.002204 -0.071703 0.996765
-0.01196 -0.15393 -0.04553 1.0 -0.229736 0.008516 -0.020457 0.973001
0.03124 -0.14728 -0.04113 1.0 -0.38814 -0.01183 0.03761 0.920757
0.07001 -0.1413 -0.02956 1.0 -0.55675 -0.051519 0.085138 0.824698
-0.00249 -0.14826 0.01591 1.0 0.707107 0.0 0.0 0.707107
-0.09958 -0.09391 0.02147 1.0 -0.291474 -0.071464 -0.36507 0.881283
0.00074 0.05825 -0.00249 1.0 -0.199886 0.005844 0.001534 0.979801
0.00034 0.05524 -0.00625 1.0 -0.199886 0.005848 0.00153 0.979801
0.00033 0.0566 -0.00383 1.0 -0.199887 0.005819 0.001544 0.9798
0.00078 0.0516 -0.00392 1.0 -0.199887 0.005817 0.001539 0.979801
0.00086 0.05627 -0.00025 1.0 -0.003629 -0.003365 0.022212 0.999741
-0.00074 -0.05825 0.00249 1.0 -0.30978 0.005092 0.001726 0.950793
-0.00034 -0.05524 0.00625 1.0 -0.309779 0.005102 0.001713 0.950793
-0.00033 -0.0566 0.00383 1.0 -0.309779 0.005159 0.0017 0.950793
-0.00078 -0.0516 0.00392 1.0 -0.309779 0.005133 0.001709 0.950793
-0.00086 -0.05627 0.00025 1.0 -0.000872 -0.001202 0.022206 0.999752


##### Pose: 6 ##############################################

0.0 0.0 0.0 1.0 0.0 0.0 0.707107 0.707107
0.0 0.0 0.6234 1.0 0.0 0.0 0.0 1.0
0.0 0.0 0.0 1.0 0.0 0.0 0.0 1.0
0.0695 0.00816 -0.13523 1.0 0.048033 0.099927 -0.510534 0.85268
0.2 0.0 0.025 1.0 0.0 0.0 0.0 1.0
0.00313 0.12307 0.0005 1.0 0.147351 -0.329815 0.261974 0.894919
0.00313 -0.12307 0.0005 1.0 -0.165412 0.965146 -0.112509 0.168742
0.00295 0.0 0.10781 1.0 -0.093447 -0.110737 0.220882 0.964477
0.00295 0.0 0.10781 1.0 -0.042017 -0.061105 0.11265 0.990864
0.0 0.0 0.12763 1.0 -0.020131 0.035458 0.070185 0.9967
-0.00405 0.00155 -0.20992 1.0 0.015557 0.585461 -0.02831 0.810057
0.00406 -0.00155 0.20992 1.0 0.028454 0.554303 0.068737 0.828984
-0.00508 0.00195 -0.15497 1.0 0.000657 -0.000211 0.075762 0.997126
-0.00603 0.00231 -0.184 1.0 -0.126738 -0.35668 0.069798 0.922955
-0.02319 0.09435 0.08792 1.0 -0.011167 -0.046828 -0.254297 0.965927
-0.02727 0.0 0.12737 1.0 -0.030408 0.015577 0.094272 0.99496
0.0051 -0.0019 0.155 1.0 0.007027 -0.003155 0.158388 0.987347
0.00603 -0.00235 0.184 1.0 -0.309509 -0.34107 0.149123 0.875007
-0.02319 -0.09435 0.08792 1.0 0.390843 0.909284 -0.005642 0.142872
0.01955 0.0 0.11236 1.0 0.061133 -0.103354 -0.070986 0.990223
-0.0012 0.0935 -0.00094 1.0 -0.160399 -0.334499 0.092337 0.924044
0.1367 0.00103 -0.07412 1.0 0.0 -0.024996 0.000244 0.999688
0.0012 -0.0935 0.00094 1.0 -0.120759 -0.159205 0.142456 0.969421
-0.1367 -0.00103 0.07412 1.0 0.000691 -0.074892 0.002284 0.997189
0.04184 0.0 0.29363 1.0 0.0 0.0 0.0 1.0
0.0 0.17528 0.00003 1.0 0.002398 0.098103 -0.23593 0.966803
0.21175 -0.00194 0.03537 1.0 0.0 0.0 0.0 1.0
0.01545 -0.00217 0.03772 1.0 0.0 0.0 0.0 1.0
0.20253 -0.00433 0.07298 1.0 0.0 0.0 0.0 1.0
0.0 -0.17528 -0.00003 1.0 0.002086 0.015745 -0.146557 0.989075
0.21133 -0.00375 0.03157 1.0 0.0 0.0 0.0 1.0
0.00303 0.17235 -0.00004 1.0 -0.028393 -0.297811 -0.226525 0.926924
0.00212 0.18336 0.00058 1.0 -0.004831 -0.274689 0.0 0.961521
-0.00303 -0.17235 0.00005 1.0 -0.140048 -0.173291 0.024874 0.974545
-0.00216 -0.18336 -0.00014 1.0 -0.032291 -0.206725 0.005547 0.97785
0.05434 0.14794 0.03756 1.0 -0.059391 0.00858 -0.160154 0.985266
0.01196 0.15393 0.04553 1.0 -0.139295 0.00778 -0.0422 0.989321
-0.03124 0.14728 0.04113 1.0 -0.205868 -0.012303 0.080174 0.975212
-0.07001 0.1413 0.02956 1.0 -0.277998 -0.051495 0.191 0.939992
0.09958 0.0939 -0.02147 1.0 -0.382422 -0.061512 -0.174608 0.905252
-0.05434 -0.14794 -0.03756 1.0 0.024655 -0.002638 -0.080701 0.99643
-0.01196 -0.15393 -0.04553 1.0 -0.187122 0.007764 -0.025194 0.981983
0.03124 -0.14728 -0.04113 1.0 -0.363029 -0.014241 0.046247 0.930521
0.07001 -0.1413 -0.02956 1.0 -0.547606 -0.057368 0.097645 0.829037
-0.00249 -0.14826 0.01591 1.0 0.707107 0.0 0.0 0.707107
-0.09958 -0.09391 0.02147 1.0 -0.313395 -0.099842 -0.446622 0.832072
0.00074 0.05825 -0.00249 1.0 -0.158322 0.004669 0.000984 0.987376
0.00034 0.05524 -0.00625 1.0 -0.158322 0.004672 0.000984 0.987376
0.00033 0.0566 -0.00383 1.0 -0.158323 0.004647 0.000984 0.987376
0.00078 0.0516 -0.00392 1.0 -0.158323 0.004647 0.000984 0.987376
0.00086 0.05627 -0.00025 1.0 -0.00435 -0.003197 0.022213 0.999739
-0.00074 -0.05825 0.00249 1.0 -0.27712 0.005029 0.001903 0.96082
-0.00034 -0.05524 0.00625 1.0 -0.27712 0.00504 0.001887 0.96082
-0.00033 -0.0566 0.00383 1.0 -0.277119 0.005099 0.001871 0.96082
-0.00078 -0.0516 0.00392 1.0 -0.27712 0.005071 0.001883 0.96082
-0.00086 -0.05627 0.00025 1.0 -0.002342 -0.002719 0.022212 0.999747


##### Pose: 7 ##############################################

0.0 0.0 0.0 1.0 0.0 0.0 0.707107 0.707107
0.0 0.0 0.6234 1.0 0.0 0.0 0.0 1.0
0.0 0.0 0.0 1.0 0.0 0.0 0.0 1.0
0.0693 0.00566 -0.17369 1.0 0.049216 0.106745 -0.512826 0.850407
0.2 0.0 0.025 1.0 0.0 0.0 0.0 1.0
0.00313 0.12307 0.0005 1.0 0.161072 -0.379978 0.268547 0.870376
0.00313 -0.12307 0.0005 1.0 -0.165874 0.948072 -0.131452 0.237414
0.00295 0.0 0.10781 1.0 -0.112029 -0.109671 0.292483 0.943332
0.00295 0.0 0.10781 1.0 -0.047896 -0.0644 0.14828 0.985683
0.0 0.0 0.12763 1.0 -0.029346 0.041917 0.099405 0.993731
-0.00405 0.00155 -0.20992 1.0 0.031822 0.680654 -0.039065 0.73087
0.00406 -0.00155 0.20992 1.0 0.038269 0.64224 0.057335 0.763398
-0.00508 0.00195 -0.15497 1.0 0.001227 -0.000273 0.071696 0.997426
-0.00603 0.00231 -0.184 1.0 -0.1407 -0.41922 0.061648 0.894795
-0.02319 0.09435 0.08792 1.0 -0.010321 -0.046546 -0.2624 0.963781
-0.02727 0.0 0.12737 1.0 -0.020158 0.030554 0.059769 0.997541
0.0051 -0.0019 0.155 1.0 0.007436 -0.003047 0.146384 0.989195
0.00603 -0.00235 0.184 1.0 -0.359502 -0.379629 0.141631 0.840584
-0.02319 -0.09435 0.08792 1.0 0.42181 0.895622 -0.01204 0.140686
0.01955 0.0 0.11236 1.0 0.071675 -0.092737 -0.106166 0.987417
-0.0012 0.0935 -0.00094 1.0 -0.073992 -0.387091 0.145466 0.907483
0.1367 0.00103 -0.07412 1.0 0.0 -0.024996 0.000244 0.999688
0.0012 -0.0935 0.00094 1.0 0.021403 -0.16899 0.055559 0.983818
-0.1367 -0.00103 0.07412 1.0 0.000691 -0.074892 0.002284 0.997189
0.04184 0.0 0.29363 1.0 0.0 0.0 0.0 1.0
0.0 0.17528 0.00003 1.0 0.011651 0.080135 -0.158883 0.983971
0.21175 -0.00194 0.03537 1.0 0.0 0.0 0.0 1.0
0.01545 -0.00217 0.03772 1.0 0.0 0.0 0.0 1.0
0.20253 -0.00433 0.07298 1.0 0.0 0.0 0.0 1.0
0.0 -0.17528 -0.00003 1.0 -0.000211 0.026349 -0.001164 0.999652
0.21133 -0.00375 0.03157 1.0 0.0 0.0 0.0 1.0
0.00303 0.17235 -0.00004 1.0 -0.020198 -0.069289 -0.250638 0.965387
0.00212 0.18336 0.00058 1.0 -0.00081 -0.043243 -0.000299 0.999064
-0.00303 -0.17235 0.00005 1.0 0.181994 0.033361 0.085539 0.979004
-0.00216 -0.18336 0.0003 1.0 0.000546 0.03706 0.0 0.999313
0.05434 0.14794 0.03756 1.0 -0.044203 0.00635 -0.162217 0.985744
0.01196 0.15393 0.04553 1.0 -0.123909 0.007011 -0.041719 0.991391
-0.03124 0.14728 0.04113 1.0 -0.191346 -0.011449 0.079577 0.978225
-0.07001 0.1413 0.02956 1.0 -0.264712 -0.049712 0.194234 0.943255
0.09958 0.09391 -0.02147 1.0 -0.39032 -0.063085 -0.18401 0.899895
-0.05434 -0.14794 -0.03756 1.0 0.048427 -0.00392 -0.084516 0.995237
-0.01196 -0.15393 -0.04553 1.0 -0.172274 0.006082 -0.025656 0.984696
0.03124 -0.14728 -0.04113 1.0 -0.355092 -0.013969 0.047382 0.933525
0.07001 -0.1413 -0.02956 1.0 -0.549025 -0.060939 0.100537 0.827496
-0.00249 -0.14826 0.01591 1.0 0.707107 0.0 0.0 0.707107
-0.09958 -0.09391 0.02147 1.0 -0.323684 -0.110761 -0.476894 0.80965
0.00074 0.05825 -0.00249 1.0 -0.143133 0.003814 0.000345 0.989696
0.00034 0.05524 -0.00625 1.0 -0.143133 0.003841 0.000386 0.989696
0.00033 0.0566 -0.00383 1.0 -0.143133 0.00379 0.000386 0.989696
0.00078 0.0516 -0.00392 1.0 -0.143133 0.003792 0.000405 0.989696
0.00086 0.05627 -0.00025 1.0 -0.003127 -0.001629 0.022205 0.999747
-0.00074 -0.05825 0.00249 1.0 -0.265162 0.005006 0.001961 0.964189
-0.00034 -0.05524 0.00625 1.0 -0.265161 0.005017 0.001949 0.964189
-0.00033 -0.0566 0.00383 1.0 -0.265161 0.005076 0.001934 0.964189
-0.00078 -0.0516 0.00392 1.0 -0.265162 0.005049 0.001942 0.964189
-0.00086 -0.05627 0.00025 1.0 -0.002646 -0.002713 0.022213 0.999746


##### Pose: 8 ##############################################

0.0 0.0 0.0 1.0 0.0 0.0 0.707107 0.707107
0.0 0.0 0.6234 1.0 0.0 0.0 0.0 1.0
0.0 0.0 0.0 1.0 0.0 0.0 0.0 1.0
0.0691 0.00316 -0.17506 1.0 0.04032 0.096718 -0.518307 0.848751
0.2 0.0 0.025 1.0 0.0 0.0 0.0 1.0
0.00313 0.12307 0.0005 1.0 0.169316 -0.383405 0.273086 0.865885
0.00313 -0.12307 0.0005 1.0 -0.157131 0.94767 -0.142947 0.238322
0.00295 0.0 0.10781 1.0 -0.119449 -0.095576 0.347172 0.92524
0.00295 0.0 0.10781 1.0 -0.051966 -0.058127 0.17832 0.980879
0.0 0.0 0.12763 1.0 -0.033399 0.045044 0.124339 0.990654
-0.00405 0.00155 -0.20992 1.0 0.042074 0.709676 -0.047652 0.701654
0.00406 -0.00155 0.20992 1.0 0.037294 0.664969 0.051317 0.744172
-0.00508 0.00195 -0.15497 1.0 0.001875 -0.000299 0.071019 0.997473
-0.00603 0.00231 -0.184 1.0 -0.150275 -0.446411 0.05984 0.880087
-0.02319 0.09435 0.08792 1.0 -0.00828 -0.044483 -0.249382 0.967348
-0.02727 0.0 0.12737 1.0 -0.014888 0.044391 0.046505 0.99782
0.0051 -0.0019 0.155 1.0 0.008389 -0.002776 0.119904 0.992746
0.00603 -0.00235 0.184 1.0 -0.362922 -0.394952 0.116929 0.83584
-0.02319 -0.09435 0.08792 1.0 0.43676 0.887775 -0.040266 0.139553
0.01955 0.0 0.11236 1.0 0.078934 -0.082824 -0.123418 0.985737
-0.0012 0.0935 -0.00094 1.0 -0.0736 -0.346304 0.238 0.904441
0.1367 0.00103 -0.07412 1.0 0.0 -0.024996 0.000244 0.999688
0.0012 -0.0935 0.00094 1.0 0.042156 -0.112757 0.110392 0.986571
-0.1367 -0.00103 0.07412 1.0 0.000691 -0.074892 0.002284 0.997189
0.04184 0.0 0.29363 1.0 0.0 0.0 0.0 1.0
0.0 0.17528 0.00003 1.0 0.016828 0.064113 -0.196574 0.978246
0.21175 -0.00194 0.03537 1.0 0.0 0.0 0.0 1.0
0.01545 -0.00217 0.03772 1.0 0.0 0.0 0.0 1.0
0.20253 -0.00433 0.07298 1.0 0.0 0.0 0.0 1.0
0.0 -0.17528 -0.00003 1.0 -0.000122 0.074754 -0.019845 0.997005
0.21133 -0.00375 0.03157 1.0 0.0 0.0 0.0 1.0
0.00303 0.17235 -0.00004 1.0 0.033999 -0.031651 -0.147557 0.987962
0.00212 0.18336 0.00058 1.0 -0.002241 -0.026636 0.000122 0.999643
-0.00303 -0.17235 0.00005 1.0 0.216163 -0.040717 0.047539 0.974349
-0.00216 -0.18336 0.00074 1.0 -0.006775 -0.035923 0.000546 0.999331
0.05434 0.14794 0.03756 1.0 -0.047881 0.008236 -0.15871 0.986129
0.01196 0.15393 0.04553 1.0 -0.127801 0.007362 -0.039689 0.990978
-0.03124 0.14728 0.04113 1.0 -0.195146 -0.010185 0.078628 0.977564
-0.07001 0.1413 0.02956 1.0 -0.268854 -0.049427 0.189949 0.942971
0.09958 0.0939 -0.02147 1.0 -0.390262 -0.060627 -0.177108 0.901473
-0.05434 -0.14794 -0.03756 1.0 0.040544 -0.00297 -0.084054 0.995632
-0.01196 -0.15393 -0.04553 1.0 -0.177902 0.0054 -0.024059 0.983739
0.03124 -0.14728 -0.04113 1.0 -0.359754 -0.013265 0.044914 0.931871
0.07001 -0.1413 -0.02956 1.0 -0.551076 -0.060724 0.099728 0.826246
-0.00249 -0.14826 0.01591 1.0 0.707107 0.0 0.0 0.707107
-0.09958 -0.09391 0.02147 1.0 -0.319078 -0.107255 -0.467675 0.817291
0.00074 0.05825 -0.00249 1.0 -0.146931 0.003398 -0.000122 0.989141
0.00034 0.05524 -0.00625 1.0 -0.146931 0.003398 -0.000122 0.989141
0.00033 0.0566 -0.00383 1.0 -0.146931 0.003379 0.0 0.989141
0.00078 0.0516 -0.00392 1.0 -0.146931 0.003372 -0.000122 0.989141
0.00086 0.05627 -0.00025 1.0 -0.00295 -0.001475 0.022204 0.999748
-0.00074 -0.05825 0.00249 1.0 -0.269651 0.005015 0.001938 0.962943
-0.00034 -0.05524 0.00625 1.0 -0.269651 0.005026 0.001926 0.962943
-0.00033 -0.0566 0.00383 1.0 -0.26965 0.005085 0.001911 0.962943
-0.00078 -0.0516 0.00392 1.0 -0.269651 0.005057 0.001922 0.962943
-0.00086 -0.05627 0.00025 1.0 -0.002364 -0.00179 0.02221 0.999749


##### Pose: 9 ##############################################

0.0 0.0 0.0 1.0 0.0 0.0 0.707107 0.707107
0.0 0.0 0.6234 1.0 0.0 0.0 0.0 1.0
0.0 0.0 0.0 1.0 0.0 0.0 0.0 1.0
0.0689 0.00065 -0.17644 1.0 0.028222 0.080478 -0.526797 0.845702
0.2 0.0 0.025 1.0 0.0 0.0 0.0 1.0
0.00313 0.12307 0.0005 1.0 0.176404 -0.365679 0.278081 0.870535
0.00313 -0.12307 0.0005 1.0 -0.146084 0.948982 -0.147851 0.237134
0.00295 0.0 0.10781 1.0 -0.118588 -0.076665 0.383247 0.912788
0.00295 0.0 0.10781 1.0 -0.052997 -0.049128 0.196744 0.977788
0.0 0.0 0.12763 1.0 -0.033625 0.044627 0.140595 0.988489
-0.00405 0.00155 -0.20992 1.0 0.049178 0.71582 -0.05418 0.694441
0.00406 -0.00155 0.20992 1.0 0.031514 0.671714 0.048888 0.738524
-0.00508 0.00195 -0.15497 1.0 0.002514 -0.000345 0.075084 0.997174
-0.00603 0.00231 -0.184 1.0 -0.156576 -0.452033 0.064351 0.875791
-0.02319 0.09435 0.08792 1.0 -0.005688 -0.04105 -0.222117 0.974139
-0.02727 0.0 0.12737 1.0 -0.013232 0.053453 0.046478 0.9974
0.0051 -0.0019 0.155 1.0 0.010031 -0.002376 0.090919 0.995805
0.00603 -0.00235 0.184 1.0 -0.355452 -0.394786 0.092783 0.842134
-0.02319 -0.09435 0.08792 1.0 0.431056 0.888388 -0.074909 0.13909
0.01955 0.0 0.11236 1.0 0.085344 -0.074858 -0.123252 0.985861
-0.0012 0.0935 -0.00094 1.0 -0.131725 -0.275856 0.34182 0.888657
0.1367 0.00103 -0.07412 1.0 0.0 -0.024996 0.000244 0.999688
0.0012 -0.0935 0.00094 1.0 -0.007718 -0.039464 0.204804 0.977977
-0.1367 -0.00103 0.07412 1.0 0.000691 -0.074892 0.002284 0.997189
0.04184 0.0 0.29363 1.0 0.0 0.0 0.0 1.0
0.0 0.17528 0.00003 1.0 0.031508 0.05393 -0.289439 0.955156
0.21175 -0.00194 0.03537 1.0 0.0 0.0 0.0 1.0
0.01545 -0.00217 0.03772 1.0 0.0 0.0 0.0 1.0
0.20253 -0.00433 0.07298 1.0 0.0 0.0 0.0 1.0
0.0 -0.17528 -0.00003 1.0 -0.007822 0.128837 -0.133388 0.982623
0.21133 -0.00375 0.03157 1.0 0.0 0.0 0.0 1.0
0.00303 0.17235 -0.00004 1.0 0.091713 -0.093295 0.036637 0.990728
0.00212 0.18336 0.00058 1.0 0.000299 -0.102422 0.0 0.994741
-0.00303 -0.17235 0.00005 1.0 0.173351 -0.235483 -0.018934 0.956106
-0.00216 -0.18336 0.00118 1.0 -0.018853 -0.240364 0.00392 0.970492
0.05434 0.14794 0.03756 1.0 -0.070779 0.011851 -0.153907 0.985476
0.01196 0.15393 0.04553 1.0 -0.148965 0.008962 -0.038788 0.988041
-0.03124 0.14728 0.04113 1.0 -0.215348 -0.010306 0.076266 0.9735
-0.07001 0.1413 0.02956 1.0 -0.287806 -0.050577 0.183128 0.938655
0.09958 0.0939 -0.02147 1.0 -0.380552 -0.055977 -0.159035 0.90926
-0.05434 -0.14794 -0.03756 1.0 0.011552 -0.000122 -0.079534 0.996765
-0.01196 -0.15393 -0.04553 1.0 -0.198357 0.005703 -0.021959 0.979867
0.03124 -0.14728 -0.04113 1.0 -0.372306 -0.012695 0.041382 0.9271
0.07001 -0.1413 -0.02956 1.0 -0.553899 -0.057537 0.094037 0.825253
-0.00249 -0.14826 0.01591 1.0 0.707107 0.0 0.0 0.707107
-0.09958 -0.09391 0.02147 1.0 -0.306685 -0.093628 -0.428356 0.844801
0.00074 0.05825 -0.00249 1.0 -0.167789 0.003487 -0.000345 0.985817
0.00034 0.05524 -0.00625 1.0 -0.167789 0.003489 -0.000323 0.985817
0.00033 0.0566 -0.00383 1.0 -0.16779 0.003468 -0.000323 0.985817
0.00078 0.0516 -0.00392 1.0 -0.16779 0.003463 -0.000323 0.985817
0.00086 0.05627 -0.00025 1.0 -0.002432 -0.000701 0.022201 0.99975
-0.00074 -0.05825 0.00249 1.0 -0.286061 0.005048 0.001851 0.958196
-0.00034 -0.05524 0.00625 1.0 -0.286061 0.005058 0.001839 0.958196
-0.00033 -0.0566 0.00383 1.0 -0.28606 0.005117 0.001823 0.958196
-0.00078 -0.0516 0.00392 1.0 -0.286061 0.00509 0.001831 0.958196
-0.00086 -0.05627 0.00025 1.0 -0.00148 -0.00119 0.022207 0.999752


##### Pose: 10 #############################################

0.0 0.0 0.0 1.0 0.0 0.0 0.707107 0.707107
0.0 0.0 0.6234 1.0 0.0 0.0 0.0 1.0
0.0 0.0 0.0 1.0 0.0 0.0 0.0 1.0
0.0687 -0.00185 -0.17782 1.0 0.02052 0.068167 -0.542136 0.83727
0.2 0.0 0.025 1.0 0.0 0.0 0.0 1.0
0.00313 0.12307 0.0005 1.0 0.179609 -0.337496 0.285057 0.878965
0.00313 -0.12307 0.0005 1.0 -0.135661 0.95039 -0.156594 0.23202
0.00295 0.0 0.10781 1.0 -0.115653 -0.062636 0.389146 0.911738
0.00295 0.0 0.10781 1.0 -0.050996 -0.039923 0.199177 0.977821
0.0 0.0 0.12763 1.0 -0.031413 0.041483 0.146668 0.987816
-0.00405 0.00155 -0.20992 1.0 0.053671 0.706653 -0.058181 0.703119
0.00406 -0.00155 0.20992 1.0 0.026778 0.669638 0.047509 0.740683
-0.00508 0.00195 -0.15497 1.0 0.0031 -0.00044 0.086595 0.996239
-0.00603 0.00231 -0.184 1.0 -0.165856 -0.451586 0.076637 0.87332
-0.02319 0.09435 0.08792 1.0 -0.003385 -0.036752 -0.190562 0.980981
-0.02727 0.0 0.12737 1.0 -0.0166 0.069641 0.054035 0.995969
0.0051 -0.0019 0.155 1.0 0.010742 -0.001752 0.064286 0.997872
0.00603 -0.00235 0.184 1.0 -0.340599 -0.386243 0.069273 0.854406
-0.02319 -0.09435 0.08792 1.0 0.405832 0.899566 -0.09424 0.13115
0.01955 0.0 0.11236 1.0 0.092243 -0.083911 -0.102403 0.986896
-0.0012 0.0935 -0.00094 1.0 -0.210484 -0.22526 0.406382 0.860121
0.1367 0.00103 -0.07412 1.0 0.0 -0.024996 0.000244 0.999688
0.0012 -0.0935 0.00094 1.0 -0.053534 0.005628 0.220032 0.974006
-0.1367 -0.00103 0.07412 1.0 0.000691 -0.074892 0.002284 0.997189
0.04184 0.0 0.29363 1.0 0.0 0.0 0.0 1.0
0.0 0.17528 0.00003 1.0 0.041714 0.042126 -0.377155 0.924251
0.21175 -0.00194 0.03537 1.0 0.0 0.0 0.0 1.0
0.01545 -0.00217 0.03772 1.0 0.0 0.0 0.0 1.0
0.20253 -0.00433 0.07298 1.0 0.0 0.0 0.0 1.0
0.0 -0.17528 -0.00003 1.0 -0.025668 0.135688 -0.232147 0.962828
0.21133 -0.00375 0.03157 1.0 0.0 0.0 0.0 1.0
0.00303 0.17235 -0.00004 1.0 0.092423 -0.194534 0.210548 0.953564
0.00212 0.18336 0.00058 1.0 0.000743 -0.20325 -0.000122 0.979127
-0.00303 -0.17235 0.00005 1.0 0.152131 -0.374728 -0.076851 0.911334
-0.00216 -0.18336 0.00161 1.0 -0.006654 -0.379061 0.000273 0.925348
0.05434 0.14794 0.03756 1.0 -0.103291 0.017417 -0.148016 0.983422
0.01196 0.15393 0.04553 1.0 -0.18152 0.012726 -0.037143 0.982603
-0.03124 0.14728 0.04113 1.0 -0.246262 -0.014241 0.071711 0.966442
-0.07001 0.1413 0.02956 1.0 -0.315902 -0.05442 0.177065 0.930533
0.09958 0.0939 -0.02147 1.0 -0.36211 -0.055183 -0.141413 0.919692
-0.05434 -0.14794 -0.03756 1.0 -0.038812 0.003652 -0.071773 0.996659
-0.01196 -0.15393 -0.04553 1.0 -0.231641 0.005795 -0.019357 0.972591
0.03124 -0.14728 -0.04113 1.0 -0.388188 -0.011229 0.036846 0.920775
0.07001 -0.1413 -0.02956 1.0 -0.555688 -0.052088 0.084407 0.825453
-0.00249 -0.14826 0.01591 1.0 0.707107 0.0 0.0 0.707107
-0.09958 -0.09391 0.02147 1.0 -0.291474 -0.071464 -0.36507 0.881283
0.00074 0.05825 -0.00249 1.0 -0.199876 0.00429 -0.000211 0.979812
0.00034 0.05524 -0.00625 1.0 -0.199876 0.004292 -0.000244 0.979812
0.00033 0.0566 -0.00383 1.0 -0.199877 0.004267 -0.000244 0.979812
0.00078 0.0516 -0.00392 1.0 -0.199877 0.004267 -0.000244 0.979812
0.00086 0.05627 -0.00025 1.0 -0.001549 0.000211 0.022199 0.999752
-0.00074 -0.05825 0.00249 1.0 -0.311256 0.005093 0.001722 0.950311
-0.00034 -0.05524 0.00625 1.0 -0.311256 0.005105 0.001705 0.950311
-0.00033 -0.0566 0.00383 1.0 -0.311255 0.005163 0.001687 0.950311
-0.00078 -0.0516 0.00392 1.0 -0.311256 0.005136 0.0017 0.950311
-0.00086 -0.05627 0.00025 1.0 -0.000863 -0.001515 0.022207 0.999752


##### Pose: 11 #############################################

0.0 0.0 0.0 1.0 0.0 0.0 0.707107 0.707107
0.0 0.0 0.6234 1.0 0.0 0.0 0.0 1.0
0.0 0.0 0.0 1.0 0.0 0.0 0.0 1.0
0.0685 -0.00435 -0.17919 1.0 0.015407 0.05456 -0.567822 0.821197
0.2 0.0 0.025 1.0 0.0 0.0 0.0 1.0
0.00313 0.12307 0.0005 1.0 0.180981 -0.289903 0.292184 0.893214
0.00313 -0.12307 0.0005 1.0 -0.128374 0.947897 -0.165669 0.239927
0.00295 0.0 0.10781 1.0 -0.096819 -0.039638 0.355971 0.928622
0.00295 0.0 0.10781 1.0 -0.045089 -0.027641 0.182447 0.981792
0.0 0.0 0.12763 1.0 -0.027602 0.033886 0.139614 0.989241
-0.00405 0.00155 -0.20992 1.0 0.056774 0.681651 -0.060019 0.726998
0.00406 -0.00155 0.20992 1.0 0.022092 0.663291 0.044288 0.746723
-0.00508 0.00195 -0.15497 1.0 0.003627 -0.000559 0.108906 0.994045
-0.00603 0.00231 -0.184 1.0 -0.181539 -0.442608 0.098261 0.872632
-0.02319 0.09435 0.08792 1.0 -0.001592 -0.032497 -0.163929 0.985936
-0.02727 0.0 0.12737 1.0 -0.00987 0.050269 0.116746 0.99184
0.0051 -0.0019 0.155 1.0 0.00919 -0.000828 0.03397 0.99938
0.00603 -0.00235 0.184 1.0 -0.316536 -0.36677 0.039881 0.873896
-0.02319 -0.09435 0.08792 1.0 0.35298 0.925238 -0.083684 0.111071
0.01955 0.0 0.11236 1.0 0.074844 -0.074997 -0.077621 0.991337
-0.0012 0.0935 -0.00094 1.0 -0.26275 -0.214121 0.40854 0.847473
0.1367 0.00103 -0.07412 1.0 0.0 -0.024996 0.000244 0.999688
0.0012 -0.0935 0.00094 1.0 -0.039349 0.000211 0.087824 0.995359
-0.1367 -0.00103 0.07412 1.0 0.000691 -0.074892 0.002284 0.997189
0.04184 0.0 0.29363 1.0 0.0 0.0 0.0 1.0
0.0 0.17528 0.00003 1.0 0.044022 0.034892 -0.409847 0.910423
0.21175 -0.00194 0.03537 1.0 0.0 0.0 0.0 1.0
0.01545 -0.00217 0.03772 1.0 0.0 0.0 0.0 1.0
0.20253 -0.00433 0.07298 1.0 0.0 0.0 0.0 1.0
0.0 -0.17528 -0.00003 1.0 -0.039953 0.082334 -0.27607 0.956771
0.21133 -0.00375 0.03157 1.0 0.0 0.0 0.0 1.0
0.00303 0.17235 -0.00004 1.0 0.068574 -0.247983 0.283057 0.923948
0.00212 0.18336 0.00058 1.0 -0.000938 -0.254083 0.000405 0.967182
-0.00303 -0.17235 0.00005 1.0 0.079045 -0.359235 -0.085014 0.925999
-0.00216 -0.18336 0.00205 1.0 -0.009616 -0.35075 0.0 0.93642
0.05434 0.14794 0.03756 1.0 -0.22892 0.036173 -0.141964 0.962358
0.01196 0.15393 0.04553 1.0 -0.302333 0.01658 -0.035271 0.952405
-0.03124 0.14728 0.04113 1.0 -0.362069 -0.018911 0.067241 0.929531
-0.07001 0.1413 0.02956 1.0 -0.424839 -0.070536 0.163824 0.887524
0.09958 0.0939 -0.02147 1.0 -0.329516 -0.052288 -0.111309 0.936107
-0.05434 -0.14794 -0.03756 1.0 -0.123985 0.007965 -0.058555 0.990523
-0.01196 -0.15393 -0.04553 1.0 -0.282872 0.00578 -0.015577 0.959014
0.03124 -0.14728 -0.04113 1.0 -0.413954 -0.008891 0.030175 0.909754
0.07001 -0.1413 -0.02956 1.0 -0.554902 -0.042171 0.069468 0.827937
-0.00249 -0.14826 0.01591 1.0 0.707107 0.0 0.0 0.707107
-0.09958 -0.09391 0.02147 1.0 -0.276837 -0.023233 -0.250708 0.927344
0.00074 0.05825 -0.00249 1.0 -0.318484 0.005958 -0.000299 0.947909
0.00034 0.05524 -0.00625 1.0 -0.318483 0.005963 -0.000299 0.94791
0.00033 0.0566 -0.00383 1.0 -0.318484 0.005956 -0.000273 0.947909
0.00078 0.0516 -0.00392 1.0 -0.318484 0.005954 -0.000273 0.94791
0.00086 0.05627 -0.00025 1.0 0.000211 0.001633 0.0222 0.999752
-0.00074 -0.05825 0.00249 1.0 -0.349364 0.00516 0.00151 0.936972
-0.00034 -0.05524 0.00625 1.0 -0.349363 0.005169 0.0015 0.936972
-0.00033 -0.0566 0.00383 1.0 -0.349363 0.005226 0.00148 0.936972
-0.00078 -0.0516 0.00392 1.0 -0.349363 0.005199 0.001495 0.936972
-0.00086 -0.05627 0.00025 1.0 -0.000518 -0.001495 0.060508 0.998167


##### Pose: 12 #############################################

0.0 0.0 0.0 1.0 0.0 0.0 0.707107 0.707107
0.0 0.0 0.6234 1.0 0.0 0.0 0.0 1.0
0.0 0.0 0.0 1.0 0.0 0.0 0.0 1.0
0.0683 -0.00685 -0.16181 1.0 0.006143 0.030663 -0.606112 0.794764
0.2 0.0 0.025 1.0 0.0 0.0 0.0 1.0
0.00313 0.12307 0.0005 1.0 0.178199 -0.206389 0.300887 0.913847
0.00313 -0.12307 0.0005 1.0 -0.122334 0.946596 -0.176275 0.24066
0.00295 0.0 0.10781 1.0 -0.06794 -0.011856 0.278838 0.957859
0.00295 0.0 0.10781 1.0 -0.034777 -0.011255 0.141931 0.989202
0.0 0.0 0.12763 1.0 -0.022465 0.033991 0.114647 0.99257
-0.00405 0.00155 -0.20992 1.0 0.051432 0.622476 -0.054316 0.779056
0.00406 -0.00155 0.20992 1.0 0.016286 0.639104 0.039048 0.767956
-0.00508 0.00195 -0.15497 1.0 0.004026 -0.000752 0.145292 0.98938
-0.00603 0.00231 -0.184 1.0 -0.201657 -0.420089 0.130867 0.875062
-0.02319 0.09435 0.08792 1.0 -0.000488 -0.027455 -0.140247 0.989736
-0.02727 0.0 0.12737 1.0 -0.021684 0.055031 0.118721 0.991164
0.0051 -0.0019 0.155 1.0 0.006084 0.000173 -0.003666 0.999975
0.00603 -0.00235 0.184 1.0 -0.280759 -0.331123 0.004587 0.900839
-0.02319 -0.09435 0.08792 1.0 0.279339 0.954831 -0.056622 0.084033
0.01955 0.0 0.11236 1.0 0.061403 -0.086371 0.081935 0.990988
-0.0012 0.0935 -0.00094 1.0 -0.255783 -0.252836 0.314842 0.878364
0.1367 0.00103 -0.07412 1.0 0.0 -0.024996 0.000244 0.999688
0.0012 -0.0935 0.00094 1.0 -0.015757 -0.041218 -0.120233 0.991765
-0.1367 -0.00103 0.07412 1.0 0.000691 -0.074892 0.002284 0.997189
0.04184 0.0 0.29363 1.0 0.0 0.0 0.0 1.0
0.0 0.17528 0.00003 1.0 0.024462 0.035695 -0.286958 0.956965
0.21175 -0.00194 0.03537 1.0 0.0 0.0 0.0 1.0
0.01545 -0.00217 0.03772 1.0 0.0 0.0 0.0 1.0
0.20253 -0.00433 0.07298 1.0 0.0 0.0 0.0 1.0
0.0 -0.17528 -0.00003 1.0 -0.054231 -0.005136 -0.303929 0.951136
0.21133 -0.00375 0.03157 1.0 0.0 0.0 0.0 1.0
0.00303 0.17235 -0.00004 1.0 0.079089 -0.221353 0.173743 0.956327
0.00212 0.18336 0.00058 1.0 -0.001164 -0.22412 0.00044 0.974561
-0.00303 -0.17235 0.00005 1.0 -0.031849 -0.27055 -0.055191 0.960595
-0.00216 -0.18336 0.00249 1.0 -0.018959 -0.262008 0.001119 0.964879
0.05434 0.14794 0.03756 1.0 -0.353845 0.056054 -0.129757 0.924562
0.01196 0.15393 0.04553 1.0 -0.422146 0.019957 -0.032918 0.90571
-0.03124 0.14728 0.04113 1.0 -0.476337 -0.024022 0.060762 0.876832
-0.07001 0.1413 0.02956 1.0 -0.529959 -0.08276 0.14548 0.831342
0.09958 0.0939 -0.02147 1.0 -0.279565 -0.044161 -0.062564 0.957068
-0.05434 -0.14794 -0.03756 1.0 -0.250681 0.011376 -0.041005 0.967134
-0.01196 -0.15393 -0.04553 1.0 -0.359934 0.005665 -0.011343 0.932892
0.03124 -0.14728 -0.04113 1.0 -0.451288 -0.005688 0.022319 0.892081
0.07001 -0.1413 -0.02956 1.0 -0.551866 -0.02795 0.049657 0.831984
-0.00249 -0.14826 0.01591 1.0 0.707107 0.0 0.0 0.707107
-0.09958 -0.09391 0.02147 1.0 -0.286017 0.050143 -0.077854 0.953739
0.00074 0.05825 -0.00249 1.0 -0.435746 0.007509 -0.000772 0.900038
0.00034 0.05524 -0.00625 1.0 -0.435745 0.007497 -0.000752 0.900039
0.00033 0.0566 -0.00383 1.0 -0.435746 0.007485 -0.000752 0.900038
0.00078 0.0516 -0.00392 1.0 -0.435746 0.007485 -0.000752 0.900038
0.00086 0.05627 -0.00025 1.0 0.00254 0.0032 0.063706 0.99796
-0.00074 -0.05825 0.00249 1.0 -0.406857 0.005243 0.00119 0.913476
-0.00034 -0.05524 0.00625 1.0 -0.406857 0.005253 0.001171 0.913476
-0.00033 -0.0566 0.00383 1.0 -0.406857 0.005308 0.001152 0.913476
-0.00078 -0.0516 0.00392 1.0 -0.406857 0.005283 0.001164 0.913476
-0.00086 -0.05627 0.00025 1.0 0.001007 0.001444 0.246913 0.969036


##### Pose: 13 #############################################

0.0 0.0 0.0 1.0 0.0 0.0 0.707107 0.707107
0.0 0.0 0.6234 1.0 0.0 0.0 0.0 1.0
0.0 0.0 0.0 1.0 0.0 0.0 0.0 1.0
0.0681 -0.00936 -0.14443 1.0 0.00028 0.004591 -0.643269 0.765626
0.2 0.0 0.025 1.0 0.0 0.0 0.0 1.0
0.00313 0.12307 0.0005 1.0 0.142485 -0.119612 0.306446 0.933532
0.00313 -0.12307 0.0005 1.0 -0.111657 0.954159 -0.192041 0.200583
0.00295 0.0 0.10781 1.0 -0.04309 0.018181 0.181969 0.982191
0.00295 0.0 0.10781 1.0 -0.022893 0.006419 0.090509 0.995612
0.0 0.0 0.12763 1.0 -0.017495 0.036879 0.082142 0.995784
-0.00405 0.00155 -0.20992 1.0 0.029362 0.54371 -0.029423 0.838243
0.00406 -0.00155 0.20992 1.0 0.009821 0.58382 0.030248 0.81126
-0.00508 0.00195 -0.15497 1.0 0.004264 -0.000846 0.158721 0.987314
-0.00603 0.00231 -0.184 1.0 -0.166082 -0.398479 0.143331 0.890555
-0.02319 0.09435 0.08792 1.0 0.000323 -0.020324 -0.110256 0.993695
-0.02727 0.0 0.12737 1.0 -0.024715 0.059352 0.160528 0.984935
0.0051 -0.0019 0.155 1.0 0.002207 0.000999 -0.053434 0.998568
0.00603 -0.00235 0.184 1.0 -0.226118 -0.313555 -0.046759 0.921069
-0.02319 -0.09435 0.08792 1.0 0.190643 0.979619 -0.02881 0.056319
0.01955 0.0 0.11236 1.0 0.041426 -0.089793 0.220906 0.970269
-0.0012 0.0935 -0.00094 1.0 -0.261711 -0.304998 0.201788 0.893177
0.1367 0.00103 -0.07412 1.0 0.0 -0.024996 0.000244 0.999688
0.0012 -0.0935 0.00094 1.0 -0.046205 -0.038847 -0.27149 0.960546
-0.1367 -0.00103 0.07412 1.0 0.000691 -0.074892 0.002284 0.997189
0.04184 0.0 0.29363 1.0 0.0 0.0 0.0 1.0
0.0 0.17528 0.00003 1.0 0.01199 0.02959 -0.234653 0.971555
0.21175 -0.00194 0.03537 1.0 0.0 0.0 0.0 1.0
0.01545 -0.00217 0.03772 1.0 0.0 0.0 0.0 1.0
0.20253 -0.00433 0.07298 1.0 0.0 0.0 0.0 1.0
0.0 -0.17528 -0.00003 1.0 -0.072068 -0.094997 -0.336657 0.934047
0.21133 -0.00375 0.03157 1.0 0.0 0.0 0.0 1.0
0.00303 0.17235 -0.00004 1.0 0.046492 -0.170051 0.011624 0.984269
0.00212 0.18336 0.00058 1.0 -0.000762 -0.165924 0.000211 0.986138
-0.00303 -0.17235 0.00005 1.0 -0.108262 -0.221744 -0.020486 0.96886
-0.00216 -0.18336 0.00293 1.0 -0.024564 -0.220697 0.001196 0.975032
0.05434 0.14794 0.03756 1.0 -0.367888 0.057306 -0.123223 0.919886
0.01196 0.15393 0.04553 1.0 -0.431073 0.021885 -0.030103 0.901549
-0.03124 0.14728 0.04113 1.0 -0.481583 -0.025043 0.056872 0.874195
-0.07001 0.1413 0.02956 1.0 -0.531664 -0.080461 0.138014 0.831752
0.09958 0.0939 -0.02147 1.0 -0.225113 -0.028623 -0.002927 0.973908
-0.05434 -0.14794 -0.03756 1.0 -0.386079 0.012238 -0.023058 0.922096
-0.01196 -0.15393 -0.04553 1.0 -0.444806 0.005555 -0.006979 0.895583
0.03124 -0.14728 -0.04113 1.0 -0.49306 -0.0015 0.013578 0.869888
0.07001 -0.1413 -0.02956 1.0 -0.548589 -0.013579 0.028846 0.835484
-0.00249 -0.14826 0.01591 1.0 0.707107 0.0 0.0 0.707107
-0.09958 -0.09391 0.02147 1.0 -0.337721 0.115285 0.091826 0.929635
0.00074 0.05825 -0.00249 1.0 -0.444368 0.008039 -0.00068 0.895808
0.00034 0.05524 -0.00625 1.0 -0.444368 0.008028 -0.00068 0.895808
0.00033 0.0566 -0.00383 1.0 -0.444369 0.008015 -0.000657 0.895808
0.00078 0.0516 -0.00392 1.0 -0.444369 0.007994 -0.00068 0.895808
0.00086 0.05627 -0.00025 1.0 0.005418 0.004378 0.158051 0.987406
-0.00074 -0.05825 0.00249 1.0 -0.468279 0.005314 0.000819 0.883564
-0.00034 -0.05524 0.00625 1.0 -0.468279 0.005321 0.00081 0.883564
-0.00033 -0.0566 0.00383 1.0 -0.468279 0.005375 0.000782 0.883564
-0.00078 -0.0516 0.00392 1.0 -0.468279 0.00535 0.0008 0.883564
-0.00086 -0.05627 0.00025 1.0 0.003493 0.005496 0.439386 0.898275


##### Pose: 14 #############################################

0.0 0.0 0.0 1.0 0.0 0.0 0.707107 0.707107
0.0 0.0 0.6234 1.0 0.0 0.0 0.0 1.0
0.0 0.0 0.0 1.0 0.0 0.0 0.0 1.0
0.0679 -0.01186 -0.12706 1.0 -0.002517 -0.015672 -0.668915 0.743169
0.2 0.0 0.025 1.0 0.0 0.0 0.0 1.0
0.00313 0.12307 0.0005 1.0 0.083473 -0.061702 0.305548 0.946502
0.00313 -0.12307 0.0005 1.0 -0.095176 0.964163 -0.211152 0.129406
0.00295 0.0 0.10781 1.0 -0.025459 0.042852 0.10405 0.993322
0.00295 0.0 0.10781 1.0 -0.014034 0.020584 0.052099 0.998331
0.0 0.0 0.12763 1.0 -0.015024 0.038733 0.056933 0.997513
-0.00405 0.00155 -0.20992 1.0 0.006825 0.461467 -0.002904 0.887126
0.00406 -0.00155 0.20992 1.0 0.003286 0.510536 0.018876 0.859643
-0.00508 0.00195 -0.15497 1.0 0.004326 -0.000791 0.143275 0.989673
-0.00603 0.00231 -0.184 1.0 -0.086706 -0.384683 0.130289 0.909684
-0.02319 0.09435 0.08792 1.0 0.00061 -0.011232 -0.060409 0.99811
-0.02727 0.0 0.12737 1.0 -0.019386 0.063019 0.190856 0.979401
0.0051 -0.0019 0.155 1.0 -0.001735 0.001515 -0.115148 0.993346
0.00603 -0.00235 0.184 1.0 -0.178475 -0.31376 -0.105258 0.926619
-0.02319 -0.09435 0.08792 1.0 0.098846 0.99461 -0.012237 0.028822
0.01955 0.0 0.11236 1.0 0.023465 -0.081369 0.32291 0.942633
-0.0012 0.0935 -0.00094 1.0 -0.293434 -0.304341 0.194215 0.885186
0.1367 0.00103 -0.07412 1.0 0.0 -0.024996 0.000244 0.999688
0.0012 -0.0935 0.00094 1.0 -0.133329 0.056296 -0.295608 0.944283
-0.1367 -0.00103 0.07412 1.0 0.000691 -0.074892 0.002284 0.997189
0.04184 0.0 0.29363 1.0 0.0 0.0 0.0 1.0
0.0 0.17528 0.00003 1.0 0.001115 -0.00085 -0.521733 0.853108
0.21175 -0.00194 0.03537 1.0 0.0 0.0 0.0 1.0
0.01545 -0.00217 0.03772 1.0 0.0 0.0 0.0 1.0
0.20253 -0.00433 0.07298 1.0 0.0 0.0 0.0 1.0
0.0 -0.17528 -0.00003 1.0 -0.102042 -0.176894 -0.390231 0.897784
0.21133 -0.00375 0.03157 1.0 0.0 0.0 0.0 1.0
0.00303 0.17235 -0.00004 1.0 -0.046501 -0.11283 -0.047289 0.991399
0.00212 0.18336 0.00058 1.0 -0.000457 -0.109503 0.0 0.993986
-0.00303 -0.17235 0.00004 1.0 -0.124861 -0.298372 -0.020651 0.946022
-0.00216 -0.18336 0.00112 1.0 -0.019578 -0.302849 0.00193 0.952836
0.05434 0.14794 0.03756 1.0 -0.348778 0.050162 -0.117571 0.928447
0.01196 0.15393 0.04553 1.0 -0.408136 0.020941 -0.028778 0.912227
-0.03124 0.14728 0.04113 1.0 -0.455303 -0.021966 0.054527 0.888394
-0.07001 0.1413 0.02956 1.0 -0.503102 -0.070216 0.134351 0.850828
0.09958 0.0939 -0.02147 1.0 -0.18361 -0.00615 0.054068 0.981492
-0.05434 -0.14794 -0.03756 1.0 -0.490228 0.009679 -0.008204 0.871502
-0.01196 -0.15393 -0.04553 1.0 -0.509651 0.005277 -0.002928 0.86036
0.03124 -0.14728 -0.04113 1.0 -0.526439 0.002093 0.005639 0.850192
0.07001 -0.1413 -0.02956 1.0 -0.546076 -0.001485 0.011011 0.837662
-0.00249 -0.14826 0.01591 1.0 0.707107 0.0 0.0 0.707107
-0.09958 -0.09391 0.02147 1.0 -0.405451 0.144106 0.210405 0.877823
0.00074 0.05825 -0.00249 1.0 -0.418385 0.007943 -0.000423 0.908235
0.00034 0.05524 -0.00625 1.0 -0.418385 0.007919 -0.000386 0.908235
0.00033 0.0566 -0.00383 1.0 -0.418386 0.007906 -0.000366 0.908235
0.00078 0.0516 -0.00392 1.0 -0.418386 0.007906 -0.000405 0.908235
0.00086 0.05627 -0.00025 1.0 0.008136 0.005139 0.239476 0.970855
-0.00074 -0.05825 0.00249 1.0 -0.51825 0.005352 0.000518 0.855212
-0.00034 -0.05524 0.00625 1.0 -0.518249 0.005359 0.000496 0.855213
-0.00033 -0.0566 0.00383 1.0 -0.518249 0.005411 0.000473 0.855213
-0.00078 -0.0516 0.00392 1.0 -0.518249 0.005386 0.000503 0.855213
-0.00086 -0.05627 0.00025 1.0 0.004919 0.007251 0.587194 0.809399


##### Pose: 15 #############################################

0.0 0.0 0.0 1.0 0.0 0.0 0.707107 0.707107
0.0 0.0 0.6234 1.0 0.0 0.0 0.0 1.0
0.0 0.0 0.0 1.0 0.0 0.0 0.0 1.0
0.0677 -0.01517 -0.12372 1.0 -0.004157 -0.025168 -0.679295 0.733422
0.2 0.0 0.025 1.0 0.0 0.0 0.0 1.0
0.00313 0.12307 0.0005 1.0 0.055668 -0.047576 0.306771 0.948962
0.00313 -0.12307 0.0005 1.0 -0.087567 0.965056 -0.224962 0.101936
0.00295 0.0 0.10781 1.0 -0.019805 0.054187 0.072839 0.995674
0.00295 0.0 0.10781 1.0 -0.010888 0.026489 0.036131 0.998937
0.0 0.0 0.12763 1.0 -0.01459 0.036011 0.048798 0.998053
-0.00405 0.00155 -0.20992 1.0 -0.002201 0.438729 0.004389 0.898606
0.00406 -0.00155 0.20992 1.0 -0.000872 0.495523 0.006454 0.86857
-0.00508 0.00195 -0.15497 1.0 0.004161 -0.000712 0.130489 0.991441
-0.00603 0.00231 -0.184 1.0 -0.047007 -0.386177 0.11755 0.913696
-0.02319 0.09435 0.08792 1.0 0.0 -0.000173 -0.001036 0.999999
-0.02727 0.0 0.12737 1.0 -0.009711 0.066575 0.190181 0.979441
0.0051 -0.0019 0.155 1.0 -0.004892 0.001899 -0.148863 0.988844
0.00603 -0.00235 0.184 1.0 -0.158459 -0.33284 -0.137275 0.919382
-0.02319 -0.09435 0.08792 1.0 0.002361 0.999997 -0.000173 0.000597
0.01955 0.0 0.11236 1.0 0.007205 -0.071216 0.373146 0.925007
-0.0012 0.0935 -0.00094 1.0 -0.329552 -0.291824 0.215323 0.871705
0.1367 0.00103 -0.07412 1.0 0.0 -0.024996 0.000244 0.999688
0.0012 -0.0935 0.00094 1.0 -0.24298 0.175175 -0.292152 0.908252
-0.1367 -0.00103 0.07412 1.0 0.000691 -0.074892 0.002284 0.997189
0.04184 0.0 0.29363 1.0 0.0 0.0 0.0 1.0
0.0 0.17528 0.00003 1.0 -0.030945 -0.020279 -0.827873 0.559694
0.21175 -0.00194 0.03537 1.0 0.0 0.0 0.0 1.0
0.01545 -0.00217 0.03772 1.0 0.0 0.0 0.0 1.0
0.20253 -0.00433 0.07298 1.0 0.0 0.0 0.0 1.0
0.0 -0.17528 -0.00003 1.0 -0.137724 -0.252133 -0.443109 0.849185
0.21133 -0.00375 0.03157 1.0 0.0 0.0 0.0 1.0
0.00303 0.17235 -0.00004 1.0 -0.15867 -0.051809 -0.070418 0.983454
0.00212 0.18336 0.00058 1.0 -0.000961 -0.055097 0.0 0.998481
-0.00303 -0.17235 0.00004 1.0 -0.114125 -0.413264 -0.037415 0.902656
-0.00216 -0.18336 -0.00069 1.0 -0.007324 -0.418115 0.0 0.908365
0.05434 0.14794 0.03756 1.0 -0.338606 0.046648 -0.111916 0.933083
0.01196 0.15393 0.04553 1.0 -0.395706 0.019105 -0.02772 0.91776
-0.03124 0.14728 0.04113 1.0 -0.440416 -0.017966 0.052896 0.896054
-0.07001 0.1413 0.02956 1.0 -0.487971 -0.06363 0.128532 0.860996
0.09958 0.0939 -0.02147 1.0 -0.167905 0.014929 0.091576 0.981427
-0.05434 -0.14794 -0.03756 1.0 -0.545457 0.004877 0.0 0.838125
-0.01196 -0.15393 -0.04553 1.0 -0.545019 0.004861 0.0 0.83841
0.03124 -0.14728 -0.04113 1.0 -0.544828 0.004702 0.000086 0.838535
0.07001 -0.1413 -0.02956 1.0 -0.545004 0.004563 0.000086 0.838421
-0.00249 -0.14826 0.01591 1.0 0.707107 0.0 0.0 0.707107
-0.09958 -0.09391 0.02147 1.0 -0.44703 0.145525 0.262237 0.842745
0.00074 0.05825 -0.00249 1.0 -0.404383 0.007654 -0.000345 0.914558
0.00034 0.05524 -0.00625 1.0 -0.404383 0.00763 -0.000323 0.914558
0.00033 0.0566 -0.00383 1.0 -0.404384 0.00763 -0.000323 0.914557
0.00078 0.0516 -0.00392 1.0 -0.404384 0.007609 -0.000323 0.914558
0.00086 0.05627 -0.00025 1.0 0.010141 0.005969 0.289106 0.957225
-0.00074 -0.05825 0.00249 1.0 -0.54586 0.005366 0.000334 0.837859
-0.00034 -0.05524 0.00625 1.0 -0.54586 0.005372 0.000323 0.837859
-0.00033 -0.0566 0.00383 1.0 -0.545859 0.005423 0.000311 0.837859
-0.00078 -0.0516 0.00392 1.0 -0.54586 0.005399 0.000334 0.837859
-0.00086 -0.05627 0.00025 1.0 0.005685 0.008572 0.658224 0.752752