# SQEE Animation Format


################################################################################

SECTION Header

BoneCount 56
PoseCount 21
TotalTime 20

Times 1 1 1 1 1 1 1 1 1 1 1 1 1 1 1 1 1 1 1 1 0


################################################################################

SECTION Poses


##### Pose: 0 ##############################################

0.0 0.0 0.0 1.0 0.0 0.0 0.707107 0.707107
0.0 0.0 0.6234 1.0 0.0 0.0 0.0 1.0
0.0 0.0 0.0 1.0 0.0 0.0 0.0 1.0
0.0 0.00099 -0.29324 1.0 0.150839 0.291438 0.540522 0.774692
0.0 0.0 -0.6234 1.0 0.0 0.0 0.0 1.0
0.00313 0.12307 0.0005 1.0 0.003735 -0.068153 0.128623 0.989342
0.00313 -0.12307 0.0005 1.0 -0.140179 0.398639 -0.08663 0.902182
0.00295 0.0 0.10781 1.0 -0.072834 0.144951 -0.124814 0.978829
0.00295 0.0 0.10781 1.0 -0.031913 0.07511 -0.062782 0.994685
0.0 0.0 0.12763 1.0 0.076724 0.166425 -0.117209 0.976052
-0.00429 0.00478 -0.20984 1.0 -0.03131 0.532955 0.047403 0.844234
0.00406 -0.00041 0.20992 1.0 0.227026 0.832846 -0.140805 0.484769
-0.00508 0.00195 -0.15497 1.0 -0.001855 0.00693 -0.019187 0.99979
-0.00645 0.00226 -0.18398 1.0 -0.33483 -0.436333 -0.012563 0.835072
-0.02319 0.09435 0.08792 1.0 0.020676 0.021376 0.207134 0.97786
-0.02727 0.0 0.12737 1.0 0.156308 -0.375912 -0.096507 0.908265
0.0051 -0.0019 0.155 1.0 0.000953 -0.106739 -0.113621 0.987773
-0.00022 -0.00186 0.18352 1.0 -0.111096 -0.07795 -0.213219 0.967532
-0.02319 -0.09435 0.08792 1.0 0.271073 0.958574 0.08749 -0.000902
0.01955 0.0 0.11236 1.0 -0.056683 -0.244717 -0.146116 0.956844
-0.0012 0.0935 -0.00094 1.0 -0.102955 -0.003823 -0.381863 0.918459
0.1367 0.00103 -0.07412 1.0 -0.008329 -0.042409 -0.000366 0.999066
0.0012 -0.0935 0.00094 1.0 -0.281918 -0.244207 0.26263 0.889894
-0.1367 -0.00103 0.07412 1.0 -0.000244 -0.014367 -0.015608 0.999775
0.04184 0.0 0.29363 1.0 0.0 0.0 0.0 1.0
0.0 0.17528 0.00003 1.0 0.008961 -0.217159 -0.610972 0.761233
0.21175 -0.00194 0.03537 1.0 0.0 0.0 0.0 1.0
0.01545 -0.00217 0.03772 1.0 0.0 0.0 0.0 1.0
0.20253 -0.00433 0.07298 1.0 0.0 0.0 0.0 1.0
0.0 -0.17528 -0.00003 1.0 -0.095684 0.191594 -0.761541 0.611712
0.21133 -0.00375 0.03157 1.0 0.0 0.0 0.0 1.0
-0.01176 0.17134 -0.00029 1.0 -0.039317 -0.218267 -0.164192 0.961174
-0.01366 0.18217 0.00093 1.0 0.001397 -0.040419 0.085832 0.995488
0.00631 -0.17201 -0.00013 1.0 -0.09719 -0.036246 -0.221133 0.969712
0.00734 -0.18295 -0.00142 1.0 -0.000173 0.029251 0.054011 0.998112
0.05434 0.14794 0.03756 1.0 -0.626478 0.00832 -0.000266 0.779395
0.01196 0.15393 0.04553 1.0 -0.562003 0.004417 -0.000405 0.827123
-0.03124 0.14728 0.04113 1.0 -0.614447 0.004256 -0.000183 0.788947
-0.07001 0.1413 0.02956 1.0 -0.657726 0.010618 -0.00064 0.753182
0.09958 0.0939 -0.02147 1.0 -0.315941 0.020178 0.045593 0.947468
-0.05434 -0.14794 -0.03756 1.0 -0.615684 0.017753 -0.001515 0.787792
-0.01196 -0.15393 -0.04553 1.0 -0.540196 -0.007826 0.000748 0.841503
0.03124 -0.14728 -0.04113 1.0 -0.666778 0.009807 -0.00015 0.745192
0.07001 -0.1413 -0.02956 1.0 -0.704159 -0.011566 0.000402 0.709948
-0.01584 -0.15766 -0.0035 1.0 0.72351 0.02467 0.023508 0.689473
-0.09958 -0.09391 0.02147 1.0 -0.260806 0.02806 0.067018 0.962653
0.00074 0.05825 -0.00249 1.0 -0.728775 0.010631 -0.000745 0.68467
0.00034 0.05524 -0.00625 1.0 -0.634596 0.006038 -0.000857 0.77282
0.00033 0.0566 -0.00383 1.0 -0.593213 0.005267 -0.000579 0.805028
0.00078 0.0516 -0.00392 1.0 -0.683793 0.012084 -0.001171 0.729575
0.00086 0.05627 -0.00025 1.0 0.000106 0.002678 0.673696 0.739004
-0.00074 -0.05825 0.00249 1.0 -0.69309 0.020003 -0.001688 0.720571
-0.00034 -0.05524 0.00625 1.0 -0.716572 -0.010324 0.000997 0.697436
-0.00033 -0.0566 0.00383 1.0 -0.648827 0.009553 -0.000136 0.760876
-0.00078 -0.0516 0.00392 1.0 -0.646771 -0.010604 0.000345 0.76261
-0.00086 -0.05627 0.00025 1.0 -0.000106 -0.002644 0.617511 0.786558


##### Pose: 1 ##############################################

0.0 0.0 0.0 1.0 0.0 0.0 0.707107 0.707107
0.0 0.0 0.6234 1.0 0.0 0.0 0.0 1.0
0.0 0.0 0.0 1.0 0.0 0.0 0.0 1.0
0.00529 0.01416 -0.27211 1.0 0.14982 0.284479 0.512809 0.796023
0.0 0.0 -0.6234 1.0 0.0 0.0 0.0 1.0
0.00313 0.12307 0.0005 1.0 0.03321 -0.056809 0.133332 0.988884
0.00313 -0.12307 0.0005 1.0 -0.123955 0.463737 -0.094763 0.872126
0.00295 0.0 0.10781 1.0 -0.064424 0.132983 -0.13917 0.979182
0.00295 0.0 0.10781 1.0 -0.02485 0.072735 -0.068951 0.994655
0.0 0.0 0.12763 1.0 0.078824 0.160408 -0.115887 0.97705
-0.00429 0.00452 -0.20984 1.0 -0.007834 0.514391 0.011341 0.857445
0.00406 -0.00041 0.20992 1.0 0.209136 0.832976 -0.130949 0.495243
-0.00508 0.00195 -0.15497 1.0 -0.000743 0.001651 -0.003354 0.999993
-0.00645 0.00226 -0.18398 1.0 -0.260905 -0.394538 0.002607 0.881057
-0.02319 0.09435 0.08792 1.0 0.019441 0.020768 0.195815 0.980228
-0.02727 0.0 0.12737 1.0 0.135358 -0.354892 -0.092156 0.920455
0.0051 -0.0019 0.155 1.0 0.000863 -0.105382 -0.112107 0.988092
-0.00023 -0.00186 0.18352 1.0 -0.087421 -0.13854 -0.210468 0.963778
-0.02319 -0.09435 0.08792 1.0 0.25667 0.962907 0.08324 0.001301
0.01955 0.0 0.11236 1.0 -0.065679 -0.23373 -0.117596 0.962927
-0.0012 0.0935 -0.00094 1.0 -0.112533 0.020077 -0.247791 0.962046
0.1367 0.00103 -0.07412 1.0 -0.018139 -0.049364 -0.000473 0.998616
0.0012 -0.0935 0.00094 1.0 -0.255686 -0.231469 0.233379 0.909165
-0.1367 -0.00103 0.07412 1.0 -0.000273 -0.015717 -0.014934 0.999765
0.04184 0.0 0.29363 1.0 0.0 0.0 0.0 1.0
0.0 0.17528 0.00003 1.0 0.015519 -0.212064 -0.609627 0.763638
0.21175 -0.00194 0.03537 1.0 0.0 0.0 0.0 1.0
0.01545 -0.00217 0.03772 1.0 0.0 0.0 0.0 1.0
0.20253 -0.00433 0.07298 1.0 0.0 0.0 0.0 1.0
0.0 -0.17528 -0.00003 1.0 -0.09549 0.183581 -0.725582 0.656285
0.21133 -0.00375 0.03157 1.0 0.0 0.0 0.0 1.0
-0.0112 0.17134 -0.00029 1.0 -0.045258 -0.209841 -0.158133 0.963801
-0.01303 0.18217 0.00093 1.0 0.001119 -0.038898 0.082193 0.995856
0.00448 -0.17201 -0.00013 1.0 -0.098708 -0.052814 -0.208964 0.971494
0.00529 -0.1827 -0.00142 1.0 0.001112 0.0229 0.04355 0.998788
0.05434 0.14794 0.03756 1.0 -0.61275 0.008508 -0.007011 0.7902
0.01196 0.15393 0.04553 1.0 -0.553255 0.00489 -0.001879 0.832995
-0.03124 0.14728 0.04113 1.0 -0.605513 0.003577 0.002939 0.795822
-0.07001 0.1413 0.02956 1.0 -0.649601 0.007878 0.007335 0.760199
0.09958 0.0939 -0.02147 1.0 -0.30777 0.020296 0.048199 0.950023
-0.05434 -0.14794 -0.03756 1.0 -0.611773 0.017119 -0.00137 0.790847
-0.01196 -0.15393 -0.04553 1.0 -0.540417 -0.007186 0.000722 0.841366
0.03124 -0.14728 -0.04113 1.0 -0.660316 0.009563 -0.000136 0.750927
0.07001 -0.1413 -0.02956 1.0 -0.696067 -0.010749 0.000228 0.717896
-0.01517 -0.15719 -0.00252 1.0 0.722723 0.023427 0.022147 0.690385
-0.09958 -0.09391 0.02147 1.0 -0.270532 0.03391 0.080664 0.958726
0.00074 0.05825 -0.00249 1.0 -0.713763 0.010484 -0.00067 0.700309
0.00034 0.05524 -0.00625 1.0 -0.623168 0.00605 -0.00077 0.782064
0.00033 0.0566 -0.00383 1.0 -0.583416 0.005273 -0.000518 0.812156
0.00078 0.0516 -0.00392 1.0 -0.670372 0.011947 -0.00112 0.741928
0.00086 0.05627 -0.00025 1.0 0.000863 0.00315 0.655755 0.754967
-0.00074 -0.05825 0.00249 1.0 -0.6855 0.019262 -0.001456 0.727816
-0.00034 -0.05524 0.00625 1.0 -0.707934 -0.009575 0.000769 0.706213
-0.00033 -0.0566 0.00383 1.0 -0.643256 0.009318 -0.000106 0.765594
-0.00078 -0.0516 0.00392 1.0 -0.641303 -0.009827 0.00022 0.767225
-0.00086 -0.05627 0.00025 1.0 0.000444 -0.001789 0.619967 0.784626


##### Pose: 2 ##############################################

0.0 0.0 0.0 1.0 0.0 0.0 0.707107 0.707107
0.0 0.0 0.6234 1.0 0.0 0.0 0.0 1.0
0.0 0.0 0.0 1.0 0.0 0.0 0.0 1.0
0.01057 0.02733 -0.25098 1.0 0.153938 0.277498 0.479646 0.81807
0.0 0.0 -0.6234 1.0 0.0 0.0 0.0 1.0
0.00313 0.12307 0.0005 1.0 0.06211 -0.022903 0.137017 0.988354
0.00313 -0.12307 0.0005 1.0 -0.097875 0.529901 -0.121224 0.833625
0.00295 0.0 0.10781 1.0 -0.055101 0.121033 -0.153527 0.979155
0.00295 0.0 0.10781 1.0 -0.017823 0.070446 -0.075154 0.994521
0.0 0.0 0.12763 1.0 0.080946 0.154376 -0.114597 0.978
-0.00429 0.00427 -0.20984 1.0 0.012315 0.436458 -0.032741 0.899044
0.00406 -0.00041 0.20992 1.0 0.191462 0.829696 -0.122819 0.509767
-0.00508 0.00195 -0.15497 1.0 -0.001105 0.000598 -0.000913 0.999999
-0.00645 0.00226 -0.18398 1.0 -0.172396 -0.269195 0.002021 0.947528
-0.02319 0.09435 0.08792 1.0 0.018163 0.020108 0.184472 0.982464
-0.02727 0.0 0.12737 1.0 0.112958 -0.331899 -0.089187 0.932271
0.0051 -0.0019 0.155 1.0 0.000772 -0.104478 -0.111095 0.988302
-0.00023 -0.00186 0.18352 1.0 -0.071111 -0.213503 -0.209454 0.951572
-0.02319 -0.09435 0.08792 1.0 0.242198 0.967011 0.078888 0.002566
0.01955 0.0 0.11236 1.0 -0.075545 -0.221509 -0.089253 0.968122
-0.0012 0.0935 -0.00094 1.0 -0.130961 0.042241 -0.096532 0.985772
0.1367 0.00103 -0.07412 1.0 -0.118119 -0.13266 0.01196 0.984026
0.0012 -0.0935 0.00094 1.0 -0.225422 -0.220081 0.202357 0.927255
-0.1367 -0.00103 0.07412 1.0 -0.000273 -0.017068 -0.01426 0.999753
0.04184 0.0 0.29363 1.0 0.0 0.0 0.0 1.0
0.0 0.17528 0.00003 1.0 0.016563 -0.213466 -0.606827 0.765453
0.21175 -0.00194 0.03537 1.0 0.0 0.0 0.0 1.0
0.01545 -0.00217 0.03772 1.0 0.0 0.0 0.0 1.0
0.20253 -0.00433 0.07298 1.0 0.0 0.0 0.0 1.0
0.0 -0.17528 -0.00003 1.0 -0.090772 0.172831 -0.684261 0.702621
0.21133 -0.00375 0.03157 1.0 0.0 0.0 0.0 1.0
-0.01064 0.17134 -0.00029 1.0 -0.051339 -0.201281 -0.152198 0.966274
-0.01239 0.18217 0.00093 1.0 0.000854 -0.037376 0.078552 0.996209
0.00265 -0.17201 -0.00013 1.0 -0.099785 -0.069505 -0.19679 0.972875
0.00325 -0.18244 -0.00142 1.0 0.002104 0.016551 0.033072 0.999314
0.05434 0.14794 0.03756 1.0 -0.59877 0.008934 -0.01377 0.800753
0.01196 0.15393 0.04553 1.0 -0.544442 0.005399 -0.003347 0.838774
-0.03124 0.14728 0.04113 1.0 -0.596488 0.00283 0.006023 0.802594
-0.07001 0.1413 0.02956 1.0 -0.64131 0.004968 0.01525 0.767114
0.09958 0.09391 -0.02147 1.0 -0.299575 0.020369 0.05081 0.952501
-0.05434 -0.14794 -0.03756 1.0 -0.607848 0.016483 -0.001239 0.793881
-0.01196 -0.15393 -0.04553 1.0 -0.540637 -0.006545 0.000685 0.84123
0.03124 -0.14728 -0.04113 1.0 -0.653806 0.009317 0.0 0.756605
0.07001 -0.1413 -0.02956 1.0 -0.687884 -0.009929 0.0 0.725753
-0.0145 -0.15672 -0.00155 1.0 0.721932 0.02218 0.02079 0.691296
-0.09958 -0.09391 0.02147 1.0 -0.280177 0.040031 0.094178 0.954478
0.00074 0.05825 -0.00249 1.0 -0.698416 0.010339 -0.000608 0.715617
0.00034 0.05524 -0.00625 1.0 -0.611604 0.006061 -0.00068 0.791141
0.00033 0.0566 -0.00383 1.0 -0.573533 0.005279 -0.000457 0.819165
0.00078 0.0516 -0.00392 1.0 -0.656729 0.011811 -0.001078 0.754033
0.00086 0.05627 -0.00025 1.0 0.001645 0.003585 0.637433 0.770496
-0.00074 -0.05825 0.00249 1.0 -0.677833 0.018519 -0.001237 0.734982
-0.00034 -0.05524 0.00625 1.0 -0.699187 -0.008822 0.000566 0.714884
-0.00033 -0.0566 0.00383 1.0 -0.63765 0.009083 0.0 0.770273
-0.00078 -0.0516 0.00392 1.0 -0.635802 -0.00905 0.00015 0.771799
-0.00086 -0.05627 0.00025 1.0 0.000967 -0.000971 0.622422 0.782681


##### Pose: 3 ##############################################

0.0 0.0 0.0 1.0 0.0 0.0 0.707107 0.707107
0.0 0.0 0.6234 1.0 0.0 0.0 0.0 1.0
0.0 0.0 0.0 1.0 0.0 0.0 0.0 1.0
0.01586 0.0405 -0.22985 1.0 0.152752 0.268533 0.450627 0.837551
0.0 0.0 -0.6234 1.0 0.0 0.0 0.0 1.0
0.00313 0.12307 0.0005 1.0 0.089772 0.051369 0.138354 0.984967
0.00313 -0.12307 0.0005 1.0 -0.066936 0.595341 -0.160998 0.784327
0.00295 0.0 0.10781 1.0 -0.044895 0.109175 -0.167928 0.978706
0.00295 0.0 0.10781 1.0 -0.010831 0.068243 -0.081389 0.994284
0.0 0.0 0.12763 1.0 0.083087 0.148328 -0.113338 0.978902
-0.00429 0.00401 -0.20984 1.0 0.016056 0.287177 -0.0845 0.954008
0.00406 -0.00041 0.20992 1.0 0.175499 0.818503 -0.118465 0.534059
-0.00508 0.00195 -0.15497 1.0 -0.002886 0.007965 -0.021631 0.99973
-0.00645 0.00226 -0.18398 1.0 -0.064952 -0.090733 -0.023735 0.993472
-0.02319 0.09435 0.08792 1.0 0.016844 0.019396 0.173107 0.984568
-0.02727 0.0 0.12737 1.0 0.087625 -0.311 -0.084656 0.942568
0.0051 -0.0019 0.155 1.0 0.000743 -0.103328 -0.110086 0.988536
-0.00023 -0.00186 0.18352 1.0 -0.065786 -0.284152 -0.208765 0.93346
-0.02319 -0.09435 0.08792 1.0 0.227662 0.970884 0.074438 0.003634
0.01955 0.0 0.11236 1.0 -0.086249 -0.208085 -0.061156 0.972379
-0.0012 0.0935 -0.00094 1.0 -0.164092 0.061289 0.053259 0.983098
0.1367 0.00103 -0.07412 1.0 -0.227171 -0.198696 0.039266 0.95256
0.0012 -0.0935 0.00094 1.0 -0.197062 -0.208483 0.170765 0.942624
-0.1367 -0.00103 0.07412 1.0 -0.000273 -0.018417 -0.013587 0.999738
0.04184 0.0 0.29363 1.0 0.0 0.0 0.0 1.0
0.0 0.17528 0.00003 1.0 0.01956 -0.211081 -0.604429 0.767937
0.21175 -0.00194 0.03537 1.0 0.0 0.0 0.0 1.0
0.01545 -0.00217 0.03772 1.0 0.0 0.0 0.0 1.0
0.20253 -0.00433 0.07298 1.0 0.0 0.0 0.0 1.0
0.0 -0.17528 -0.00003 1.0 -0.086811 0.154567 -0.640067 0.747588
0.21133 -0.00375 0.03157 1.0 0.0 0.0 0.0 1.0
-0.01008 0.17134 -0.00029 1.0 -0.057555 -0.192589 -0.14639 0.96859
-0.01176 0.18217 0.00093 1.0 0.000598 -0.035852 0.074909 0.996545
0.00083 -0.17201 -0.00013 1.0 -0.10042 -0.086309 -0.184623 0.973849
0.0012 -0.18219 -0.00142 1.0 0.002968 0.010205 0.022581 0.999689
0.05434 0.14794 0.03756 1.0 -0.584543 0.0096 -0.020513 0.811047
0.01196 0.15393 0.04553 1.0 -0.535565 0.00594 -0.0048 0.844459
-0.03124 0.14728 0.04113 1.0 -0.587374 0.002011 0.00909 0.809262
-0.07001 0.1413 0.02956 1.0 -0.632856 0.001895 0.023101 0.773922
0.09958 0.0939 -0.02147 1.0 -0.291357 0.0204 0.053426 0.954903
-0.05434 -0.14794 -0.03756 1.0 -0.603907 0.015847 -0.001112 0.796896
-0.01196 -0.15393 -0.04553 1.0 -0.540858 -0.005902 0.000646 0.841093
0.03124 -0.14728 -0.04113 1.0 -0.647246 0.009073 -0.000061 0.762227
0.07001 -0.1413 -0.02956 1.0 -0.679613 -0.009108 -0.000143 0.733514
-0.01383 -0.15625 -0.00058 1.0 0.721139 0.02093 0.019435 0.692202
-0.09958 -0.09391 0.02147 1.0 -0.289733 0.046417 0.107554 0.949912
0.00074 0.05825 -0.00249 1.0 -0.68274 0.010196 -0.000548 0.73059
0.00034 0.05524 -0.00625 1.0 -0.599909 0.00607 -0.000592 0.800045
0.00033 0.0566 -0.00383 1.0 -0.563566 0.005284 -0.000396 0.826054
0.00078 0.0516 -0.00392 1.0 -0.642866 0.011679 -0.001043 0.765889
0.00086 0.05627 -0.00025 1.0 0.002391 0.003982 0.618742 0.785581
-0.00074 -0.05825 0.00249 1.0 -0.670092 0.017774 -0.001037 0.742065
-0.00034 -0.05524 0.00625 1.0 -0.690335 -0.008065 0.000371 0.723445
-0.00033 -0.0566 0.00383 1.0 -0.63201 0.008849 -0.000106 0.77491
-0.00078 -0.0516 0.00392 1.0 -0.630268 -0.00827 0.0 0.776334
-0.00086 -0.05627 0.00025 1.0 0.001453 -0.000183 0.624876 0.780723


##### Pose: 4 ##############################################

0.0 0.0 0.0 1.0 0.0 0.0 0.707107 0.707107
0.0 0.0 0.6234 1.0 0.0 0.0 0.0 1.0
0.0 0.0 0.0 1.0 0.0 0.0 0.0 1.0
0.02115 0.05367 -0.20873 1.0 0.153483 0.26256 0.415184 0.857396
0.0 0.0 -0.6234 1.0 0.0 0.0 0.0 1.0
0.00313 0.12307 0.0005 1.0 0.127101 0.202132 0.145428 0.960124
0.00313 -0.12307 0.0005 1.0 -0.034497 0.655773 -0.203321 0.726245
0.00295 0.0 0.10781 1.0 -0.03378 0.098784 -0.181114 0.977905
0.00295 0.0 0.10781 1.0 -0.003879 0.066127 -0.087656 0.993946
0.0 0.0 0.12763 1.0 0.085248 0.142265 -0.112111 0.979757
-0.00429 0.00376 -0.20984 1.0 -0.005673 -0.012445 -0.133776 0.990917
0.00406 -0.00041 0.20992 1.0 0.159726 0.796041 -0.117671 0.571804
-0.00508 0.00195 -0.15497 1.0 -0.005979 0.02399 -0.061901 0.997776
-0.00645 0.00226 -0.18398 1.0 0.016148 0.149361 -0.070681 0.986121
-0.02319 0.09435 0.08792 1.0 0.015483 0.018632 0.161722 0.986539
-0.02727 0.0 0.12737 1.0 0.06239 -0.290023 -0.080426 0.951591
0.0051 -0.0019 0.155 1.0 0.000819 -0.101944 -0.108592 0.988845
-0.00023 -0.00186 0.18352 1.0 -0.072691 -0.33379 -0.205399 0.917121
-0.02319 -0.09435 0.08792 1.0 0.213067 0.974522 0.069892 0.004944
0.01955 0.0 0.11236 1.0 -0.097751 -0.19349 -0.033373 0.97565
-0.0012 0.0935 -0.00094 1.0 -0.204621 0.071201 0.187736 0.958027
0.1367 0.00103 -0.07412 1.0 -0.115551 -0.135206 0.01646 0.983919
0.0012 -0.0935 0.00094 1.0 -0.16694 -0.201038 0.141527 0.954822
-0.1367 -0.00103 0.07412 1.0 -0.000273 -0.019767 -0.012914 0.999721
0.04184 0.0 0.29363 1.0 0.0 0.0 0.0 1.0
0.0 0.17528 0.00003 1.0 0.024648 -0.204608 -0.604242 0.769688
0.21175 -0.00194 0.03537 1.0 0.0 0.0 0.0 1.0
0.01545 -0.00217 0.03772 1.0 0.0 0.0 0.0 1.0
0.20253 -0.00433 0.07298 1.0 0.0 0.0 0.0 1.0
0.0 -0.17528 -0.00003 1.0 -0.076961 0.138165 -0.59484 0.788133
0.21133 -0.00375 0.03157 1.0 0.0 0.0 0.0 1.0
-0.00952 0.17134 -0.00029 1.0 -0.063905 -0.183769 -0.140715 0.970744
-0.01113 0.18217 0.00093 1.0 0.000345 -0.034327 0.071265 0.996867
-0.001 -0.17201 -0.00013 1.0 -0.100614 -0.103213 -0.172478 0.97441
-0.00084 -0.18193 -0.00142 1.0 0.003682 0.003868 0.012078 0.999913
0.05434 0.14794 0.03756 1.0 -0.570072 0.010501 -0.027233 0.821076
0.01196 0.15393 0.04553 1.0 -0.526626 0.006508 -0.006241 0.850049
-0.03124 0.14728 0.04113 1.0 -0.578172 0.001129 0.012138 0.815824
-0.07001 0.1413 0.02956 1.0 -0.624238 -0.001352 0.030883 0.780622
0.09958 0.0939 -0.02147 1.0 -0.283117 0.020388 0.056045 0.957229
-0.05434 -0.14794 -0.03756 1.0 -0.599952 0.01521 -0.000992 0.799891
-0.01196 -0.15393 -0.04553 1.0 -0.541079 -0.005261 0.000604 0.840955
0.03124 -0.14728 -0.04113 1.0 -0.640639 0.008827 0.000106 0.767791
0.07001 -0.1413 -0.02956 1.0 -0.671254 -0.008283 -0.000244 0.741181
-0.01316 -0.15578 0.00039 1.0 0.720341 0.019677 0.018082 0.693105
-0.09958 -0.09391 0.02147 1.0 -0.299194 0.053065 0.120785 0.945028
0.00074 0.05825 -0.00249 1.0 -0.666743 0.010055 -0.000503 0.74522
0.00034 0.05524 -0.00625 1.0 -0.588084 0.006078 -0.000503 0.808777
0.00033 0.0566 -0.00383 1.0 -0.553517 0.005288 -0.000334 0.832821
0.00078 0.0516 -0.00392 1.0 -0.62879 0.011549 -0.001018 0.777489
0.00086 0.05627 -0.00025 1.0 0.003098 0.00434 0.599692 0.800213
-0.00074 -0.05825 0.00249 1.0 -0.662277 0.017026 -0.000858 0.749065
-0.00034 -0.05524 0.00625 1.0 -0.681377 -0.007306 0.000236 0.731896
-0.00033 -0.0566 0.00383 1.0 -0.626336 0.008613 0.0 0.779506
-0.00078 -0.0516 0.00392 1.0 -0.624702 -0.00749 0.0 0.780827
-0.00086 -0.05627 0.00025 1.0 0.001902 0.000563 0.627328 0.778753


##### Pose: 5 ##############################################

0.0 0.0 0.0 1.0 0.0 0.0 0.707107 0.707107
0.0 0.0 0.6234 1.0 0.0 0.0 0.0 1.0
0.0 0.0 0.0 1.0 0.0 0.0 0.0 1.0
0.02643 0.06684 -0.1876 1.0 0.151405 0.246601 0.381638 0.877848
0.0 0.0 -0.6234 1.0 0.0 0.0 0.0 1.0
0.00313 0.12307 0.0005 1.0 0.156249 0.211417 0.1498 0.953126
0.00313 -0.12307 0.0005 1.0 -0.007938 0.70753 -0.236548 0.66587
0.00295 0.0 0.10781 1.0 -0.021031 0.090009 -0.193023 0.976831
0.00295 0.0 0.10781 1.0 0.003032 0.064097 -0.093951 0.993507
0.0 0.0 0.12763 1.0 0.087429 0.136187 -0.110915 0.980565
-0.00429 0.00351 -0.20984 1.0 -0.005767 -0.014869 -0.178491 0.983812
0.00406 -0.00041 0.20992 1.0 0.143612 0.757418 -0.120457 0.625447
-0.00508 0.00195 -0.15497 1.0 -0.008169 0.039534 -0.099758 0.994192
-0.00645 0.00226 -0.18398 1.0 0.075404 0.214427 -0.114177 0.967109
-0.02319 0.09435 0.08792 1.0 0.014082 0.017816 0.150317 0.988377
-0.02727 0.0 0.12737 1.0 0.038345 -0.269249 -0.072684 0.959558
0.0051 -0.0019 0.155 1.0 0.001208 -0.099378 -0.105876 0.9894
-0.00023 -0.00186 0.18352 1.0 -0.090924 -0.351728 -0.196857 0.910641
-0.02319 -0.09435 0.08792 1.0 0.198418 0.977925 0.065254 0.005908
0.01955 0.0 0.11236 1.0 -0.110014 -0.177763 -0.00597 0.977886
-0.0012 0.0935 -0.00094 1.0 -0.241021 0.067577 0.293364 0.922648
0.1367 0.00103 -0.07412 1.0 -0.003204 -0.032351 0.006428 0.999451
0.0012 -0.0935 0.00094 1.0 -0.139438 -0.191258 0.112157 0.96509
-0.1367 -0.00103 0.07412 1.0 -0.000273 -0.021117 -0.012241 0.999702
0.04184 0.0 0.29363 1.0 0.0 0.0 0.0 1.0
0.0 0.17528 0.00003 1.0 0.022991 -0.203055 -0.605799 0.768926
0.21175 -0.00194 0.03537 1.0 0.0 0.0 0.0 1.0
0.01545 -0.00217 0.03772 1.0 0.0 0.0 0.0 1.0
0.20253 -0.00433 0.07298 1.0 0.0 0.0 0.0 1.0
0.0 -0.17528 -0.00003 1.0 -0.070221 0.115407 -0.550355 0.823929
0.21133 -0.00375 0.03157 1.0 0.0 0.0 0.0 1.0
-0.00896 0.17134 -0.00029 1.0 -0.070385 -0.174825 -0.135174 0.972733
-0.01049 0.18217 0.00093 1.0 0.000122 -0.0328 0.06762 0.997172
-0.00283 -0.17201 -0.00013 1.0 -0.10037 -0.120206 -0.16037 0.974555
-0.00289 -0.18167 -0.00142 1.0 0.004271 -0.00246 0.001563 0.999987
0.05434 0.14794 0.03756 1.0 -0.555365 0.011641 -0.033923 0.830833
0.01196 0.15393 0.04553 1.0 -0.517625 0.00711 -0.007672 0.855544
-0.03124 0.14728 0.04113 1.0 -0.568883 0.00015 0.015166 0.822279
-0.07001 0.1413 0.02956 1.0 -0.61546 -0.004759 0.038594 0.787208
0.09958 0.0939 -0.02147 1.0 -0.274855 0.020331 0.058668 0.959479
-0.05434 -0.14794 -0.03756 1.0 -0.595981 0.014573 -0.000884 0.802866
-0.01196 -0.15393 -0.04553 1.0 -0.5413 -0.004621 0.000559 0.840817
0.03124 -0.14728 -0.04113 1.0 -0.633983 0.008581 0.0 0.773299
0.07001 -0.1413 -0.02956 1.0 -0.662809 -0.007457 -0.000386 0.748751
-0.01249 -0.15531 0.00136 1.0 0.71954 0.018421 0.016734 0.694005
-0.09958 -0.09391 0.02147 1.0 -0.30855 0.059971 0.133865 0.93983
0.00074 0.05825 -0.00249 1.0 -0.650433 0.009916 -0.00044 0.759499
0.00034 0.05524 -0.00625 1.0 -0.576132 0.006085 -0.000414 0.817334
0.00033 0.0566 -0.00383 1.0 -0.543386 0.005292 -0.000259 0.839466
0.00078 0.0516 -0.00392 1.0 -0.614505 0.011421 -0.000992 0.78883
0.00086 0.05627 -0.00025 1.0 0.003762 0.004658 0.580295 0.814384
-0.00074 -0.05825 0.00249 1.0 -0.654388 0.016277 -0.000691 0.755983
-0.00034 -0.05524 0.00625 1.0 -0.672317 -0.006543 0.000106 0.740234
-0.00033 -0.0566 0.00383 1.0 -0.620629 0.008379 0.000086 0.78406
-0.00078 -0.0516 0.00392 1.0 -0.619104 -0.006709 -0.000122 0.78528
-0.00086 -0.05627 0.00025 1.0 0.002317 0.001267 0.629779 0.77677


##### Pose: 6 ##############################################

0.0 0.0 0.0 1.0 0.0 0.0 0.707107 0.707107
0.0 0.0 0.6234 1.0 0.0 0.0 0.0 1.0
0.0 0.0 0.0 1.0 0.0 0.0 0.0 1.0
0.03172 0.08001 -0.16647 1.0 0.147239 0.229199 0.338927 0.900509
0.0 0.0 -0.6234 1.0 0.0 0.0 0.0 1.0
0.00313 0.12307 0.0005 1.0 0.174142 0.21637 0.153237 0.948355
0.00313 -0.12307 0.0005 1.0 0.006707 0.750353 -0.254195 0.610172
0.00295 0.0 0.10781 1.0 -0.005759 0.083809 -0.203615 0.97544
0.00295 0.0 0.10781 1.0 0.009903 0.062156 -0.100276 0.992967
0.0 0.0 0.12763 1.0 0.089628 0.130095 -0.109752 0.981324
-0.00429 0.00325 -0.20984 1.0 -0.009297 -0.015541 -0.205535 0.978482
0.00406 -0.00041 0.20992 1.0 0.126342 0.704889 -0.123208 0.687015
-0.00508 0.00195 -0.15497 1.0 -0.008931 0.046842 -0.118063 0.991861
-0.00645 0.00226 -0.18398 1.0 0.095053 0.254842 -0.13192 0.953214
-0.02319 0.09435 0.08792 1.0 0.012641 0.016951 0.138896 0.990081
-0.02727 0.0 0.12737 1.0 0.012452 -0.248409 -0.062645 0.966547
0.0051 -0.0019 0.155 1.0 0.001827 -0.095396 -0.10168 0.990231
-0.00022 -0.00186 0.18352 1.0 -0.111806 -0.342786 -0.18561 0.914082
-0.02319 -0.09435 0.08792 1.0 0.183719 0.981091 0.060529 0.006632
0.01955 0.0 0.11236 1.0 -0.122993 -0.160945 0.020992 0.979045
-0.0012 0.0935 -0.00094 1.0 -0.267293 0.052131 0.360628 0.892067
0.1367 0.00103 -0.07412 1.0 -0.015231 -0.043973 -0.001315 0.998916
0.0012 -0.0935 0.00094 1.0 -0.115705 -0.180565 0.089436 0.97263
-0.1367 -0.00103 0.07412 1.0 -0.000299 -0.022467 -0.011566 0.999681
0.04184 0.0 0.29363 1.0 0.0 0.0 0.0 1.0
0.0 0.17528 0.00003 1.0 0.025294 -0.193063 -0.61197 0.766537
0.21175 -0.00194 0.03537 1.0 0.0 0.0 0.0 1.0
0.01545 -0.00217 0.03772 1.0 0.0 0.0 0.0 1.0
0.20253 -0.00433 0.07298 1.0 0.0 0.0 0.0 1.0
0.0 -0.17528 -0.00003 1.0 -0.061508 0.092049 -0.50721 0.854682
0.21133 -0.00375 0.03157 1.0 0.0 0.0 0.0 1.0
-0.0084 0.17134 -0.00029 1.0 -0.076992 -0.165758 -0.129771 0.974554
-0.00986 0.18217 0.00093 1.0 -0.000122 -0.031272 0.063973 0.997462
-0.00465 -0.17201 -0.00013 1.0 -0.099689 -0.137277 -0.14831 0.97428
-0.00493 -0.18142 -0.00142 1.0 0.004723 -0.00878 -0.008955 0.99991
0.05434 0.14794 0.03756 1.0 -0.540425 0.013015 -0.040576 0.840312
0.01196 0.15393 0.04553 1.0 -0.508562 0.007742 -0.009089 0.860943
-0.03124 0.14728 0.04113 1.0 -0.559509 -0.00085 0.018175 0.828625
-0.07001 0.1413 0.02956 1.0 -0.606522 -0.008333 0.046229 0.793678
0.09958 0.0939 -0.02147 1.0 -0.266573 0.020231 0.061293 0.961651
-0.05434 -0.14794 -0.03756 1.0 -0.591996 0.013934 -0.000772 0.80582
-0.01196 -0.15393 -0.04553 1.0 -0.541521 -0.003979 0.000511 0.840678
0.03124 -0.14728 -0.04113 1.0 -0.62728 0.008337 0.0 0.778749
0.07001 -0.1413 -0.02956 1.0 -0.654279 -0.006629 -0.000473 0.756224
-0.01182 -0.15484 0.00233 1.0 0.718734 0.017161 0.015388 0.694903
-0.09958 -0.09391 0.02147 1.0 -0.317795 0.06713 0.146786 0.93432
0.00074 0.05825 -0.00249 1.0 -0.633817 0.009781 -0.000414 0.773421
0.00034 0.05524 -0.00625 1.0 -0.564055 0.00609 -0.000323 0.825715
0.00033 0.0566 -0.00383 1.0 -0.533175 0.005294 -0.000211 0.845988
0.00078 0.0516 -0.00392 1.0 -0.600015 0.011297 -0.000961 0.799908
0.00086 0.05627 -0.00025 1.0 0.004387 0.004938 0.560561 0.828087
-0.00074 -0.05825 0.00249 1.0 -0.646428 0.015525 -0.000521 0.762817
-0.00034 -0.05524 0.00625 1.0 -0.663154 -0.005777 -0.000061 0.748461
-0.00033 -0.0566 0.00383 1.0 -0.614889 0.008143 0.0 0.788572
-0.00078 -0.0516 0.00392 1.0 -0.613474 -0.005929 -0.00022 0.789693
-0.00086 -0.05627 0.00025 1.0 0.002696 0.001946 0.632228 0.774775


##### Pose: 7 ##############################################

0.0 0.0 0.0 1.0 0.0 0.0 0.707107 0.707107
0.0 0.0 0.6234 1.0 0.0 0.0 0.0 1.0
0.0 0.0 0.0 1.0 0.0 0.0 0.0 1.0
0.037 0.09318 -0.14534 1.0 0.136144 0.200967 0.293637 0.924583
0.0 0.0 -0.6234 1.0 0.0 0.0 0.0 1.0
0.00313 0.12307 0.0005 1.0 0.192945 0.141502 0.158344 0.957954
0.00313 -0.12307 0.0005 1.0 0.014232 0.793139 -0.254116 0.553311
0.00295 0.0 0.10781 1.0 0.012218 0.080175 -0.214197 0.973418
0.00295 0.0 0.10781 1.0 0.016732 0.060302 -0.106627 0.992328
0.0 0.0 0.12763 1.0 0.091846 0.123989 -0.108622 0.982035
-0.00429 0.003 -0.20984 1.0 0.008674 0.117369 -0.210487 0.970487
0.00406 -0.00041 0.20992 1.0 0.108552 0.643704 -0.1233 0.747435
-0.00508 0.00195 -0.15497 1.0 -0.009453 0.041907 -0.104692 0.993576
-0.00645 0.00226 -0.18398 1.0 0.086516 0.218333 -0.118592 0.96477
-0.02319 0.09435 0.08792 1.0 0.01116 0.016035 0.127459 0.991651
-0.02727 0.0 0.12737 1.0 -0.011421 -0.227092 -0.048322 0.972607
0.0051 -0.0019 0.155 1.0 0.002537 -0.090227 -0.096488 0.991233
-0.00022 -0.00186 0.18352 1.0 -0.130476 -0.31266 -0.173732 0.924682
-0.02319 -0.09435 0.08792 1.0 0.168976 0.984017 0.055718 0.007289
0.01955 0.0 0.11236 1.0 -0.122959 -0.152119 0.04656 0.979578
-0.0012 0.0935 -0.00094 1.0 -0.284926 0.030708 0.398422 0.871283
0.1367 0.00103 -0.07412 1.0 -0.043206 -0.072627 -0.02128 0.996196
0.0012 -0.0935 0.00094 1.0 -0.095905 -0.163228 0.070782 0.979361
-0.1367 -0.00103 0.07412 1.0 -0.000299 -0.023817 -0.010894 0.999657
0.04184 0.0 0.29363 1.0 0.0 0.0 0.0 1.0
0.0 0.17528 0.00003 1.0 0.026211 -0.180782 -0.622566 0.760948
0.21175 -0.00194 0.03537 1.0 0.0 0.0 0.0 1.0
0.01545 -0.00217 0.03772 1.0 0.0 0.0 0.0 1.0
0.20253 -0.00433 0.07298 1.0 0.0 0.0 0.0 1.0
0.0 -0.17528 -0.00003 1.0 -0.058874 0.060042 -0.465711 0.880932
0.21133 -0.00375 0.03157 1.0 0.0 0.0 0.0 1.0
-0.00785 0.17134 -0.00029 1.0 -0.083723 -0.156573 -0.124511 0.976203
-0.00922 0.18217 0.00093 1.0 -0.000273 -0.029743 0.060324 0.997736
-0.00648 -0.17201 -0.00013 1.0 -0.098573 -0.154414 -0.136314 0.97358
-0.00698 -0.18116 -0.00142 1.0 0.005043 -0.015083 -0.019477 0.999684
0.05434 0.14794 0.03756 1.0 -0.525258 0.014623 -0.047186 0.849508
0.01196 0.15393 0.04553 1.0 -0.499441 0.008404 -0.010494 0.866244
-0.03124 0.14728 0.04113 1.0 -0.55005 -0.00194 0.021161 0.834861
-0.07001 0.1413 0.02956 1.0 -0.597427 -0.012068 0.053786 0.800027
0.09958 0.0939 -0.02147 1.0 -0.258271 0.020089 0.06392 0.963746
-0.05434 -0.14794 -0.03756 1.0 -0.587997 0.013296 -0.00068 0.808753
-0.01196 -0.15393 -0.04553 1.0 -0.541742 -0.003337 0.000496 0.840538
0.03124 -0.14728 -0.04113 1.0 -0.620531 0.008092 0.000136 0.78414
0.07001 -0.1413 -0.02956 1.0 -0.645664 -0.0058 -0.000556 0.763599
-0.01115 -0.15437 0.0033 1.0 0.717927 0.015898 0.014045 0.695795
-0.09958 -0.09391 0.02147 1.0 -0.32692 0.074537 0.159542 0.928501
0.00074 0.05825 -0.00249 1.0 -0.616903 0.009648 -0.000361 0.78698
0.00034 0.05524 -0.00625 1.0 -0.551856 0.006094 -0.000228 0.833917
0.00033 0.0566 -0.00383 1.0 -0.522886 0.005296 -0.00015 0.852386
0.00078 0.0516 -0.00392 1.0 -0.585325 0.011175 -0.000953 0.810721
0.00086 0.05627 -0.00025 1.0 0.004968 0.005178 0.540503 0.841311
-0.00074 -0.05825 0.00249 1.0 -0.638396 0.014773 -0.000386 0.769566
-0.00034 -0.05524 0.00625 1.0 -0.653891 -0.005011 -0.000202 0.756572
-0.00033 -0.0566 0.00383 1.0 -0.609116 0.007908 0.000122 0.793042
-0.00078 -0.0516 0.00392 1.0 -0.607813 -0.005146 -0.000273 0.794064
-0.00086 -0.05627 0.00025 1.0 0.00304 0.002589 0.634674 0.77277


##### Pose: 8 ##############################################

0.0 0.0 0.0 1.0 0.0 0.0 0.707107 0.707107
0.0 0.0 0.6234 1.0 0.0 0.0 0.0 1.0
0.0 0.0 0.0 1.0 0.0 0.0 0.0 1.0
0.04229 0.08499 -0.12422 1.0 0.121088 0.160697 0.243629 0.948767
0.0 0.0 -0.6234 1.0 0.0 0.0 0.0 1.0
0.00313 0.12307 0.0005 1.0 0.230733 -0.030391 0.177419 0.956222
0.00313 -0.12307 0.0005 1.0 0.011682 0.834066 -0.237159 0.497949
0.00295 0.0 0.10781 1.0 0.033114 0.079583 -0.226019 0.970302
0.00295 0.0 0.10781 1.0 0.023475 0.058531 -0.112259 0.991676
0.0 0.0 0.12763 1.0 0.094083 0.117869 -0.107524 0.982697
-0.00429 0.00274 -0.20984 1.0 0.045344 0.370144 -0.206143 0.904678
0.00406 -0.00041 0.20992 1.0 0.090545 0.575064 -0.122158 0.803853
-0.00508 0.00195 -0.15497 1.0 -0.008349 0.034007 -0.086356 0.995649
-0.00645 0.00226 -0.18398 1.0 0.060793 0.129621 -0.098802 0.984754
-0.02319 0.09435 0.08792 1.0 0.009641 0.015069 0.116008 0.993087
-0.02727 0.0 0.12737 1.0 -0.033572 -0.203083 -0.029632 0.978137
0.0051 -0.0019 0.155 1.0 0.002968 -0.086237 -0.092271 0.991988
-0.00022 -0.00186 0.18352 1.0 -0.14075 -0.265584 -0.1672 0.938988
-0.02319 -0.09435 0.08792 1.0 0.154194 0.986702 0.050825 0.007755
0.01955 0.0 0.11236 1.0 -0.123121 -0.142981 0.072069 0.979389
-0.0012 0.0935 -0.00094 1.0 -0.292475 0.00334 0.417622 0.860255
0.1367 0.00103 -0.07412 1.0 -0.080638 -0.111775 -0.050887 0.989148
0.0012 -0.0935 0.00094 1.0 -0.075963 -0.142148 0.057528 0.985248
-0.1367 -0.00103 0.07412 1.0 -0.000273 -0.025168 -0.010221 0.999631
0.04184 0.0 0.29363 1.0 0.0 0.0 0.0 1.0
0.0 0.17528 0.00003 1.0 0.022083 -0.167877 -0.638734 0.750565
0.21175 -0.00194 0.03537 1.0 0.0 0.0 0.0 1.0
0.01545 -0.00217 0.03772 1.0 0.0 0.0 0.0 1.0
0.20253 -0.00433 0.07298 1.0 0.0 0.0 0.0 1.0
0.0 -0.17528 -0.00003 1.0 -0.054194 0.025436 -0.422731 0.904276
0.21133 -0.00375 0.03157 1.0 0.0 0.0 0.0 1.0
-0.00729 0.17134 -0.00029 1.0 -0.090574 -0.147273 -0.119397 0.977677
-0.00859 0.18217 0.00093 1.0 -0.000488 -0.028213 0.056675 0.997994
-0.00831 -0.17201 -0.00013 1.0 -0.097948 -0.178823 -0.123671 0.971151
-0.00902 -0.1809 -0.00142 1.0 0.005226 -0.021371 -0.030002 0.999308
0.05434 0.14794 0.03756 1.0 -0.509871 0.016465 -0.053745 0.858413
0.01196 0.15393 0.04553 1.0 -0.49026 0.009097 -0.011887 0.871448
-0.03124 0.14728 0.04113 1.0 -0.540509 -0.003095 0.024125 0.840987
-0.07001 0.1413 0.02956 1.0 -0.588176 -0.015965 0.06126 0.806251
0.09958 0.0939 -0.02147 1.0 -0.24995 0.019902 0.066549 0.965764
-0.05434 -0.14794 -0.03756 1.0 -0.583983 0.012656 -0.000585 0.811667
-0.01196 -0.15393 -0.04553 1.0 -0.541962 -0.002701 0.000465 0.840399
0.03124 -0.14728 -0.04113 1.0 -0.613735 0.007848 0.000183 0.789473
0.07001 -0.1413 -0.02956 1.0 -0.636966 -0.004971 -0.000622 0.770876
-0.01048 -0.1539 0.00428 1.0 0.717115 0.014633 0.012705 0.696685
-0.09958 -0.09391 0.02147 1.0 -0.335919 0.082188 0.172128 0.922375
0.00074 0.05825 -0.00249 1.0 -0.599699 0.009519 -0.000323 0.800169
0.00034 0.05524 -0.00625 1.0 -0.539539 0.006097 -0.00015 0.841939
0.00033 0.0566 -0.00383 1.0 -0.51252 0.005298 -0.000086 0.858659
0.00078 0.0516 -0.00392 1.0 -0.57044 0.011057 -0.000938 0.821264
0.00086 0.05627 -0.00025 1.0 0.00551 0.005383 0.520131 0.854052
-0.00074 -0.05825 0.00249 1.0 -0.630294 0.014019 -0.000252 0.77623
-0.00034 -0.05524 0.00625 1.0 -0.644528 -0.004241 -0.000266 0.764569
-0.00033 -0.0566 0.00383 1.0 -0.60331 0.007673 0.000086 0.79747
-0.00078 -0.0516 0.00392 1.0 -0.602121 -0.004363 -0.000311 0.798393
-0.00086 -0.05627 0.00025 1.0 0.003342 0.003189 0.637117 0.770753


##### Pose: 9 ##############################################

0.0 0.0 0.0 1.0 0.0 0.0 0.707107 0.707107
0.0 0.0 0.6234 1.0 0.0 0.0 0.0 1.0
0.0 0.0 0.0 1.0 0.0 0.0 0.0 1.0
0.04758 0.07681 -0.12284 1.0 0.101641 0.114919 0.191381 0.969451
0.0 0.0 -0.6234 1.0 0.0 0.0 0.0 1.0
0.00313 0.12307 0.0005 1.0 0.28433 -0.149767 0.219568 0.921149
0.00313 -0.12307 0.0005 1.0 -0.000546 0.871554 -0.205955 0.444945
0.00295 0.0 0.10781 1.0 0.0558 0.08267 -0.238992 0.965886
0.00295 0.0 0.10781 1.0 0.028188 0.056601 -0.118031 0.990995
0.0 0.0 0.12763 1.0 0.095679 0.111218 -0.099435 0.984169
-0.00429 0.00249 -0.20984 1.0 0.061447 0.454044 -0.212515 0.863079
0.00406 -0.00041 0.20992 1.0 0.071662 0.50564 -0.117158 0.851743
-0.00508 0.00195 -0.15497 1.0 -0.006708 0.032105 -0.082639 0.99604
-0.00645 0.00226 -0.18398 1.0 0.028482 0.139516 -0.094653 0.985274
-0.02319 0.09435 0.08792 1.0 0.008085 0.014053 0.104546 0.994388
-0.02727 0.0 0.12737 1.0 -0.056933 -0.176014 -0.007147 0.982714
0.0051 -0.0019 0.155 1.0 0.002638 -0.085336 -0.091242 0.992162
-0.00023 -0.00186 0.18352 1.0 -0.140129 -0.208684 -0.167262 0.95333
-0.02319 -0.09435 0.08792 1.0 0.139376 0.989145 0.045854 0.007997
0.01955 0.0 0.11236 1.0 -0.122003 -0.132158 0.106705 0.977887
-0.0012 0.0935 -0.00094 1.0 -0.293882 -0.025437 0.427861 0.854354
0.1367 0.00103 -0.07412 1.0 -0.120126 -0.15181 -0.087858 0.977141
0.0012 -0.0935 0.00094 1.0 -0.059244 -0.115459 0.046934 0.990433
-0.1367 -0.00103 0.07412 1.0 -0.000273 -0.026517 -0.009547 0.999603
0.04184 0.0 0.29363 1.0 0.0 0.0 0.0 1.0
0.0 0.17528 0.00003 1.0 0.016881 -0.152328 -0.656851 0.73828
0.21175 -0.00194 0.03537 1.0 0.0 0.0 0.0 1.0
0.01545 -0.00217 0.03772 1.0 0.0 0.0 0.0 1.0
0.20253 -0.00433 0.07298 1.0 0.0 0.0 0.0 1.0
0.0 -0.17528 -0.00003 1.0 -0.048716 -0.010288 -0.382255 0.922714
0.21133 -0.00375 0.03157 1.0 0.0 0.0 0.0 1.0
-0.00673 0.17134 -0.00029 1.0 -0.097543 -0.137861 -0.114431 0.978972
-0.00796 0.18217 0.00093 1.0 -0.00068 -0.026682 0.053024 0.998236
-0.01013 -0.17201 -0.00013 1.0 -0.096714 -0.203239 -0.111142 0.967981
-0.01107 -0.18065 -0.00142 1.0 0.005276 -0.02764 -0.040526 0.998782
0.05434 0.14794 0.03756 1.0 -0.494269 0.018537 -0.060247 0.867021
0.01196 0.15393 0.04553 1.0 -0.481022 0.009819 -0.013265 0.876553
-0.03124 0.14728 0.04113 1.0 -0.530886 -0.00432 0.027064 0.847
-0.07001 0.1413 0.02956 1.0 -0.578771 -0.020021 0.068648 0.812349
0.09958 0.09391 -0.02147 1.0 -0.24161 0.019671 0.069178 0.967705
-0.05434 -0.14794 -0.03756 1.0 -0.579954 0.012016 -0.000503 0.81456
-0.01196 -0.15393 -0.04553 1.0 -0.542183 -0.002059 0.000414 0.840258
0.03124 -0.14728 -0.04113 1.0 -0.606893 0.007604 0.000173 0.794747
0.07001 -0.1413 -0.02956 1.0 -0.628187 -0.004139 -0.000652 0.778051
-0.00981 -0.15343 0.00525 1.0 0.716299 0.013363 0.011368 0.697573
-0.09958 -0.09391 0.02147 1.0 -0.344783 0.090077 0.184536 0.915946
0.00074 0.05825 -0.00249 1.0 -0.582214 0.009393 -0.000323 0.812981
0.00034 0.05524 -0.00625 1.0 -0.527104 0.006099 0.0 0.849779
0.00033 0.0566 -0.00383 1.0 -0.502079 0.005298 0.0 0.864806
0.00078 0.0516 -0.00392 1.0 -0.555366 0.010943 -0.00093 0.831533
0.00086 0.05627 -0.00025 1.0 0.006008 0.005546 0.499457 0.8663
-0.00074 -0.05825 0.00249 1.0 -0.622122 0.013266 -0.000193 0.782808
-0.00034 -0.05524 0.00625 1.0 -0.635068 -0.00347 -0.000345 0.772448
-0.00033 -0.0566 0.00383 1.0 -0.597473 0.00744 0.00015 0.801855
-0.00078 -0.0516 0.00392 1.0 -0.596398 -0.003581 -0.000334 0.802681
-0.00086 -0.05627 0.00025 1.0 0.003613 0.003758 0.639557 0.768726


##### Pose: 10 #############################################

0.0 0.0 0.0 1.0 0.0 0.0 0.707107 0.707107
0.0 0.0 0.6234 1.0 0.0 0.0 0.0 1.0
0.0 0.0 0.0 1.0 0.0 0.0 0.0 1.0
0.05286 0.06862 -0.12147 1.0 0.080392 0.066022 0.137834 0.984977
0.0 0.0 -0.6234 1.0 0.0 0.0 0.0 1.0
0.00313 0.12307 0.0005 1.0 0.331672 -0.226956 0.268095 0.875563
0.00313 -0.12307 0.0005 1.0 -0.020281 0.905074 -0.162296 0.392543
0.00295 0.0 0.10781 1.0 0.075792 0.088686 -0.251926 0.960689
0.00295 0.0 0.10781 1.0 0.032862 0.05473 -0.12382 0.990249
0.0 0.0 0.12763 1.0 0.090448 0.105952 -0.091927 0.985973
-0.00429 0.00224 -0.20984 1.0 0.063229 0.461153 -0.218188 0.857749
0.00406 -0.00041 0.20992 1.0 0.054775 0.436609 -0.109671 0.89126
-0.00508 0.00195 -0.15497 1.0 -0.005739 0.033709 -0.086262 0.995686
-0.00645 0.00226 -0.18398 1.0 0.020094 0.183018 -0.099155 0.97789
-0.02319 0.09435 0.08792 1.0 0.006489 0.012988 0.093073 0.995553
-0.02727 0.0 0.12737 1.0 -0.077735 -0.14934 0.015547 0.985603
0.0051 -0.0019 0.155 1.0 0.001748 -0.087049 -0.092915 0.99186
-0.00022 -0.00186 0.18352 1.0 -0.128454 -0.147886 -0.172852 0.965273
-0.02319 -0.09435 0.08792 1.0 0.124289 0.991373 0.040814 0.008126
0.01955 0.0 0.11236 1.0 -0.12109 -0.120912 0.141176 0.975083
-0.0012 0.0935 -0.00094 1.0 -0.293613 -0.058372 0.423217 0.855144
0.1367 0.00103 -0.07412 1.0 -0.147565 -0.180671 -0.116784 0.965373
0.0012 -0.0935 0.00094 1.0 -0.045658 -0.088088 0.039209 0.994293
-0.1367 -0.00103 0.07412 1.0 -0.000273 -0.027867 -0.008874 0.999572
0.04184 0.0 0.29363 1.0 0.0 0.0 0.0 1.0
0.0 0.17528 0.00003 1.0 0.013692 -0.134651 -0.677719 0.722758
0.21175 -0.00194 0.03537 1.0 0.0 0.0 0.0 1.0
0.01545 -0.00217 0.03772 1.0 0.0 0.0 0.0 1.0
0.20253 -0.00433 0.07298 1.0 0.0 0.0 0.0 1.0
0.0 -0.17528 -0.00003 1.0 -0.044785 -0.044649 -0.344918 0.9365
0.21133 -0.00375 0.03157 1.0 0.0 0.0 0.0 1.0
-0.00617 0.17134 -0.00029 1.0 -0.104626 -0.128341 -0.109618 0.980085
-0.00732 0.18217 0.00093 1.0 -0.000846 -0.025149 0.049372 0.998463
-0.01196 -0.17201 -0.00013 1.0 -0.096235 -0.227908 -0.104979 0.963211
-0.01311 -0.18039 -0.00142 1.0 0.005141 -0.033876 -0.052514 0.998032
0.05434 0.14794 0.03756 1.0 -0.478458 0.02084 -0.066686 0.875327
0.01196 0.15393 0.04553 1.0 -0.471727 0.010573 -0.014629 0.88156
-0.03124 0.14728 0.04113 1.0 -0.521183 -0.00561 0.029978 0.8529
-0.07001 0.1413 0.02956 1.0 -0.569215 -0.024235 0.075946 0.818315
0.09958 0.0939 -0.02147 1.0 -0.233253 0.019396 0.071808 0.969567
-0.05434 -0.14794 -0.03756 1.0 -0.575912 0.011375 -0.000414 0.817432
-0.01196 -0.15393 -0.04553 1.0 -0.542404 -0.001416 0.000376 0.840117
0.03124 -0.14728 -0.04113 1.0 -0.600005 0.007359 0.000173 0.799962
0.07001 -0.1413 -0.02956 1.0 -0.619327 -0.003309 -0.000682 0.785126
-0.00914 -0.15296 0.00622 1.0 0.71548 0.01209 0.010034 0.698456
-0.09958 -0.09391 0.02147 1.0 -0.353506 0.0982 0.196761 0.909217
0.00074 0.05825 -0.00249 1.0 -0.564454 0.009271 -0.000311 0.825412
0.00034 0.05524 -0.00625 1.0 -0.514556 0.006099 0.0 0.857435
0.00033 0.0566 -0.00383 1.0 -0.491565 0.005298 0.0 0.870825
0.00078 0.0516 -0.00392 1.0 -0.540107 0.010831 -0.000926 0.841526
0.00086 0.05627 -0.00025 1.0 0.006465 0.005675 0.478494 0.878049
-0.00074 -0.05825 0.00249 1.0 -0.613882 0.012511 -0.000086 0.789299
-0.00034 -0.05524 0.00625 1.0 -0.625512 -0.002697 -0.000386 0.78021
-0.00033 -0.0566 0.00383 1.0 -0.591603 0.007205 0.000173 0.806197
-0.00078 -0.0516 0.00392 1.0 -0.590645 -0.002798 -0.000356 0.806927
-0.00086 -0.05627 0.00025 1.0 0.003847 0.00429 0.641992 0.76669


##### Pose: 11 #############################################

0.0 0.0 0.0 1.0 0.0 0.0 0.707107 0.707107
0.0 0.0 0.6234 1.0 0.0 0.0 0.0 1.0
0.0 0.0 0.0 1.0 0.0 0.0 0.0 1.0
0.05815 0.06043 -0.1201 1.0 0.058946 0.020946 0.078612 0.994941
0.0 0.0 -0.6234 1.0 0.0 0.0 0.0 1.0
0.00313 0.12307 0.0005 1.0 0.345756 -0.253139 0.303346 0.85109
0.00313 -0.12307 0.0005 1.0 -0.044073 0.930614 -0.10738 0.347109
0.00295 0.0 0.10781 1.0 0.091368 0.097556 -0.262142 0.955728
0.00295 0.0 0.10781 1.0 0.037498 0.052915 -0.129625 0.98944
0.0 0.0 0.12763 1.0 0.085267 0.100733 -0.084363 0.987656
-0.00429 0.00198 -0.20984 1.0 0.058567 0.466139 -0.212425 0.856831
0.00406 -0.00041 0.20992 1.0 0.042727 0.396888 -0.094962 0.911941
-0.00508 0.00195 -0.15497 1.0 -0.006565 0.036181 -0.091168 0.995156
-0.00645 0.00226 -0.18398 1.0 0.030378 0.1813 -0.103117 0.977535
-0.02319 0.09435 0.08792 1.0 0.00486 0.011875 0.081592 0.996583
-0.02727 0.0 0.12737 1.0 -0.09353 -0.121419 0.03928 0.987404
0.0051 -0.0019 0.155 1.0 0.001064 -0.086647 -0.092356 0.991948
-0.00022 -0.00186 0.18352 1.0 -0.104178 -0.10447 -0.173309 0.973754
-0.02319 -0.09435 0.08792 1.0 0.109175 0.993349 0.035701 0.007999
0.01955 0.0 0.11236 1.0 -0.120372 -0.109271 0.175434 0.970975
-0.0012 0.0935 -0.00094 1.0 -0.291821 -0.092363 0.411482 0.858482
0.1367 0.00103 -0.07412 1.0 -0.155662 -0.187838 -0.126656 0.96148
0.0012 -0.0935 0.00094 1.0 -0.038181 -0.060287 0.031112 0.996965
-0.1367 -0.00103 0.07412 1.0 -0.000273 -0.029217 -0.008201 0.999539
0.04184 0.0 0.29363 1.0 0.0 0.0 0.0 1.0
0.0 0.17528 0.00003 1.0 0.010109 -0.117294 -0.699056 0.705309
0.21175 -0.00194 0.03537 1.0 0.0 0.0 0.0 1.0
0.01545 -0.00217 0.03772 1.0 0.0 0.0 0.0 1.0
0.20253 -0.00433 0.07298 1.0 0.0 0.0 0.0 1.0
0.0 -0.17528 -0.00003 1.0 -0.044538 -0.08417 -0.314383 0.944508
0.21133 -0.00375 0.03157 1.0 0.0 0.0 0.0 1.0
-0.00561 0.17134 -0.00029 1.0 -0.111818 -0.118717 -0.10496 0.981013
-0.00669 0.18217 0.00093 1.0 -0.001014 -0.023616 0.045718 0.998675
-0.01379 -0.17201 -0.00013 1.0 -0.095498 -0.252481 -0.098915 0.957784
-0.01516 -0.18014 -0.00142 1.0 0.004849 -0.040084 -0.064494 0.997101
0.05434 0.14794 0.03756 1.0 -0.463502 0.023283 -0.073082 0.88277
0.01196 0.15393 0.04553 1.0 -0.462377 0.011356 -0.015979 0.886467
-0.03124 0.14728 0.04113 1.0 -0.511401 -0.006965 0.032865 0.858685
-0.07001 0.1413 0.02956 1.0 -0.559508 -0.028605 0.083151 0.824147
0.09958 0.0939 -0.02147 1.0 -0.224879 0.019078 0.074437 0.971352
-0.05434 -0.14794 -0.03756 1.0 -0.571855 0.010734 -0.000345 0.820284
-0.01196 -0.15393 -0.04553 1.0 -0.542625 -0.000772 0.000345 0.839975
0.03124 -0.14728 -0.04113 1.0 -0.593074 0.007115 0.000193 0.805117
0.07001 -0.1413 -0.02956 1.0 -0.610387 -0.002479 -0.000685 0.792099
-0.00847 -0.15249 0.00719 1.0 0.714659 0.010814 0.008703 0.699336
-0.09958 -0.09391 0.02147 1.0 -0.362477 0.104351 0.203137 0.90358
0.00074 0.05825 -0.00249 1.0 -0.54771 0.009151 -0.000299 0.836618
0.00034 0.05524 -0.00625 1.0 -0.502793 0.006097 0.000122 0.864385
0.00033 0.0566 -0.00383 1.0 -0.480978 0.005297 0.000122 0.876717
0.00078 0.0516 -0.00392 1.0 -0.525763 0.010722 -0.000938 0.850563
0.00086 0.05627 -0.00025 1.0 0.006845 0.005731 0.458761 0.888515
-0.00074 -0.05825 0.00249 1.0 -0.605574 0.011755 -0.000086 0.795702
-0.00034 -0.05524 0.00625 1.0 -0.61586 -0.001927 -0.000436 0.787853
-0.00033 -0.0566 0.00383 1.0 -0.585702 0.006971 0.000122 0.810496
-0.00078 -0.0516 0.00392 1.0 -0.584861 -0.002017 -0.000366 0.811131
-0.00086 -0.05627 0.00025 1.0 0.004042 0.004784 0.644423 0.764644


##### Pose: 12 #############################################

0.0 0.0 0.0 1.0 0.0 0.0 0.707107 0.707107
0.0 0.0 0.6234 1.0 0.0 0.0 0.0 1.0
0.0 0.0 0.0 1.0 0.0 0.0 0.0 1.0
0.06344 0.05224 -0.11872 1.0 0.041402 -0.013303 0.012935 0.99897
0.0 0.0 -0.6234 1.0 0.0 0.0 0.0 1.0
0.00313 0.12307 0.0005 1.0 0.286091 -0.267117 0.29851 0.870455
0.00313 -0.12307 0.0005 1.0 -0.066519 0.94902 -0.052981 0.303528
0.00295 0.0 0.10781 1.0 0.100417 0.107806 -0.265917 0.952671
0.00295 0.0 0.10781 1.0 0.042095 0.051159 -0.135446 0.988567
0.0 0.0 0.12763 1.0 0.08014 0.095562 -0.076743 0.98922
-0.00429 0.00173 -0.20984 1.0 0.052598 0.550768 -0.179078 0.813523
0.00406 -0.00041 0.20992 1.0 0.035015 0.40496 -0.06733 0.911179
-0.00508 0.00195 -0.15497 1.0 -0.009209 0.041989 -0.102259 0.993829
-0.00645 0.00226 -0.18398 1.0 0.055875 0.040471 -0.12102 0.99025
-0.02319 0.09435 0.08792 1.0 0.003164 0.010703 0.072524 0.997304
-0.02727 0.0 0.12737 1.0 -0.103469 -0.094783 0.061617 0.988187
0.0051 -0.0019 0.155 1.0 0.001171 -0.079614 -0.085122 0.993184
-0.00023 -0.00186 0.18352 1.0 -0.067463 -0.104417 -0.159525 0.979335
-0.02319 -0.09435 0.08792 1.0 0.094052 0.995025 0.031949 0.007666
0.01955 0.0 0.11236 1.0 -0.119838 -0.097268 0.209431 0.965565
-0.0012 0.0935 -0.00094 1.0 -0.2905 -0.126095 0.392163 0.863665
0.1367 0.00103 -0.07412 1.0 -0.185572 -0.189368 -0.107526 0.958197
0.0012 -0.0935 0.00094 1.0 -0.038141 -0.032291 0.019032 0.998569
-0.1367 -0.00103 0.07412 1.0 -0.000273 -0.030566 -0.007526 0.999504
0.04184 0.0 0.29363 1.0 0.0 0.0 0.0 1.0
0.0 0.17528 0.00003 1.0 0.004679 -0.102741 -0.721395 0.684844
0.21175 -0.00194 0.03537 1.0 0.0 0.0 0.0 1.0
0.01545 -0.00217 0.03772 1.0 0.0 0.0 0.0 1.0
0.20253 -0.00433 0.07298 1.0 0.0 0.0 0.0 1.0
0.0 -0.17528 -0.00003 1.0 -0.046525 -0.117225 -0.293004 0.947756
0.21133 -0.00375 0.03157 1.0 0.0 0.0 0.0 1.0
-0.00505 0.17134 -0.00029 1.0 -0.116716 -0.111349 -0.100445 0.981779
-0.00606 0.18217 0.00093 1.0 -0.001164 -0.022082 0.042064 0.99887
-0.01561 -0.17201 -0.00013 1.0 -0.099027 -0.277378 -0.091642 0.95124
-0.01721 -0.17988 -0.00142 1.0 0.004467 -0.045492 -0.076459 0.996024
0.05434 0.14794 0.03756 1.0 -0.448368 0.025937 -0.079408 0.889937
0.01196 0.15393 0.04553 1.0 -0.454946 0.01213 -0.017341 0.890268
-0.03124 0.14728 0.04113 1.0 -0.503588 -0.008303 0.035744 0.863164
-0.07001 0.1413 0.02956 1.0 -0.551562 -0.032921 0.090336 0.828574
0.09958 0.09391 -0.02147 1.0 -0.216488 0.018716 0.077066 0.973059
-0.05434 -0.14794 -0.03756 1.0 -0.567784 0.010092 -0.000286 0.823116
-0.01196 -0.15393 -0.04553 1.0 -0.542846 -0.000086 0.000286 0.839832
0.03124 -0.14728 -0.04113 1.0 -0.586097 0.006872 0.000193 0.810212
0.07001 -0.1413 -0.02956 1.0 -0.603271 -0.001651 -0.00068 0.797534
-0.00779 -0.15202 0.00816 1.0 0.713832 0.009535 0.007376 0.700213
-0.09958 -0.09391 0.02147 1.0 -0.37423 0.111299 0.209039 0.896586
0.00074 0.05825 -0.00249 1.0 -0.530743 0.009036 -0.000323 0.847485
0.00034 0.05524 -0.00625 1.0 -0.490937 0.006095 0.000211 0.871174
0.00033 0.0566 -0.00383 1.0 -0.472567 0.005296 0.000173 0.881279
0.00078 0.0516 -0.00392 1.0 -0.511267 0.010617 -0.000961 0.859356
0.00086 0.05627 -0.00025 1.0 0.007186 0.005753 0.438799 0.898538
-0.00074 -0.05825 0.00249 1.0 -0.598966 0.011 0.0 0.800699
-0.00034 -0.05524 0.00625 1.0 -0.608172 -0.001158 -0.000457 0.793804
-0.00033 -0.0566 0.00383 1.0 -0.57977 0.006737 0.000173 0.814752
-0.00078 -0.0516 0.00392 1.0 -0.579048 -0.00123 -0.000356 0.815292
-0.00086 -0.05627 0.00025 1.0 0.004203 0.005243 0.646848 0.762589


##### Pose: 13 #############################################

0.0 0.0 0.0 1.0 0.0 0.0 0.707107 0.707107
0.0 0.0 0.6234 1.0 0.0 0.0 0.0 1.0
0.0 0.0 0.0 1.0 0.0 0.0 0.0 1.0
0.06872 0.04405 -0.11735 1.0 0.027977 -0.040654 -0.056079 0.997206
0.0 0.0 -0.6234 1.0 0.0 0.0 0.0 1.0
0.00313 0.12307 0.0005 1.0 0.151846 -0.257961 0.288427 0.90951
0.00313 -0.12307 0.0005 1.0 -0.080751 0.959504 -0.013529 0.269534
0.00295 0.0 0.10781 1.0 0.100474 0.116224 -0.257223 0.954061
0.00295 0.0 0.10781 1.0 0.045845 0.048734 -0.120438 0.990463
0.0 0.0 0.12763 1.0 0.075067 0.09044 -0.069069 0.990664
-0.00429 0.00147 -0.20984 1.0 0.001507 0.575902 -0.121809 0.808392
0.00406 -0.00041 0.20992 1.0 0.025083 0.444348 -0.026551 0.895109
-0.00508 0.00195 -0.15497 1.0 -0.013116 0.057794 -0.145095 0.987641
-0.00645 0.00226 -0.18398 1.0 0.120684 -0.114778 -0.169801 0.971303
-0.02319 0.09435 0.08792 1.0 0.001439 0.009492 0.063454 0.997939
-0.02727 0.0 0.12737 1.0 -0.106457 -0.068379 0.081856 0.98858
0.0051 -0.0019 0.155 1.0 0.001835 -0.066113 -0.070711 0.995302
-0.00023 -0.00186 0.18352 1.0 -0.025609 -0.139103 -0.13031 0.981333
-0.02319 -0.09435 0.08792 1.0 0.078912 0.996459 0.028137 0.007117
0.01955 0.0 0.11236 1.0 -0.119474 -0.084932 0.243122 0.958856
-0.0012 0.0935 -0.00094 1.0 -0.292261 -0.160046 0.366285 0.868795
0.1367 0.00103 -0.07412 1.0 -0.088418 -0.154724 -0.059393 0.982199
0.0012 -0.0935 0.00094 1.0 -0.046478 -0.006972 -0.002244 0.998892
-0.1367 -0.00103 0.07412 1.0 -0.000244 -0.031916 -0.006853 0.999467
0.04184 0.0 0.29363 1.0 0.0 0.0 0.0 1.0
0.0 0.17528 0.00003 1.0 0.002308 -0.081707 -0.743701 0.663496
0.21175 -0.00194 0.03537 1.0 0.0 0.0 0.0 1.0
0.01545 -0.00217 0.03772 1.0 0.0 0.0 0.0 1.0
0.20253 -0.00433 0.07298 1.0 0.0 0.0 0.0 1.0
0.0 -0.17528 -0.00003 1.0 -0.054622 -0.147528 -0.283433 0.946001
0.21133 -0.00375 0.03157 1.0 0.0 0.0 0.0 1.0
-0.00449 0.17134 -0.00029 1.0 -0.121689 -0.103913 -0.096012 0.982433
-0.00542 0.18217 0.00093 1.0 -0.001315 -0.020547 0.038409 0.99905
-0.01744 -0.17201 -0.00013 1.0 -0.102241 -0.30208 -0.084256 0.944031
-0.01925 -0.17962 -0.00142 1.0 0.003946 -0.050869 -0.088411 0.994776
0.05434 0.14794 0.03756 1.0 -0.43306 0.028799 -0.085657 0.896824
0.01196 0.15393 0.04553 1.0 -0.447479 0.012928 -0.01869 0.894006
-0.03124 0.14728 0.04113 1.0 -0.495723 -0.009691 0.038601 0.867568
-0.07001 0.1413 0.02956 1.0 -0.543679 -0.035758 0.096397 0.832972
0.09958 0.0939 -0.02147 1.0 -0.210318 0.018494 0.079651 0.974207
-0.05434 -0.14794 -0.03756 1.0 -0.563699 0.009449 -0.000193 0.825926
-0.01196 -0.15393 -0.04553 1.0 -0.543068 0.000511 0.000259 0.839689
0.03124 -0.14728 -0.04113 1.0 -0.580995 0.00663 0.000193 0.81388
0.07001 -0.1413 -0.02956 1.0 -0.596107 -0.000823 -0.000652 0.802904
-0.00712 -0.15155 0.00913 1.0 0.713003 0.008253 0.006052 0.701087
-0.09958 -0.09391 0.02147 1.0 -0.38585 0.11841 0.214775 0.889365
0.00074 0.05825 -0.00249 1.0 -0.51356 0.008925 -0.000323 0.858007
0.00034 0.05524 -0.00625 1.0 -0.478989 0.006093 0.000273 0.8778
0.00033 0.0566 -0.00383 1.0 -0.464113 0.005293 0.000244 0.88576
0.00078 0.0516 -0.00392 1.0 -0.496625 0.010516 -0.000984 0.867901
0.00086 0.05627 -0.00025 1.0 0.007489 0.005741 0.418617 0.908114
-0.00074 -0.05825 0.00249 1.0 -0.592316 0.010245 0.000086 0.805641
-0.00034 -0.05524 0.00625 1.0 -0.600427 -0.000386 -0.000457 0.799679
-0.00033 -0.0566 0.00383 1.0 -0.575435 0.006504 0.000122 0.817822
-0.00078 -0.0516 0.00392 1.0 -0.574801 -0.000449 -0.000356 0.818293
-0.00086 -0.05627 0.00025 1.0 0.004329 0.005668 0.649269 0.760525


##### Pose: 14 #############################################

0.0 0.0 0.0 1.0 0.0 0.0 0.707107 0.707107
0.0 0.0 0.6234 1.0 0.0 0.0 0.0 1.0
0.0 0.0 0.0 1.0 0.0 0.0 0.0 1.0
0.0688 0.03586 -0.11598 1.0 0.019891 -0.052429 -0.146856 0.987567
0.0 0.0 -0.6234 1.0 0.0 0.0 0.0 1.0
0.00313 0.12307 0.0005 1.0 0.025062 -0.206318 0.286762 0.935186
0.00313 -0.12307 0.0005 1.0 -0.084055 0.968278 0.000244 0.235313
0.00295 0.0 0.10781 1.0 0.088818 0.121446 -0.229845 0.961527
0.00295 0.0 0.10781 1.0 0.050085 0.04997 -0.105234 0.991928
0.0 0.0 0.12763 1.0 0.07005 0.085368 -0.061342 0.991989
-0.00429 0.00122 -0.20984 1.0 -0.042467 0.42867 -0.084706 0.898478
0.00406 -0.00041 0.20992 1.0 0.011542 0.488413 0.013271 0.872435
-0.00508 0.00195 -0.15497 1.0 -0.019343 0.084494 -0.211358 0.973558
-0.00645 0.00226 -0.18398 1.0 0.145928 -0.097104 -0.247791 0.952825
-0.02319 0.09435 0.08792 1.0 -0.000323 0.008244 0.054384 0.998486
-0.02727 0.0 0.12737 1.0 -0.100946 -0.044477 0.102682 0.988579
0.0051 -0.0019 0.155 1.0 0.002039 -0.053241 -0.056781 0.996964
-0.00023 -0.00186 0.18352 1.0 0.003582 -0.196717 -0.10488 0.974828
-0.02319 -0.09435 0.08792 1.0 0.063759 0.997649 0.024268 0.006504
0.01955 0.0 0.11236 1.0 -0.120963 -0.074292 0.266061 0.953447
-0.0012 0.0935 -0.00094 1.0 -0.293982 -0.192494 0.339086 0.872663
0.1367 0.00103 -0.07412 1.0 -0.038362 -0.064937 -0.025116 0.996835
0.0012 -0.0935 0.00094 1.0 -0.067457 0.019189 -0.036811 0.996858
-0.1367 -0.00103 0.07412 1.0 -0.000273 -0.038061 -0.00618 0.999256
0.04184 0.0 0.29363 1.0 0.0 0.0 0.0 1.0
0.0 0.17528 0.00003 1.0 -0.005846 -0.066255 -0.762942 0.643036
0.21175 -0.00194 0.03537 1.0 0.0 0.0 0.0 1.0
0.01545 -0.00217 0.03772 1.0 0.0 0.0 0.0 1.0
0.20253 -0.00433 0.07298 1.0 0.0 0.0 0.0 1.0
0.0 -0.17528 -0.00003 1.0 -0.063492 -0.172162 -0.289801 0.939332
0.21133 -0.00375 0.03157 1.0 0.0 0.0 0.0 1.0
-0.00393 0.17134 -0.00029 1.0 -0.126757 -0.096438 -0.091927 0.982946
-0.00479 0.18217 0.00093 1.0 -0.001439 -0.019011 0.034754 0.999214
-0.01927 -0.17201 -0.00013 1.0 -0.105138 -0.326569 -0.076765 0.936166
-0.0213 -0.17937 -0.00142 1.0 0.003294 -0.056213 -0.100346 0.993358
0.05434 0.14794 0.03756 1.0 -0.417753 0.032653 -0.090167 0.903486
0.01196 0.15393 0.04553 1.0 -0.439979 0.013747 -0.020027 0.89768
-0.03124 0.14728 0.04113 1.0 -0.487807 -0.01113 0.041435 0.871897
-0.07001 0.1413 0.02956 1.0 -0.5357 -0.038696 0.102408 0.837282
0.09958 0.0939 -0.02147 1.0 -0.20414 0.018241 0.082236 0.975311
-0.05434 -0.14794 -0.03756 1.0 -0.560993 0.008806 -0.00015 0.827774
-0.01196 -0.15393 -0.04553 1.0 -0.543289 0.001145 0.000173 0.839545
0.03124 -0.14728 -0.04113 1.0 -0.57587 0.006387 0.000173 0.817516
0.07001 -0.1413 -0.02956 1.0 -0.588895 0.0 -0.000598 0.808209
-0.00645 -0.15108 0.01011 1.0 0.71217 0.006968 0.00473 0.701957
-0.09958 -0.09391 0.02147 1.0 -0.397332 0.125679 0.220343 0.881919
0.00074 0.05825 -0.00249 1.0 -0.496169 0.008818 -0.000345 0.868181
0.00034 0.05524 -0.00625 1.0 -0.466951 0.006088 0.000366 0.884262
0.00033 0.0566 -0.00383 1.0 -0.455616 0.00529 0.000299 0.890161
0.00078 0.0516 -0.00392 1.0 -0.48184 0.010418 -0.001007 0.876197
0.00086 0.05627 -0.00025 1.0 0.007751 0.005697 0.398225 0.917237
-0.00074 -0.05825 0.00249 1.0 -0.585625 0.00949 0.000086 0.810527
-0.00034 -0.05524 0.00625 1.0 -0.592625 0.000386 -0.000423 0.805478
-0.00033 -0.0566 0.00383 1.0 -0.571084 0.006271 0.000122 0.820868
-0.00078 -0.0516 0.00392 1.0 -0.570538 0.000323 -0.000323 0.821271
-0.00086 -0.05627 0.00025 1.0 0.004416 0.006054 0.651683 0.758455


##### Pose: 15 #############################################

0.0 0.0 0.0 1.0 0.0 0.0 0.707107 0.707107
0.0 0.0 0.6234 1.0 0.0 0.0 0.0 1.0
0.0 0.0 0.0 1.0 0.0 0.0 0.0 1.0
0.06888 0.02767 -0.1146 1.0 0.011201 -0.058693 -0.262768 0.963007
0.0 0.0 -0.6234 1.0 0.0 0.0 0.0 1.0
0.00313 0.12307 0.0005 1.0 0.004295 -0.167035 0.30609 0.937225
0.00313 -0.12307 0.0005 1.0 -0.083213 0.975526 -0.017418 0.202784
0.00295 0.0 0.10781 1.0 0.066501 0.121129 -0.18078 0.973768
0.00295 0.0 0.10781 1.0 0.038917 0.049657 -0.090777 0.993871
0.0 0.0 0.12763 1.0 0.054471 0.079771 -0.05442 0.993835
-0.00429 0.00117 -0.20984 1.0 -0.042935 0.342184 -0.06934 0.936087
0.00406 -0.00041 0.20992 1.0 -0.001129 0.530599 0.03993 0.846681
-0.00508 0.00195 -0.15497 1.0 -0.019343 0.084494 -0.211358 0.973558
-0.00645 0.00226 -0.18398 1.0 0.113284 -0.107396 -0.246944 0.956374
-0.02319 0.09435 0.08792 1.0 -0.000173 0.006875 0.045327 0.998949
-0.02727 0.0 0.12737 1.0 -0.086474 -0.018545 0.123208 0.988432
0.0051 -0.0019 0.155 1.0 0.001577 -0.047033 -0.050291 0.997625
-0.00023 -0.00186 0.18352 1.0 0.006948 -0.258652 -0.097053 0.961058
-0.02319 -0.09435 0.08792 1.0 0.048598 0.998595 0.020344 0.005691
0.01955 0.0 0.11236 1.0 -0.095233 -0.071778 0.28684 0.950527
-0.0012 0.0935 -0.00094 1.0 -0.298786 -0.22131 0.307226 0.875992
0.1367 0.00103 -0.07412 1.0 -0.000546 -0.023883 -0.002612 0.999711
0.0012 -0.0935 0.00094 1.0 -0.100407 0.048478 -0.084618 0.990156
-0.1367 -0.00103 0.07412 1.0 -0.000273 -0.044204 -0.005504 0.999007
0.04184 0.0 0.29363 1.0 0.0 0.0 0.0 1.0
0.0 0.17528 0.00003 1.0 -0.015975 -0.055781 -0.780231 0.622794
0.21175 -0.00194 0.03537 1.0 0.0 0.0 0.0 1.0
0.01545 -0.00217 0.03772 1.0 0.0 0.0 0.0 1.0
0.20253 -0.00433 0.07298 1.0 0.0 0.0 0.0 1.0
0.0 -0.17528 -0.00003 1.0 -0.07613 -0.195589 -0.312627 0.926398
0.21133 -0.00375 0.03157 1.0 0.0 0.0 0.0 1.0
-0.00338 0.17134 -0.00029 1.0 -0.131893 -0.0889 -0.087927 0.983346
-0.00415 0.18217 0.00093 1.0 -0.001539 -0.017471 0.032437 0.99932
-0.02109 -0.17201 -0.00013 1.0 -0.107713 -0.350827 -0.069184 0.927649
-0.02334 -0.17911 -0.00142 1.0 0.002499 -0.06152 -0.112261 0.991769
0.05434 0.14794 0.03756 1.0 -0.402475 0.034986 -0.093828 0.909938
0.01196 0.15393 0.04553 1.0 -0.432445 0.014591 -0.021351 0.901289
-0.03124 0.14728 0.04113 1.0 -0.479839 -0.012621 0.044246 0.876149
-0.07001 0.1413 0.02956 1.0 -0.527825 -0.042664 0.106927 0.841515
0.09958 0.0939 -0.02147 1.0 -0.197954 0.017954 0.08482 0.97637
-0.05434 -0.14794 -0.03756 1.0 -0.558282 0.008164 -0.00015 0.829611
-0.01196 -0.15393 -0.04553 1.0 -0.54351 0.001792 0.000193 0.839401
0.03124 -0.14728 -0.04113 1.0 -0.570722 0.006145 0.00015 0.82112
0.07001 -0.1413 -0.02956 1.0 -0.581637 0.000832 -0.000539 0.813448
-0.00578 -0.15061 0.01108 1.0 0.711333 0.005679 0.003412 0.702824
-0.09958 -0.09391 0.02147 1.0 -0.40765 0.129161 0.227578 0.874841
0.00074 0.05825 -0.00249 1.0 -0.478577 0.008715 -0.000323 0.878002
0.00034 0.05524 -0.00625 1.0 -0.454826 0.006082 0.000457 0.890559
0.00033 0.0566 -0.00383 1.0 -0.447078 0.005289 0.000323 0.894479
0.00078 0.0516 -0.00392 1.0 -0.466917 0.010324 -0.001043 0.88424
0.00086 0.05627 -0.00025 1.0 0.007973 0.005618 0.377634 0.925904
-0.00074 -0.05825 0.00249 1.0 -0.578895 0.008736 0.000086 0.815355
-0.00034 -0.05524 0.00625 1.0 -0.584767 0.001152 -0.000405 0.8112
-0.00033 -0.0566 0.00383 1.0 -0.566717 0.006039 0.000086 0.82389
-0.00078 -0.0516 0.00392 1.0 -0.56626 0.001115 -0.000311 0.824226
-0.00086 -0.05627 0.00025 1.0 0.004541 0.00639 0.654094 0.756373


##### Pose: 16 #############################################

0.0 0.0 0.0 1.0 0.0 0.0 0.707107 0.707107
0.0 0.0 0.6234 1.0 0.0 0.0 0.0 1.0
0.0 0.0 0.0 1.0 0.0 0.0 0.0 1.0
0.06895 0.01948 -0.11323 1.0 0.005269 -0.054309 -0.391839 0.918414
0.0 0.0 -0.6234 1.0 0.0 0.0 0.0 1.0
0.00313 0.12307 0.0005 1.0 0.050851 -0.154102 0.326295 0.931235
0.00313 -0.12307 0.0005 1.0 -0.080315 0.979207 -0.059705 0.176461
0.00295 0.0 0.10781 1.0 0.038793 0.113274 -0.115551 0.986059
0.00295 0.0 0.10781 1.0 0.026958 0.049336 -0.060984 0.996554
0.0 0.0 0.12763 1.0 0.037707 0.073838 -0.030355 0.996095
-0.00429 0.00111 -0.20984 1.0 -0.031973 0.399353 -0.061682 0.914161
0.00406 -0.00041 0.20992 1.0 -0.008675 0.561642 0.04772 0.825957
-0.00508 0.00195 -0.15497 1.0 -0.012644 0.055528 -0.138978 0.988657
-0.00645 0.00226 -0.18398 1.0 0.07226 -0.195505 -0.162094 0.964511
-0.02319 0.09435 0.08792 1.0 0.0 0.005503 0.036267 0.999327
-0.02727 0.0 0.12737 1.0 -0.066285 0.005436 0.142587 0.987545
0.0051 -0.0019 0.155 1.0 0.000863 -0.049709 -0.053238 0.997344
-0.00023 -0.00186 0.18352 1.0 -0.012749 -0.314842 -0.101217 0.943646
-0.02319 -0.09435 0.08792 1.0 0.033433 0.999295 0.016368 0.004882
0.01955 0.0 0.11236 1.0 -0.069877 -0.070535 0.307763 0.946268
-0.0012 0.0935 -0.00094 1.0 -0.306141 -0.245556 0.27766 0.876861
0.1367 0.00103 -0.07412 1.0 0.015272 -0.01087 0.007435 0.999797
0.0012 -0.0935 0.00094 1.0 -0.14162 0.080693 -0.139538 0.97671
-0.1367 -0.00103 0.07412 1.0 -0.000244 -0.050346 -0.003933 0.998724
0.04184 0.0 0.29363 1.0 0.0 0.0 0.0 1.0
0.0 0.17528 0.00003 1.0 -0.017511 -0.040672 -0.795742 0.604015
0.21175 -0.00194 0.03537 1.0 0.0 0.0 0.0 1.0
0.01545 -0.00217 0.03772 1.0 0.0 0.0 0.0 1.0
0.20253 -0.00433 0.07298 1.0 0.0 0.0 0.0 1.0
0.0 -0.17528 -0.00003 1.0 -0.092224 -0.217549 -0.344608 0.908522
0.21133 -0.00375 0.03157 1.0 0.0 0.0 0.0 1.0
-0.00282 0.17134 -0.00029 1.0 -0.137096 -0.081303 -0.084014 0.983634
-0.00352 0.18217 0.00093 1.0 -0.001629 -0.015931 0.030119 0.999418
-0.02292 -0.17201 -0.00013 1.0 -0.109965 -0.374836 -0.061522 0.918488
-0.02539 -0.17885 -0.00142 1.0 0.002086 -0.066726 -0.124188 0.99001
0.05434 0.14794 0.03756 1.0 -0.387075 0.037445 -0.097432 0.916121
0.01196 0.15393 0.04553 1.0 -0.424879 0.015457 -0.022663 0.904834
-0.03124 0.14728 0.04113 1.0 -0.471821 -0.014162 0.047032 0.880325
-0.07001 0.1413 0.02956 1.0 -0.519877 -0.046709 0.111381 0.84566
0.09958 0.09391 -0.02147 1.0 -0.191759 0.017637 0.087403 0.977383
-0.05434 -0.14794 -0.03756 1.0 -0.555564 0.00752 -0.000122 0.83144
-0.01196 -0.15393 -0.04553 1.0 -0.543731 0.002426 0.000122 0.839256
0.03124 -0.14728 -0.04113 1.0 -0.565551 0.005906 0.00015 0.824692
0.07001 -0.1413 -0.02956 1.0 -0.574331 0.001656 -0.000457 0.818621
-0.00511 -0.15014 0.01205 1.0 0.710494 0.004387 0.002095 0.703687
-0.09958 -0.09391 0.02147 1.0 -0.417764 0.132861 0.234734 0.867595
0.00074 0.05825 -0.00249 1.0 -0.46079 0.008616 -0.000386 0.887467
0.00034 0.05524 -0.00625 1.0 -0.442617 0.006075 0.000532 0.89669
0.00033 0.0566 -0.00383 1.0 -0.438498 0.005284 0.000386 0.898717
0.00078 0.0516 -0.00392 1.0 -0.451859 0.010234 -0.001071 0.89203
0.00086 0.05627 -0.00025 1.0 0.00849 0.005755 0.356861 0.934101
-0.00074 -0.05825 0.00249 1.0 -0.572125 0.007982 0.0 0.820128
-0.00034 -0.05524 0.00625 1.0 -0.576853 0.001928 -0.000356 0.816846
-0.00033 -0.0566 0.00383 1.0 -0.562334 0.005806 0.0 0.82689
-0.00078 -0.0516 0.00392 1.0 -0.561967 0.001897 -0.000259 0.827157
-0.00086 -0.05627 0.00025 1.0 0.004758 0.006815 0.655327 0.7553


##### Pose: 17 #############################################

0.0 0.0 0.0 1.0 0.0 0.0 0.707107 0.707107
0.0 0.0 0.6234 1.0 0.0 0.0 0.0 1.0
0.0 0.0 0.0 1.0 0.0 0.0 0.0 1.0
0.06903 0.01129 -0.11186 1.0 -0.000988 -0.047535 -0.509651 0.859067
0.0 0.0 -0.6234 1.0 0.0 0.0 0.0 1.0
0.00313 0.12307 0.0005 1.0 0.076066 -0.125712 0.329307 0.93272
0.00313 -0.12307 0.0005 1.0 -0.080422 0.978442 -0.112692 0.153245
0.00295 0.0 0.10781 1.0 0.012327 0.098676 -0.046639 0.99395
0.00295 0.0 0.10781 1.0 0.014854 0.04962 -0.031145 0.998172
0.0 0.0 0.12763 1.0 0.021094 0.068578 -0.006095 0.997404
-0.00429 0.00106 -0.20984 1.0 -0.020497 0.432628 -0.049758 0.899965
0.00406 -0.00041 0.20992 1.0 -0.010748 0.572274 0.042047 0.818913
-0.00508 0.00195 -0.15497 1.0 -0.006248 0.021923 -0.055814 0.998181
-0.00645 0.00226 -0.18398 1.0 0.014862 -0.273859 -0.066238 0.959371
-0.02319 0.09435 0.08792 1.0 0.0 0.004129 0.027202 0.999621
-0.02727 0.0 0.12737 1.0 -0.046062 0.028066 0.161074 0.985467
0.0051 -0.0019 0.155 1.0 0.000503 -0.057633 -0.061421 0.996446
-0.00023 -0.00186 0.18352 1.0 -0.050239 -0.351948 -0.112447 0.927882
-0.02319 -0.09435 0.08792 1.0 0.018269 0.99975 0.012343 0.003714
0.01955 0.0 0.11236 1.0 -0.045006 -0.070403 0.328749 0.940714
-0.0012 0.0935 -0.00094 1.0 -0.313783 -0.264644 0.253048 0.876054
0.1367 0.00103 -0.07412 1.0 0.016238 -0.007811 0.008752 0.999799
0.0012 -0.0935 0.00094 1.0 -0.182641 0.114496 -0.197797 0.956248
-0.1367 -0.00103 0.07412 1.0 -0.000122 -0.056485 -0.002364 0.998401
0.04184 0.0 0.29363 1.0 0.0 0.0 0.0 1.0
0.0 0.17528 0.00003 1.0 -0.024857 -0.035041 -0.808762 0.586565
0.21175 -0.00194 0.03537 1.0 0.0 0.0 0.0 1.0
0.01545 -0.00217 0.03772 1.0 0.0 0.0 0.0 1.0
0.20253 -0.00433 0.07298 1.0 0.0 0.0 0.0 1.0
0.0 -0.17528 -0.00003 1.0 -0.108738 -0.233346 -0.379246 0.888762
0.21133 -0.00375 0.03157 1.0 0.0 0.0 0.0 1.0
-0.00226 0.17134 -0.00029 1.0 -0.142365 -0.073646 -0.080189 0.983808
-0.00289 0.18217 0.00093 1.0 -0.001705 -0.014389 0.027802 0.999508
-0.02475 -0.17201 -0.00013 1.0 -0.11189 -0.398579 -0.053793 0.908692
-0.02743 -0.1786 -0.00142 1.0 0.00152 -0.07188 -0.136095 0.988084
0.05434 0.14794 0.03756 1.0 -0.371557 0.040029 -0.100977 0.922034
0.01196 0.15393 0.04553 1.0 -0.41728 0.016347 -0.023962 0.908315
-0.03124 0.14728 0.04113 1.0 -0.463754 -0.015752 0.049793 0.884423
-0.07001 0.1413 0.02956 1.0 -0.511858 -0.05083 0.115766 0.849715
0.09958 0.09391 -0.02147 1.0 -0.185581 0.017036 0.088654 0.978473
-0.05434 -0.14794 -0.03756 1.0 -0.55284 0.006877 0.0 0.833259
-0.01196 -0.15393 -0.04553 1.0 -0.543952 0.003071 0.000122 0.839111
0.03124 -0.14728 -0.04113 1.0 -0.560358 0.005665 0.000086 0.828231
0.07001 -0.1413 -0.02956 1.0 -0.56698 0.002484 -0.000386 0.823728
-0.00444 -0.14967 0.01302 1.0 0.70965 0.003092 0.000783 0.704547
-0.09958 -0.09391 0.02147 1.0 -0.427672 0.136779 0.241804 0.860186
0.00074 0.05825 -0.00249 1.0 -0.442816 0.008522 -0.000423 0.896572
0.00034 0.05524 -0.00625 1.0 -0.430324 0.006067 0.000622 0.902654
0.00033 0.0566 -0.00383 1.0 -0.429879 0.005282 0.000423 0.902871
0.00078 0.0516 -0.00392 1.0 -0.436671 0.010149 -0.001112 0.899563
0.00086 0.05627 -0.00025 1.0 0.008995 0.00589 0.33591 0.941833
-0.00074 -0.05825 0.00249 1.0 -0.565315 0.00723 0.000086 0.824843
-0.00034 -0.05524 0.00625 1.0 -0.568886 0.002695 -0.000311 0.822412
-0.00033 -0.0566 0.00383 1.0 -0.557935 0.005574 0.000122 0.829866
-0.00078 -0.0516 0.00392 1.0 -0.557659 0.002676 -0.000228 0.830066
-0.00086 -0.05627 0.00025 1.0 0.004951 0.007219 0.65656 0.754223


##### Pose: 18 #############################################

0.0 0.0 0.0 1.0 0.0 0.0 0.707107 0.707107
0.0 0.0 0.6234 1.0 0.0 0.0 0.0 1.0
0.0 0.0 0.0 1.0 0.0 0.0 0.0 1.0
0.06911 0.0031 -0.11581 1.0 -0.001629 -0.03577 -0.600713 0.798662
0.0 0.0 -0.6234 1.0 0.0 0.0 0.0 1.0
0.00313 0.12307 0.0005 1.0 0.081802 -0.090812 0.322339 0.938701
0.00313 -0.12307 0.0005 1.0 -0.084138 0.973954 -0.166208 0.129264
0.00295 0.0 0.10781 1.0 -0.00559 0.078523 0.014112 0.996797
0.00295 0.0 0.10781 1.0 0.002624 0.041685 -0.001315 0.999126
0.0 0.0 0.12763 1.0 0.004787 0.05745 0.018296 0.998169
-0.00429 0.001 -0.20984 1.0 -0.008502 0.447346 -0.03334 0.893699
0.00406 -0.00041 0.20992 1.0 -0.006726 0.556352 0.027992 0.830448
-0.00508 0.00195 -0.15497 1.0 0.000518 -0.009504 0.022205 0.999708
-0.00645 0.00226 -0.18398 1.0 -0.041989 -0.326881 0.022581 0.943862
-0.02319 0.09435 0.08792 1.0 0.0 0.002757 0.018136 0.999832
-0.02727 0.0 0.12737 1.0 -0.027605 0.047956 0.17666 0.982715
0.0051 -0.0019 0.155 1.0 0.000386 -0.066452 -0.070865 0.99527
-0.00023 -0.00186 0.18352 1.0 -0.095277 -0.358961 -0.127109 0.919735
-0.02319 -0.09435 0.08792 1.0 0.012191 0.999888 0.008245 0.002717
0.01955 0.0 0.11236 1.0 -0.020685 -0.071391 0.34974 0.933894
-0.0012 0.0935 -0.00094 1.0 -0.321665 -0.278904 0.233644 0.874159
0.1367 0.00103 -0.07412 1.0 0.010377 -0.0116 0.006842 0.999855
0.0012 -0.0935 0.00094 1.0 -0.213769 0.147705 -0.246754 0.933594
-0.1367 -0.00103 0.07412 1.0 0.0 -0.062623 -0.000791 0.998037
0.04184 0.0 0.29363 1.0 0.0 0.0 0.0 1.0
0.0 0.17528 0.00003 1.0 -0.029219 -0.027525 -0.819157 0.572163
0.21175 -0.00194 0.03537 1.0 0.0 0.0 0.0 1.0
0.01545 -0.00217 0.03772 1.0 0.0 0.0 0.0 1.0
0.20253 -0.00433 0.07298 1.0 0.0 0.0 0.0 1.0
0.0 -0.17528 -0.00003 1.0 -0.123534 -0.243765 -0.410219 0.87008
0.21133 -0.00375 0.03157 1.0 0.0 0.0 0.0 1.0
-0.0017 0.17134 -0.00029 1.0 -0.147698 -0.065933 -0.076452 0.983867
-0.00225 0.18217 0.00093 1.0 -0.001777 -0.012849 0.025485 0.999591
-0.02657 -0.17201 -0.00013 1.0 -0.112512 -0.403389 -0.048343 0.906797
-0.02948 -0.17834 -0.00142 1.0 0.000828 -0.076978 -0.147979 0.98599
0.05434 0.14794 0.03756 1.0 -0.355926 0.042736 -0.104458 0.927674
0.01196 0.15393 0.04553 1.0 -0.409649 0.017258 -0.025247 0.91173
-0.03124 0.14728 0.04113 1.0 -0.45572 -0.016007 0.051817 0.88847
-0.07001 0.1413 0.02956 1.0 -0.503768 -0.055025 0.120083 0.85368
0.09958 0.0939 -0.02147 1.0 -0.179395 0.016419 0.089902 0.979523
-0.05434 -0.14794 -0.03756 1.0 -0.550111 0.006233 -0.000086 0.835068
-0.01196 -0.15393 -0.04553 1.0 -0.544173 0.00371 0.000086 0.838965
0.03124 -0.14728 -0.04113 1.0 -0.555143 0.005426 0.000086 0.831737
0.07001 -0.1413 -0.02956 1.0 -0.559584 0.003304 -0.000286 0.828767
-0.00377 -0.1492 0.01399 1.0 0.708804 0.001793 -0.000527 0.705403
-0.09958 -0.09391 0.02147 1.0 -0.43737 0.140913 0.248783 0.852618
0.00074 0.05825 -0.00249 1.0 -0.424662 0.008433 -0.00044 0.905313
0.00034 0.05524 -0.00625 1.0 -0.417952 0.006058 0.000701 0.908449
0.00033 0.0566 -0.00383 1.0 -0.42122 0.005276 0.000488 0.906943
0.00078 0.0516 -0.00392 1.0 -0.421358 0.010068 -0.001158 0.906838
0.00086 0.05627 -0.00025 1.0 0.009489 0.006025 0.314791 0.949095
-0.00074 -0.05825 0.00249 1.0 -0.558467 0.00648 -0.000086 0.829501
-0.00034 -0.05524 0.00625 1.0 -0.560865 0.003463 -0.000211 0.8279
-0.00033 -0.0566 0.00383 1.0 -0.55352 0.005343 0.0 0.832819
-0.00078 -0.0516 0.00392 1.0 -0.553336 0.003458 -0.00015 0.832951
-0.00086 -0.05627 0.00025 1.0 0.005127 0.007604 0.657793 0.753143


##### Pose: 19 #############################################

0.0 0.0 0.0 1.0 0.0 0.0 0.707107 0.707107
0.0 0.0 0.6234 1.0 0.0 0.0 0.0 1.0
0.0 0.0 0.0 1.0 0.0 0.0 0.0 1.0
0.06918 -0.00509 -0.11977 1.0 -0.003124 -0.026701 -0.661038 0.749871
0.0 0.0 -0.6234 1.0 0.0 0.0 0.0 1.0
0.00313 0.12307 0.0005 1.0 0.077079 -0.062762 0.313192 0.944474
0.00313 -0.12307 0.0005 1.0 -0.087049 0.967427 -0.208696 0.113813
0.00295 0.0 0.10781 1.0 -0.015316 0.061095 0.056467 0.996416
0.00295 0.0 0.10781 1.0 -0.009155 0.034355 0.02869 0.998956
0.0 0.0 0.12763 1.0 -0.010975 0.047028 0.043029 0.997906
-0.00429 0.00095 -0.20984 1.0 -0.000622 0.450187 -0.018299 0.892747
0.00406 -0.00041 0.20992 1.0 -0.002708 0.522999 0.01403 0.852214
-0.00508 0.00195 -0.15497 1.0 0.006346 -0.032013 0.077961 0.996422
-0.00645 0.00226 -0.18398 1.0 -0.082388 -0.35558 0.083434 0.927261
-0.02319 0.09435 0.08792 1.0 0.0 0.001381 0.009068 0.999958
-0.02727 0.0 0.12737 1.0 -0.015103 0.061181 0.186905 0.980355
0.0051 -0.0019 0.155 1.0 0.000345 -0.072855 -0.077582 0.994321
-0.00022 -0.00186 0.18352 1.0 -0.138968 -0.352131 -0.136494 0.915457
-0.02319 -0.09435 0.08792 1.0 0.006124 0.999972 0.004131 0.001208
0.01955 0.0 0.11236 1.0 0.003025 -0.073505 0.370676 0.925844
-0.0012 0.0935 -0.00094 1.0 -0.326546 -0.2879 0.221551 0.87258
0.1367 0.00103 -0.07412 1.0 0.003504 -0.019261 0.003059 0.999804
0.0012 -0.0935 0.00094 1.0 -0.234812 0.168623 -0.278978 0.915752
-0.1367 -0.00103 0.07412 1.0 0.0 -0.068758 0.000772 0.997633
0.04184 0.0 0.29363 1.0 0.0 0.0 0.0 1.0
0.0 0.17528 0.00003 1.0 -0.031025 -0.024609 -0.825634 0.562815
0.21175 -0.00194 0.03537 1.0 0.0 0.0 0.0 1.0
0.01545 -0.00217 0.03772 1.0 0.0 0.0 0.0 1.0
0.20253 -0.00433 0.07298 1.0 0.0 0.0 0.0 1.0
0.0 -0.17528 -0.00003 1.0 -0.13482 -0.249764 -0.433782 0.855146
0.21133 -0.00375 0.03157 1.0 0.0 0.0 0.0 1.0
-0.00114 0.17134 -0.00029 1.0 -0.153093 -0.058165 -0.072807 0.983808
-0.00162 0.18217 0.00093 1.0 -0.001847 -0.011308 0.023167 0.999666
-0.0284 -0.17201 -0.00013 1.0 -0.113078 -0.408162 -0.042887 0.904863
-0.03152 -0.17809 -0.00142 1.0 0.0 -0.082018 -0.159837 0.98373
0.05434 0.14794 0.03756 1.0 -0.340186 0.045564 -0.107874 0.933038
0.01196 0.15393 0.04553 1.0 -0.401987 0.018193 -0.026518 0.915081
-0.03124 0.14728 0.04113 1.0 -0.447726 -0.016983 0.052486 0.892468
-0.07001 0.1413 0.02956 1.0 -0.495609 -0.059294 0.12433 0.857553
0.09958 0.09391 -0.02147 1.0 -0.173202 0.015787 0.091145 0.980533
-0.05434 -0.14794 -0.03756 1.0 -0.547375 0.005589 0.0 0.836869
-0.01196 -0.15393 -0.04553 1.0 -0.544395 0.004351 0.0 0.838818
0.03124 -0.14728 -0.04113 1.0 -0.549907 0.005187 0.000086 0.83521
0.07001 -0.1413 -0.02956 1.0 -0.552143 0.004125 -0.000173 0.833739
-0.0031 -0.14873 0.01496 1.0 0.707955 0.001478 -0.000845 0.706255
-0.09958 -0.09391 0.02147 1.0 -0.446856 0.14526 0.255665 0.844899
0.00074 0.05825 -0.00249 1.0 -0.406336 0.008349 -0.000457 0.913686
0.00034 0.05524 -0.00625 1.0 -0.405501 0.006048 0.000782 0.914074
0.00033 0.0566 -0.00383 1.0 -0.412523 0.005272 0.000532 0.910932
0.00078 0.0516 -0.00392 1.0 -0.405923 0.00999 -0.001196 0.913852
0.00086 0.05627 -0.00025 1.0 0.009971 0.006157 0.293515 0.955883
-0.00074 -0.05825 0.00249 1.0 -0.551581 0.005728 -0.000086 0.834102
-0.00034 -0.05524 0.00625 1.0 -0.552791 0.00423 -0.000122 0.833309
-0.00033 -0.0566 0.00383 1.0 -0.54909 0.005112 0.000086 0.835748
-0.00078 -0.0516 0.00392 1.0 -0.548998 0.00424 -0.00015 0.835813
-0.00086 -0.05627 0.00025 1.0 0.005283 0.00797 0.659025 0.75206


##### Pose: 20 #############################################

0.0 0.0 0.0 1.0 0.0 0.0 0.707107 0.707107
0.0 0.0 0.6234 1.0 0.0 0.0 0.0 1.0
0.0 0.0 0.0 1.0 0.0 0.0 0.0 1.0
0.06926 -0.01328 -0.12372 1.0 -0.002789 -0.024048 -0.671336 0.740758
0.0 0.0 -0.6234 1.0 0.0 0.0 0.0 1.0
0.00313 0.12307 0.0005 1.0 0.073963 -0.053296 0.309856 0.946403
0.00313 -0.12307 0.0005 1.0 -0.087991 0.964764 -0.224947 0.10434
0.00295 0.0 0.10781 1.0 -0.019757 0.054584 0.07149 0.995751
0.00295 0.0 0.10781 1.0 -0.010829 0.026928 0.036465 0.998913
0.0 0.0 0.12763 1.0 -0.014402 0.036378 0.04896 0.998034
-0.00429 0.0009 -0.20984 1.0 0.000622 0.450344 -0.009025 0.892809
0.00406 -0.00041 0.20992 1.0 -0.000573 0.505928 0.005115 0.86256
-0.00508 0.00195 -0.15497 1.0 0.008842 -0.040065 0.098461 0.994295
-0.00645 0.00226 -0.18398 1.0 -0.095431 -0.366648 0.105368 0.919434
-0.02319 0.09435 0.08792 1.0 0.0 0.0 0.0 1.0
-0.02727 0.0 0.12737 1.0 -0.009484 0.065209 0.190185 0.979534
0.0051 -0.0019 0.155 1.0 0.000573 -0.074489 -0.079344 0.99406
-0.00022 -0.00186 0.18352 1.0 -0.156349 -0.343735 -0.139095 0.915453
-0.02319 -0.09435 0.08792 1.0 0.0 1.0 0.0 0.0
0.01955 0.0 0.11236 1.0 0.008402 -0.071062 0.374918 0.924292
-0.0012 0.0935 -0.00094 1.0 -0.328782 -0.290335 0.216278 0.872257
0.1367 0.00103 -0.07412 1.0 -0.000488 -0.025426 0.0 0.999677
0.0012 -0.0935 0.00094 1.0 -0.243377 0.176845 -0.291326 0.908087
-0.1367 -0.00103 0.07412 1.0 0.000122 -0.07489 0.002345 0.997189
0.04184 0.0 0.29363 1.0 0.0 0.0 0.0 1.0
0.0 0.17528 0.00003 1.0 -0.031999 -0.023101 -0.827749 0.559709
0.21175 -0.00194 0.03537 1.0 0.0 0.0 0.0 1.0
0.01545 -0.00217 0.03772 1.0 0.0 0.0 0.0 1.0
0.20253 -0.00433 0.07298 1.0 0.0 0.0 0.0 1.0
0.0 -0.17528 -0.00003 1.0 -0.13974 -0.253008 -0.442292 0.849021
0.21133 -0.00375 0.03157 1.0 0.0 0.0 0.0 1.0
-0.00058 0.17134 -0.00029 1.0 -0.158549 -0.050343 -0.069253 0.983632
-0.00099 0.18217 0.00093 1.0 -0.001903 -0.009766 0.020848 0.999733
-0.03023 -0.17201 -0.00013 1.0 -0.113588 -0.412899 -0.037427 0.902891
-0.03357 -0.17783 -0.00142 1.0 0.0 -0.087314 -0.161218 0.983049
0.05434 0.14794 0.03756 1.0 -0.337473 0.046948 -0.11189 0.933482
0.01196 0.15393 0.04553 1.0 -0.394294 0.019149 -0.027775 0.918365
-0.03124 0.14728 0.04113 1.0 -0.439695 -0.017972 0.053141 0.896394
-0.07001 0.1413 0.02956 1.0 -0.487381 -0.063635 0.128505 0.861334
0.09958 0.0939 -0.02147 1.0 -0.167004 0.015141 0.092384 0.981502
-0.05434 -0.14794 -0.03756 1.0 -0.544634 0.004946 0.0 0.838659
-0.01196 -0.15393 -0.04553 1.0 -0.544616 0.004991 0.0 0.838671
0.03124 -0.14728 -0.04113 1.0 -0.544648 0.004946 0.0 0.83865
0.07001 -0.1413 -0.02956 1.0 -0.544659 0.004943 0.0 0.838643
-0.00243 -0.14826 0.01593 1.0 0.707106 0.001162 -0.001162 0.707106
-0.09958 -0.09391 0.02147 1.0 -0.446648 0.146847 0.264119 0.84213
0.00074 0.05825 -0.00249 1.0 -0.403828 0.008259 -0.000646 0.914797
0.00034 0.05524 -0.00625 1.0 -0.403801 0.006047 0.000791 0.914827
0.00033 0.0566 -0.00383 1.0 -0.403787 0.005266 0.000585 0.914838
0.00078 0.0516 -0.00392 1.0 -0.403812 0.009899 -0.001381 0.914787
0.00086 0.05627 -0.00025 1.0 0.010171 0.005975 0.290607 0.95677
-0.00074 -0.05825 0.00249 1.0 -0.544657 0.00498 -0.000173 0.838644
-0.00034 -0.05524 0.00625 1.0 -0.544665 0.004997 0.0 0.838639
-0.00033 -0.0566 0.00383 1.0 -0.544644 0.004881 0.0 0.838653
-0.00078 -0.0516 0.00392 1.0 -0.544646 0.005018 0.0 0.838651
-0.00086 -0.05627 0.00025 1.0 0.005419 0.008316 0.660256 0.750975