# SQEE Animation Format


################################################################################

SECTION Header

BoneCount 56
PoseCount 22
TotalTime 21

Times 1 1 1 1 1 1 1 1 1 1 1 1 1 1 1 1 1 1 1 1 1 0


################################################################################

SECTION Poses


##### Pose: 0 ##############################################

0.0 0.0 0.0 1.0 0.0 0.0 0.707107 0.707107
0.0 0.0 0.6234 1.0 0.0 0.0 0.0 1.0
0.0 0.0 0.0 1.0 0.0 0.0 0.0 1.0
0.0 -0.00134 -0.0871 1.0 0.074606 0.184702 -0.471335 0.859164
0.0 0.0 -0.6234 1.0 0.0 0.0 0.0 1.0
0.00313 0.12307 0.0005 1.0 0.354826 -0.528463 0.227158 0.737038
0.00313 -0.12307 0.0005 1.0 -0.026389 0.842489 -0.259028 0.471615
0.00295 0.0 0.10781 1.0 -0.168025 0.200277 0.246661 0.933175
0.00295 0.0 0.10781 1.0 -0.097353 0.089205 0.126941 0.983082
0.0 0.0 0.12763 1.0 -0.097085 0.062041 0.130684 0.984707
-0.0057 0.01108 -0.20937 1.0 -0.072762 0.440805 0.147275 0.882444
0.00406 -0.0007 0.20992 1.0 0.167953 0.794809 -0.118777 0.570931
-0.00508 0.00195 -0.15497 1.0 -0.006678 0.029155 -0.073884 0.996818
-0.0077 0.00219 -0.1839 1.0 -0.118042 -0.111904 -0.081428 0.983317
-0.02319 0.09435 0.08792 1.0 0.010803 0.018316 0.278835 0.960104
-0.02727 0.0 0.12737 1.0 0.281407 -0.297422 -0.276931 0.869287
0.0051 -0.0019 0.155 1.0 0.000273 -0.042897 -0.045509 0.998043
0.00352 -0.0023 0.18397 1.0 -0.018591 -0.145423 -0.086126 0.985438
-0.02319 -0.09435 0.08792 1.0 0.106247 0.994158 -0.005608 0.018164
0.01955 0.0 0.11236 1.0 0.054413 -0.230025 -0.404983 0.883242
-0.0012 0.0935 -0.00094 1.0 -0.145173 0.113419 0.199221 0.962482
0.1367 0.00103 -0.07412 1.0 -0.008082 -0.042301 0.0 0.999072
0.0012 -0.0935 0.00094 1.0 -0.207888 -0.53833 -0.207717 0.789834
-0.1367 -0.00103 0.07412 1.0 0.002886 0.107184 -0.015657 0.994112
0.04184 0.0 0.29363 1.0 0.0 0.0 0.0 1.0
0.00001 0.17528 0.00003 1.0 0.086285 -0.162411 -0.461359 0.867943
0.21175 -0.00194 0.03537 1.0 0.0 0.0 0.0 1.0
0.01545 -0.00217 0.03772 1.0 0.0 0.0 0.0 1.0
0.20253 -0.00433 0.07298 1.0 0.0 0.0 0.0 1.0
0.0 -0.17528 -0.00003 1.0 -0.04624 0.065552 -0.53817 0.83901
0.21133 -0.00375 0.03157 1.0 0.0 0.0 0.0 1.0
0.00053 0.17236 -0.00001 1.0 -0.051352 -0.036358 0.023674 0.997738
0.00027 0.18335 0.00126 1.0 0.000273 -0.006811 0.014105 0.999877
0.00532 -0.17209 -0.00009 1.0 -0.052576 -0.043285 -0.027138 0.997309
0.00624 -0.18305 -0.00137 1.0 -0.000122 0.026135 0.048255 0.998493
0.05434 0.14794 0.03756 1.0 -0.626476 0.008376 -0.00034 0.779396
0.01196 0.15393 0.04553 1.0 -0.562003 0.004462 -0.000488 0.827123
-0.03124 0.14728 0.04113 1.0 -0.614446 0.004305 -0.000259 0.788947
-0.07001 0.1413 0.02956 1.0 -0.657723 0.010684 -0.000786 0.753184
0.09958 0.0939 -0.02147 1.0 -0.315947 0.020268 0.045579 0.947465
-0.05434 -0.14794 -0.03756 1.0 -0.615756 0.017744 -0.001511 0.787736
-0.01196 -0.15393 -0.04553 1.0 -0.540252 -0.007826 0.000748 0.841467
0.03124 -0.14728 -0.04113 1.0 -0.666859 0.009786 -0.000122 0.74512
0.07001 -0.1413 -0.02956 1.0 -0.704248 -0.011589 0.000414 0.709859
-0.01584 -0.15766 -0.0035 1.0 0.723514 0.024676 0.023515 0.689468
-0.09958 -0.09391 0.02147 1.0 -0.260737 0.028072 0.067029 0.962671
0.00074 0.05825 -0.00249 1.0 -0.728787 0.00989 -0.000463 0.684669
0.00034 0.05524 -0.00625 1.0 -0.63461 0.005202 -0.000622 0.772815
0.00033 0.0566 -0.00383 1.0 -0.593232 0.004337 -0.000345 0.80502
0.00078 0.0516 -0.00392 1.0 -0.68381 0.011268 -0.000897 0.729573
0.00086 0.05627 -0.00025 1.0 0.000061 0.002751 0.673584 0.739106
-0.00074 -0.05825 0.00249 1.0 -0.692871 0.019969 -0.001696 0.720783
-0.00034 -0.05524 0.00625 1.0 -0.716398 -0.010369 0.000986 0.697614
-0.00033 -0.0566 0.00383 1.0 -0.648563 0.009519 -0.000106 0.761101
-0.00078 -0.0516 0.00392 1.0 -0.646495 -0.010636 0.000386 0.762844
-0.00086 -0.05627 0.00025 1.0 0.0 -0.002675 0.617481 0.786581


##### Pose: 1 ##############################################

0.0 0.0 0.0 1.0 0.0 0.0 0.707107 0.707107
0.0 0.0 0.6234 1.0 0.0 0.0 0.0 1.0
0.0 0.0 0.0 1.0 0.0 0.0 0.0 1.0
0.0 -0.0012 -0.19358 1.0 0.18246 -0.092386 -0.586433 0.783754
0.0 0.0 -0.6234 1.0 0.0 0.0 0.0 1.0
0.00313 0.12307 0.0005 1.0 0.132644 -0.094563 0.144357 0.976025
0.00313 -0.12307 0.0005 1.0 0.033177 0.531411 -0.242622 0.810948
0.00295 0.0 0.10781 1.0 -0.180596 0.136651 0.10933 0.967863
0.00295 0.0 0.10781 1.0 -0.094762 0.063359 0.055313 0.991941
0.0 0.0 0.12763 1.0 -0.047123 0.067076 0.061561 0.994731
-0.0056 0.00834 -0.20937 1.0 -0.010369 0.105591 0.11912 0.987195
0.00406 -0.0007 0.20992 1.0 0.113053 0.88124 -0.05097 0.456111
-0.00508 0.00195 -0.15497 1.0 -0.013177 0.059153 -0.14764 0.987183
-0.00788 0.00219 -0.1839 1.0 -0.280843 0.058718 -0.154447 0.945423
-0.02319 0.09435 0.08792 1.0 0.023523 0.005586 0.366105 0.930259
-0.02727 0.0 0.12737 1.0 0.274695 -0.198521 -0.298744 0.892123
0.0051 -0.0019 0.155 1.0 0.001021 -0.061845 -0.066424 0.995872
0.00315 -0.0023 0.18397 1.0 0.041334 -0.196899 -0.127151 0.971265
-0.02319 -0.09435 0.08792 1.0 0.223745 0.9743 -0.0076 0.024898
0.01955 0.0 0.11236 1.0 -0.072657 -0.150614 -0.421858 0.891107
-0.0012 0.0935 -0.00094 1.0 -0.020074 0.04348 0.068644 0.996491
0.1367 0.00103 -0.07412 1.0 -0.008082 -0.042301 0.0 0.999072
0.0012 -0.0935 0.00094 1.0 -0.283626 -0.351713 -0.062485 0.889916
-0.1367 -0.00103 0.07412 1.0 0.002732 0.107182 -0.015657 0.994112
0.04184 0.0 0.29363 1.0 0.0 0.0 0.0 1.0
0.00001 0.17528 0.00003 1.0 0.079349 -0.16364 -0.429249 0.884687
0.21175 -0.00194 0.03537 1.0 0.0 0.0 0.0 1.0
0.01545 -0.00217 0.03772 1.0 0.0 0.0 0.0 1.0
0.20253 -0.00433 0.07298 1.0 0.0 0.0 0.0 1.0
0.0 -0.17528 -0.00003 1.0 -0.063545 0.214239 -0.643399 0.732189
0.21133 -0.00375 0.03157 1.0 0.0 0.0 0.0 1.0
-0.00029 0.17236 -0.00001 1.0 -0.125333 -0.033721 0.043608 0.990582
-0.00066 0.18335 0.00126 1.0 0.000173 -0.006675 0.013539 0.999886
0.01106 -0.17209 -0.00009 1.0 -0.153486 0.0497 -0.097599 0.982062
0.01266 -0.18305 -0.00137 1.0 0.000122 0.044109 0.08144 0.995702
0.05434 0.14794 0.03756 1.0 -0.626476 0.008376 -0.00034 0.779396
0.01196 0.15393 0.04553 1.0 -0.562003 0.004462 -0.000488 0.827123
-0.03124 0.14728 0.04113 1.0 -0.614446 0.004305 -0.000259 0.788947
-0.07001 0.1413 0.02956 1.0 -0.657723 0.010684 -0.000786 0.753184
0.09958 0.0939 -0.02147 1.0 -0.315947 0.020268 0.045579 0.947465
-0.05434 -0.14794 -0.03756 1.0 -0.615756 0.017744 -0.001511 0.787736
-0.01196 -0.15393 -0.04553 1.0 -0.540252 -0.007826 0.000748 0.841467
0.03124 -0.14728 -0.04113 1.0 -0.666859 0.009786 -0.000122 0.74512
0.07001 -0.1413 -0.02956 1.0 -0.704248 -0.011589 0.000414 0.709859
-0.01584 -0.15766 -0.0035 1.0 0.723514 0.024676 0.023515 0.689468
-0.09958 -0.09391 0.02147 1.0 -0.260737 0.028072 0.067029 0.962671
0.00074 0.05825 -0.00249 1.0 -0.728787 0.00989 -0.000463 0.684669
0.00034 0.05524 -0.00625 1.0 -0.63461 0.005202 -0.000622 0.772815
0.00033 0.0566 -0.00383 1.0 -0.593232 0.00433 -0.000334 0.80502
0.00078 0.0516 -0.00392 1.0 -0.68381 0.011268 -0.000897 0.729573
0.00086 0.05627 -0.00025 1.0 0.000061 0.002751 0.673584 0.739105
-0.00074 -0.05825 0.00249 1.0 -0.692871 0.019969 -0.001696 0.720783
-0.00034 -0.05524 0.00625 1.0 -0.716398 -0.010369 0.000986 0.697614
-0.00033 -0.0566 0.00383 1.0 -0.648563 0.009519 -0.000106 0.761101
-0.00078 -0.0516 0.00392 1.0 -0.646495 -0.010636 0.000386 0.762844
-0.00086 -0.05627 0.00025 1.0 0.0 -0.002675 0.617481 0.786581


##### Pose: 2 ##############################################

0.0 0.0 0.0 1.0 0.0 0.0 0.707107 0.707107
0.0 0.0 0.6234 1.0 0.0 0.0 0.0 1.0
0.0 0.0 0.0 1.0 0.0 0.0 0.0 1.0
0.0 -0.00106 -0.2422 1.0 0.185675 -0.185578 -0.639787 0.722328
0.0 0.0 -0.6234 1.0 0.0 0.0 0.0 1.0
0.00313 0.12307 0.0005 1.0 0.154244 -0.030208 0.185364 0.970019
0.00313 -0.12307 0.0005 1.0 0.034408 0.576161 -0.262534 0.77326
0.00295 0.0 0.10781 1.0 -0.088096 0.111396 0.032417 0.989333
0.00295 0.0 0.10781 1.0 -0.045262 0.054295 0.015816 0.997373
0.0 0.0 0.12763 1.0 0.007385 0.0985 0.020365 0.994901
-0.00549 0.0056 -0.20937 1.0 -0.009719 0.199757 0.050755 0.978482
0.00406 -0.0007 0.20992 1.0 0.126719 0.873324 -0.062524 0.466195
-0.00508 0.00195 -0.15497 1.0 -0.015394 0.067416 -0.168518 0.98327
-0.00805 0.00219 -0.1839 1.0 -0.345185 -0.011584 -0.173344 0.922315
-0.02319 0.09435 0.08792 1.0 0.012481 -0.000791 0.367813 0.929816
-0.02727 0.0 0.12737 1.0 0.186995 -0.240343 -0.30334 0.902914
0.0051 -0.0019 0.155 1.0 0.000585 -0.075969 -0.080978 0.993816
0.00277 -0.0023 0.18397 1.0 -0.005294 -0.253194 -0.152807 0.955256
-0.02319 -0.09435 0.08792 1.0 0.147637 0.988817 -0.003824 0.020728
0.01955 0.0 0.11236 1.0 -0.154553 -0.164512 -0.350925 0.908791
-0.0012 0.0935 -0.00094 1.0 -0.081139 0.018109 -0.038843 0.995781
0.1367 0.00103 -0.07412 1.0 -0.008082 -0.042301 0.0 0.999072
0.0012 -0.0935 0.00094 1.0 -0.303959 -0.278587 0.095663 0.906006
-0.1367 -0.00103 0.07412 1.0 0.002578 0.107179 -0.015657 0.994113
0.04184 0.0 0.29363 1.0 0.0 0.0 0.0 1.0
0.00001 0.17528 0.00003 1.0 0.049763 -0.098616 -0.44765 0.88736
0.21175 -0.00194 0.03537 1.0 0.0 0.0 0.0 1.0
0.01545 -0.00217 0.03772 1.0 0.0 0.0 0.0 1.0
0.20253 -0.00433 0.07298 1.0 0.0 0.0 0.0 1.0
0.0 -0.17528 -0.00003 1.0 -0.127548 0.182118 -0.701694 0.676897
0.21133 -0.00375 0.03157 1.0 0.0 0.0 0.0 1.0
-0.00112 0.17236 -0.00001 1.0 -0.137098 -0.033667 0.040752 0.989146
-0.00159 0.18334 0.00126 1.0 0.000173 -0.006675 0.013256 0.99989
0.00315 -0.17209 -0.00009 1.0 -0.168555 -0.071273 -0.156111 0.970638
0.0038 -0.18305 -0.00137 1.0 -0.000122 0.018309 0.033824 0.99926
0.05434 0.14794 0.03756 1.0 -0.626476 0.008376 -0.00034 0.779396
0.01196 0.15393 0.04553 1.0 -0.562003 0.004462 -0.000488 0.827123
-0.03124 0.14728 0.04113 1.0 -0.614446 0.004305 -0.000259 0.788947
-0.07001 0.1413 0.02956 1.0 -0.657723 0.010684 -0.000786 0.753184
0.09958 0.0939 -0.02147 1.0 -0.315947 0.020268 0.045579 0.947465
-0.05434 -0.14794 -0.03756 1.0 -0.615756 0.017744 -0.001511 0.787736
-0.01196 -0.15393 -0.04553 1.0 -0.540252 -0.007826 0.000748 0.841467
0.03124 -0.14728 -0.04113 1.0 -0.666859 0.009786 -0.000122 0.74512
0.07001 -0.1413 -0.02956 1.0 -0.704248 -0.011589 0.000414 0.709859
-0.01584 -0.15766 -0.0035 1.0 0.723514 0.024676 0.023515 0.689468
-0.09958 -0.09391 0.02147 1.0 -0.260737 0.028072 0.067029 0.962671
0.00074 0.05825 -0.00249 1.0 -0.728787 0.00989 -0.000463 0.684669
0.00034 0.05524 -0.00625 1.0 -0.63461 0.005202 -0.000622 0.772815
0.00033 0.0566 -0.00383 1.0 -0.593232 0.004324 -0.000334 0.80502
0.00078 0.0516 -0.00392 1.0 -0.68381 0.011268 -0.000897 0.729573
0.00086 0.05627 -0.00025 1.0 0.000061 0.002751 0.673584 0.739105
-0.00074 -0.05825 0.00249 1.0 -0.692871 0.019969 -0.001696 0.720783
-0.00034 -0.05524 0.00625 1.0 -0.716398 -0.010369 0.000986 0.697614
-0.00033 -0.0566 0.00383 1.0 -0.648563 0.009519 -0.000106 0.761101
-0.00078 -0.0516 0.00392 1.0 -0.646495 -0.010636 0.000386 0.762844
-0.00086 -0.05627 0.00025 1.0 0.0 -0.002675 0.617481 0.786581


##### Pose: 3 ##############################################

0.0 0.0 0.0 1.0 0.0 0.0 0.707107 0.707107
0.0 0.0 0.6234 1.0 0.0 0.0 0.0 1.0
0.0 0.0 0.0 1.0 0.0 0.0 0.0 1.0
0.0 -0.00093 -0.25536 1.0 0.173041 -0.20616 -0.679374 0.682646
0.0 0.0 -0.6234 1.0 0.0 0.0 0.0 1.0
0.00313 0.12307 0.0005 1.0 0.181401 0.022963 0.198998 0.962791
0.00313 -0.12307 0.0005 1.0 -0.019234 0.621551 -0.224919 0.750144
0.00295 0.0 0.10781 1.0 -0.0017 0.117238 -0.033113 0.99255
0.00295 0.0 0.10781 1.0 0.0 0.058638 -0.017281 0.99813
0.0 0.0 0.12763 1.0 0.044386 0.126626 -0.012687 0.990876
-0.00539 0.00286 -0.20937 1.0 -0.005897 0.198622 0.023331 0.979781
0.00406 -0.0007 0.20992 1.0 0.1643 0.881529 -0.07678 0.435909
-0.00508 0.00195 -0.15497 1.0 -0.011184 0.048484 -0.121602 0.991331
-0.00823 0.00219 -0.1839 1.0 -0.387473 -0.031488 -0.118233 0.913725
-0.02319 0.09435 0.08792 1.0 0.005324 -0.005816 0.334298 0.942434
-0.02727 0.0 0.12737 1.0 0.132983 -0.302351 -0.275193 0.902867
0.0051 -0.0019 0.155 1.0 0.000423 -0.060703 -0.065121 0.996029
0.00239 -0.0023 0.18397 1.0 -0.041464 -0.273706 -0.120458 0.953339
-0.02319 -0.09435 0.08792 1.0 0.06145 0.998 -0.001246 0.014764
0.01955 0.0 0.11236 1.0 -0.176597 -0.187286 -0.286389 0.922886
-0.0012 0.0935 -0.00094 1.0 -0.173825 0.01567 -0.091169 0.980422
0.1367 0.00103 -0.07412 1.0 -0.008082 -0.042301 0.0 0.999072
0.0012 -0.0935 0.00094 1.0 -0.3023 -0.265917 0.189662 0.895506
-0.1367 -0.00103 0.07412 1.0 0.000503 -0.014385 -0.015836 0.999771
0.04184 0.0 0.29363 1.0 0.0 0.0 0.0 1.0
0.00001 0.17528 0.00003 1.0 0.026213 -0.048697 -0.474021 0.878775
0.21175 -0.00194 0.03537 1.0 0.0 0.0 0.0 1.0
0.01545 -0.00217 0.03772 1.0 0.0 0.0 0.0 1.0
0.20253 -0.00433 0.07298 1.0 0.0 0.0 0.0 1.0
0.0 -0.17528 -0.00003 1.0 -0.160944 0.150788 -0.717003 0.661261
0.21133 -0.00375 0.03157 1.0 0.0 0.0 0.0 1.0
-0.00194 0.17236 -0.00001 1.0 -0.124889 -0.035131 0.027202 0.991175
-0.00253 0.18334 0.00126 1.0 0.000122 -0.007208 0.013823 0.999878
-0.00476 -0.17209 -0.00009 1.0 -0.146661 -0.180191 -0.188506 0.954195
-0.00505 -0.18305 -0.00137 1.0 -0.000546 -0.005527 -0.010188 0.999933
0.05434 0.14794 0.03756 1.0 -0.626476 0.008376 -0.00034 0.779396
0.01196 0.15393 0.04553 1.0 -0.562003 0.004462 -0.000488 0.827123
-0.03124 0.14728 0.04113 1.0 -0.614446 0.004305 -0.000259 0.788947
-0.07001 0.1413 0.02956 1.0 -0.657723 0.010684 -0.000786 0.753184
0.09958 0.0939 -0.02147 1.0 -0.315947 0.020268 0.045579 0.947465
-0.05434 -0.14794 -0.03756 1.0 -0.615756 0.017744 -0.001511 0.787736
-0.01196 -0.15393 -0.04553 1.0 -0.540252 -0.007826 0.000748 0.841467
0.03124 -0.14728 -0.04113 1.0 -0.666859 0.009786 -0.000122 0.74512
0.07001 -0.1413 -0.02956 1.0 -0.704248 -0.011589 0.000414 0.709859
-0.01584 -0.15766 -0.0035 1.0 0.723514 0.024676 0.023515 0.689468
-0.09958 -0.09391 0.02147 1.0 -0.260737 0.028072 0.067029 0.962671
0.00074 0.05825 -0.00249 1.0 -0.728787 0.00989 -0.000463 0.684669
0.00034 0.05524 -0.00625 1.0 -0.63461 0.005202 -0.000622 0.772815
0.00033 0.0566 -0.00383 1.0 -0.593232 0.004318 -0.000323 0.80502
0.00078 0.0516 -0.00392 1.0 -0.68381 0.011268 -0.000897 0.729573
0.00086 0.05627 -0.00025 1.0 0.000061 0.002751 0.673584 0.739106
-0.00074 -0.05825 0.00249 1.0 -0.692871 0.019969 -0.001696 0.720783
-0.00034 -0.05524 0.00625 1.0 -0.716398 -0.010369 0.000986 0.697614
-0.00033 -0.0566 0.00383 1.0 -0.648563 0.009519 -0.000106 0.761101
-0.00078 -0.0516 0.00392 1.0 -0.646495 -0.010636 0.000386 0.762844
-0.00086 -0.05627 0.00025 1.0 0.0 -0.002675 0.617481 0.786581


##### Pose: 4 ##############################################

0.0 0.0 0.0 1.0 0.0 0.0 0.707107 0.707107
0.0 0.0 0.6234 1.0 0.0 0.0 0.0 1.0
0.0 0.0 0.0 1.0 0.0 0.0 0.0 1.0
0.0 -0.00079 -0.26851 1.0 0.184145 -0.20211 -0.702495 0.657071
0.0 0.0 -0.6234 1.0 0.0 0.0 0.0 1.0
0.00313 0.12307 0.0005 1.0 0.179743 0.020975 0.197423 0.963471
0.00313 -0.12307 0.0005 1.0 -0.039218 0.592332 -0.191737 0.781564
0.00295 0.0 0.10781 1.0 0.005024 0.139979 -0.045565 0.989093
0.00295 0.0 0.10781 1.0 0.003764 0.069986 -0.023298 0.997269
0.0 0.0 0.12763 1.0 0.05348 0.135733 -0.03072 0.988824
-0.00528 0.00299 -0.20937 1.0 -0.007042 0.255582 0.022011 0.966511
0.00406 -0.0007 0.20992 1.0 0.166835 0.879385 -0.07926 0.438823
-0.00508 0.00195 -0.15497 1.0 -0.009834 0.043856 -0.11116 0.992786
-0.0084 0.00219 -0.1839 1.0 -0.390083 -0.08958 -0.107131 0.910128
-0.02319 0.09435 0.08792 1.0 -0.002039 -0.009331 0.297057 0.954812
-0.02727 0.0 0.12737 1.0 0.1347 -0.322378 -0.246585 0.903949
0.0051 -0.0019 0.155 1.0 -0.000299 -0.06607 -0.070141 0.995347
0.00201 -0.0023 0.18397 1.0 -0.033414 -0.238446 -0.131401 0.961645
-0.02319 -0.09435 0.08792 1.0 0.068991 0.997512 0.00205 0.014354
0.01955 0.0 0.11236 1.0 -0.158322 -0.206096 -0.263585 0.928968
-0.0012 0.0935 -0.00094 1.0 -0.189689 0.008211 -0.140798 0.971662
0.1367 0.00103 -0.07412 1.0 -0.008082 -0.042301 0.0 0.999072
0.0012 -0.0935 0.00094 1.0 -0.297086 -0.262808 0.20201 0.895469
-0.1367 -0.00103 0.07412 1.0 0.000323 -0.014387 -0.015818 0.999771
0.04184 0.0 0.29363 1.0 0.0 0.0 0.0 1.0
0.00001 0.17528 0.00003 1.0 0.033954 -0.069536 -0.485201 0.870972
0.21175 -0.00194 0.03537 1.0 0.0 0.0 0.0 1.0
0.01545 -0.00217 0.03772 1.0 0.0 0.0 0.0 1.0
0.20253 -0.00433 0.07298 1.0 0.0 0.0 0.0 1.0
0.0 -0.17528 -0.00003 1.0 -0.172136 0.135951 -0.736203 0.640228
0.21133 -0.00375 0.03157 1.0 0.0 0.0 0.0 1.0
-0.00277 0.17236 -0.00001 1.0 -0.095868 -0.042855 0.007842 0.99444
-0.00346 0.18333 0.00126 1.0 0.0 -0.008538 0.016939 0.99982
-0.00432 -0.17209 -0.00009 1.0 -0.145694 -0.178494 -0.176539 0.956947
-0.00475 -0.18305 -0.00137 1.0 -0.000634 -0.004736 -0.008746 0.99995
0.05434 0.14794 0.03756 1.0 -0.626476 0.008376 -0.00034 0.779396
0.01196 0.15393 0.04553 1.0 -0.562003 0.004462 -0.000488 0.827123
-0.03124 0.14728 0.04113 1.0 -0.614446 0.004305 -0.000259 0.788947
-0.07001 0.1413 0.02956 1.0 -0.657723 0.010684 -0.000786 0.753184
0.09958 0.0939 -0.02147 1.0 -0.315947 0.020268 0.045579 0.947465
-0.05434 -0.14794 -0.03756 1.0 -0.615756 0.017744 -0.001511 0.787736
-0.01196 -0.15393 -0.04553 1.0 -0.540252 -0.007826 0.000748 0.841467
0.03124 -0.14728 -0.04113 1.0 -0.666859 0.009786 -0.000122 0.74512
0.07001 -0.1413 -0.02956 1.0 -0.704248 -0.011589 0.000414 0.709859
-0.01584 -0.15766 -0.0035 1.0 0.723514 0.024676 0.023515 0.689468
-0.09958 -0.09391 0.02147 1.0 -0.260737 0.028072 0.067029 0.962671
0.00074 0.05825 -0.00249 1.0 -0.728787 0.00989 -0.000463 0.684669
0.00034 0.05524 -0.00625 1.0 -0.63461 0.005202 -0.000622 0.772815
0.00033 0.0566 -0.00383 1.0 -0.593232 0.004311 -0.000323 0.80502
0.00078 0.0516 -0.00392 1.0 -0.68381 0.011268 -0.000897 0.729572
0.00086 0.05627 -0.00025 1.0 0.000061 0.002751 0.673584 0.739105
-0.00074 -0.05825 0.00249 1.0 -0.692871 0.019969 -0.001696 0.720783
-0.00034 -0.05524 0.00625 1.0 -0.716398 -0.010369 0.000986 0.697614
-0.00033 -0.0566 0.00383 1.0 -0.648563 0.009519 -0.000106 0.761101
-0.00078 -0.0516 0.00392 1.0 -0.646495 -0.010636 0.000386 0.762844
-0.00086 -0.05627 0.00025 1.0 0.0 -0.002675 0.617481 0.786581


##### Pose: 5 ##############################################

0.0 0.0 0.0 1.0 0.0 0.0 0.707107 0.707107
0.0 0.0 0.6234 1.0 0.0 0.0 0.0 1.0
0.0 0.0 0.0 1.0 0.0 0.0 0.0 1.0
0.0 -0.00065 -0.27126 1.0 0.195716 -0.197506 -0.711063 0.645814
0.0 0.0 -0.6234 1.0 0.0 0.0 0.0 1.0
0.00313 0.12307 0.0005 1.0 0.162967 0.002238 0.190443 0.968075
0.00313 -0.12307 0.0005 1.0 -0.053433 0.574604 -0.179727 0.796664
0.00295 0.0 0.10781 1.0 -0.0048 0.146822 -0.06294 0.987147
0.00295 0.0 0.10781 1.0 0.003868 0.077889 -0.032691 0.996418
0.0 0.0 0.12763 1.0 0.059744 0.143003 -0.047905 0.986755
-0.00518 0.00313 -0.20937 1.0 -0.009459 0.347269 0.022033 0.937459
0.00406 -0.0007 0.20992 1.0 0.175889 0.873929 -0.086025 0.444872
-0.00508 0.00195 -0.15497 1.0 -0.01049 0.045529 -0.113793 0.992405
-0.00858 0.00219 -0.1839 1.0 -0.378367 -0.172136 -0.110637 0.902755
-0.02319 0.09435 0.08792 1.0 -0.010188 -0.011155 0.262179 0.964901
-0.02727 0.0 0.12737 1.0 0.13644 -0.33715 -0.217239 0.905826
0.0051 -0.0019 0.155 1.0 -0.000173 -0.072521 -0.077117 0.994381
0.00163 -0.0023 0.18397 1.0 -0.041869 -0.210828 -0.144843 0.965826
-0.02319 -0.09435 0.08792 1.0 0.087406 0.996009 0.009667 0.01526
0.01955 0.0 0.11236 1.0 -0.141534 -0.220869 -0.24157 0.934253
-0.0012 0.0935 -0.00094 1.0 -0.184822 0.005755 -0.175495 0.966959
0.1367 0.00103 -0.07412 1.0 -0.008082 -0.042301 0.0 0.999072
0.0012 -0.0935 0.00094 1.0 -0.287983 -0.255572 0.227432 0.89444
-0.1367 -0.00103 0.07412 1.0 0.000173 -0.01439 -0.0158 0.999772
0.04184 0.0 0.29363 1.0 0.0 0.0 0.0 1.0
0.00001 0.17528 0.00003 1.0 0.050208 -0.117757 -0.491548 0.86139
0.21175 -0.00194 0.03537 1.0 0.0 0.0 0.0 1.0
0.01545 -0.00217 0.03772 1.0 0.0 0.0 0.0 1.0
0.20253 -0.00433 0.07298 1.0 0.0 0.0 0.0 1.0
0.0 -0.17528 -0.00003 1.0 -0.161231 0.138607 -0.766704 0.60577
0.21133 -0.00375 0.03157 1.0 0.0 0.0 0.0 1.0
-0.00359 0.17236 -0.00001 1.0 -0.061355 -0.060456 -0.014009 0.996185
-0.0044 0.18333 0.00126 1.0 0.0 -0.011197 0.022885 0.999675
-0.00387 -0.17209 -0.00009 1.0 -0.141228 -0.172984 -0.154947 0.962353
-0.00354 -0.18305 -0.00137 1.0 -0.000273 -0.002958 -0.005499 0.999981
0.05434 0.14794 0.03756 1.0 -0.626476 0.008376 -0.00034 0.779396
0.01196 0.15393 0.04553 1.0 -0.562003 0.004462 -0.000488 0.827123
-0.03124 0.14728 0.04113 1.0 -0.614446 0.004305 -0.000259 0.788947
-0.07001 0.1413 0.02956 1.0 -0.657723 0.010684 -0.000786 0.753184
0.09958 0.0939 -0.02147 1.0 -0.315947 0.020268 0.045579 0.947465
-0.05434 -0.14794 -0.03756 1.0 -0.615756 0.017744 -0.001511 0.787736
-0.01196 -0.15393 -0.04553 1.0 -0.540252 -0.007826 0.000748 0.841467
0.03124 -0.14728 -0.04113 1.0 -0.666859 0.009786 -0.000122 0.74512
0.07001 -0.1413 -0.02956 1.0 -0.704248 -0.011589 0.000414 0.709859
-0.01584 -0.15766 -0.0035 1.0 0.723514 0.024676 0.023515 0.689468
-0.09958 -0.09391 0.02147 1.0 -0.260737 0.028072 0.067029 0.962671
0.00074 0.05825 -0.00249 1.0 -0.728787 0.00989 -0.000463 0.684669
0.00034 0.05524 -0.00625 1.0 -0.63461 0.005202 -0.000622 0.772815
0.00033 0.0566 -0.00383 1.0 -0.593232 0.004305 -0.000311 0.80502
0.00078 0.0516 -0.00392 1.0 -0.68381 0.011268 -0.000897 0.729572
0.00086 0.05627 -0.00025 1.0 0.000061 0.002751 0.673584 0.739106
-0.00074 -0.05825 0.00249 1.0 -0.692871 0.019969 -0.001696 0.720783
-0.00034 -0.05524 0.00625 1.0 -0.716398 -0.010369 0.000986 0.697614
-0.00033 -0.0566 0.00383 1.0 -0.648563 0.009519 -0.000106 0.761101
-0.00078 -0.0516 0.00392 1.0 -0.646495 -0.010636 0.000386 0.762844
-0.00086 -0.05627 0.00025 1.0 0.0 -0.002675 0.617481 0.786581


##### Pose: 6 ##############################################

0.0 0.0 0.0 1.0 0.0 0.0 0.707107 0.707107
0.0 0.0 0.6234 1.0 0.0 0.0 0.0 1.0
0.0 0.0 0.0 1.0 0.0 0.0 0.0 1.0
0.0 -0.00051 -0.274 1.0 0.206727 -0.192409 -0.719878 0.634049
0.0 0.0 -0.6234 1.0 0.0 0.0 0.0 1.0
0.00313 0.12307 0.0005 1.0 0.145891 -0.016978 0.184263 0.971841
0.00313 -0.12307 0.0005 1.0 -0.067036 0.556386 -0.167083 0.811187
0.00295 0.0 0.10781 1.0 -0.014324 0.153187 -0.080434 0.984814
0.00295 0.0 0.10781 1.0 0.000828 0.082623 -0.043401 0.995635
0.0 0.0 0.12763 1.0 0.063785 0.148335 -0.064228 0.984786
-0.00507 0.00326 -0.20937 1.0 -0.011512 0.418037 0.022017 0.90809
0.00406 -0.0007 0.20992 1.0 0.184823 0.868316 -0.092925 0.450813
-0.00508 0.00195 -0.15497 1.0 -0.010712 0.047146 -0.119839 0.991616
-0.00875 0.00219 -0.1839 1.0 -0.362614 -0.244343 -0.110713 0.892497
-0.02319 0.09435 0.08792 1.0 -0.016026 -0.011108 0.233869 0.972073
-0.02727 0.0 0.12737 1.0 0.137837 -0.348033 -0.189357 0.907754
0.0051 -0.0019 0.155 1.0 0.000323 -0.079484 -0.084767 0.993225
0.00125 -0.0023 0.18397 1.0 -0.049492 -0.183391 -0.158848 0.968858
-0.02319 -0.09435 0.08792 1.0 0.106657 0.993999 0.018909 0.015254
0.01955 0.0 0.11236 1.0 -0.12435 -0.23049 -0.220456 0.93958
-0.0012 0.0935 -0.00094 1.0 -0.179451 0.003379 -0.209961 0.961094
0.1367 0.00103 -0.07412 1.0 -0.008082 -0.042301 0.0 0.999072
0.0012 -0.0935 0.00094 1.0 -0.280692 -0.250423 0.247224 0.892962
-0.1367 -0.00103 0.07412 1.0 0.0 -0.014392 -0.015782 0.999772
0.04184 0.0 0.29363 1.0 0.0 0.0 0.0 1.0
0.00001 0.17528 0.00003 1.0 0.066251 -0.169789 -0.497793 0.84793
0.21175 -0.00194 0.03537 1.0 0.0 0.0 0.0 1.0
0.01545 -0.00217 0.03772 1.0 0.0 0.0 0.0 1.0
0.20253 -0.00433 0.07298 1.0 0.0 0.0 0.0 1.0
0.0 -0.17528 -0.00003 1.0 -0.14996 0.14155 -0.787859 0.580305
0.21133 -0.00375 0.03157 1.0 0.0 0.0 0.0 1.0
-0.00441 0.17236 -0.00001 1.0 -0.029853 -0.080166 -0.035105 0.995716
-0.00533 0.18333 0.00126 1.0 0.0 -0.014516 0.030247 0.999437
-0.00274 -0.17209 -0.00009 1.0 -0.135576 -0.163553 -0.141885 0.966819
-0.00233 -0.18305 -0.00137 1.0 0.0 -0.000173 -0.00081 1.0
0.05434 0.14794 0.03756 1.0 -0.626476 0.008376 -0.00034 0.779396
0.01196 0.15393 0.04553 1.0 -0.562003 0.004462 -0.000488 0.827123
-0.03124 0.14728 0.04113 1.0 -0.614446 0.004305 -0.000259 0.788947
-0.07001 0.1413 0.02956 1.0 -0.657723 0.010684 -0.000786 0.753184
0.09958 0.0939 -0.02147 1.0 -0.315947 0.020268 0.045579 0.947465
-0.05434 -0.14794 -0.03756 1.0 -0.615756 0.017744 -0.001511 0.787736
-0.01196 -0.15393 -0.04553 1.0 -0.540252 -0.007826 0.000748 0.841467
0.03124 -0.14728 -0.04113 1.0 -0.666859 0.009786 -0.000122 0.74512
0.07001 -0.1413 -0.02956 1.0 -0.704248 -0.011589 0.000414 0.709859
-0.01584 -0.15766 -0.0035 1.0 0.723514 0.024676 0.023515 0.689468
-0.09958 -0.09391 0.02147 1.0 -0.260737 0.028072 0.067029 0.962671
0.00074 0.05825 -0.00249 1.0 -0.728787 0.00989 -0.000463 0.684669
0.00034 0.05524 -0.00625 1.0 -0.63461 0.005202 -0.000622 0.772815
0.00033 0.0566 -0.00383 1.0 -0.593232 0.004299 -0.000299 0.80502
0.00078 0.0516 -0.00392 1.0 -0.68381 0.011268 -0.000897 0.729573
0.00086 0.05627 -0.00025 1.0 0.000061 0.002751 0.673584 0.739106
-0.00074 -0.05825 0.00249 1.0 -0.692871 0.019969 -0.001696 0.720783
-0.00034 -0.05524 0.00625 1.0 -0.716398 -0.010369 0.000986 0.697614
-0.00033 -0.0566 0.00383 1.0 -0.648563 0.009519 -0.000106 0.761101
-0.00078 -0.0516 0.00392 1.0 -0.646495 -0.010636 0.000386 0.762844
-0.00086 -0.05627 0.00025 1.0 0.0 -0.002675 0.617481 0.786581


##### Pose: 7 ##############################################

0.0 0.0 0.0 1.0 0.0 0.0 0.707107 0.707107
0.0 0.0 0.6234 1.0 0.0 0.0 0.0 1.0
0.0 0.0 0.0 1.0 0.0 0.0 0.0 1.0
0.0 -0.00037 -0.27675 1.0 0.217148 -0.186795 -0.728911 0.621806
0.0 0.0 -0.6234 1.0 0.0 0.0 0.0 1.0
0.00313 0.12307 0.0005 1.0 0.128524 -0.036469 0.17893 0.974749
0.00313 -0.12307 0.0005 1.0 -0.079999 0.5377 -0.153832 0.825115
0.00295 0.0 0.10781 1.0 -0.02354 0.159065 -0.098034 0.982107
0.00295 0.0 0.10781 1.0 -0.003835 0.085058 -0.05427 0.99489
0.0 0.0 0.12763 1.0 0.066257 0.152142 -0.079609 0.982917
-0.00497 0.0034 -0.20937 1.0 -0.015429 0.4863 0.025066 0.873296
0.00406 -0.0007 0.20992 1.0 0.193635 0.862549 -0.099959 0.456643
-0.00508 0.00195 -0.15497 1.0 -0.010824 0.04783 -0.120714 0.991475
-0.00847 0.00219 -0.1839 1.0 -0.346432 -0.308523 -0.116726 0.878165
-0.02319 0.09435 0.08792 1.0 -0.01684 -0.009892 0.212944 0.976869
-0.02727 0.0 0.12737 1.0 0.140043 -0.355803 -0.162837 0.909547
0.0051 -0.0019 0.155 1.0 0.000646 -0.086991 -0.093049 0.991854
0.00087 -0.0023 0.18397 1.0 -0.056251 -0.156189 -0.173372 0.970764
-0.02319 -0.09435 0.08792 1.0 0.129193 0.991101 0.028366 0.014939
0.01955 0.0 0.11236 1.0 -0.10812 -0.236166 -0.201882 0.944341
-0.0012 0.0935 -0.00094 1.0 -0.170472 0.001859 -0.244144 0.954636
0.1367 0.00103 -0.07412 1.0 -0.008082 -0.042301 0.0 0.999072
0.0012 -0.0935 0.00094 1.0 -0.277383 -0.249589 0.256736 0.891544
-0.1367 -0.00103 0.07412 1.0 -0.000122 -0.014394 -0.015762 0.999772
0.04184 0.0 0.29363 1.0 0.0 0.0 0.0 1.0
0.00001 0.17528 0.00003 1.0 0.076627 -0.206728 -0.501956 0.836321
0.21175 -0.00194 0.03537 1.0 0.0 0.0 0.0 1.0
0.01545 -0.00217 0.03772 1.0 0.0 0.0 0.0 1.0
0.20253 -0.00433 0.07298 1.0 0.0 0.0 0.0 1.0
0.0 -0.17528 -0.00003 1.0 -0.1392 0.145468 -0.793362 0.57449
0.21133 -0.00375 0.03157 1.0 0.0 0.0 0.0 1.0
-0.00524 0.17236 -0.00001 1.0 -0.011695 -0.098421 -0.052891 0.99367
-0.00627 0.18332 0.00126 1.0 0.0 -0.018097 0.037891 0.999118
-0.00161 -0.17209 -0.00009 1.0 -0.130966 -0.15088 -0.14137 0.969586
-0.00112 -0.18305 -0.00137 1.0 0.0 0.003155 0.005324 0.999981
0.05434 0.14794 0.03756 1.0 -0.626476 0.008376 -0.00034 0.779396
0.01196 0.15393 0.04553 1.0 -0.562003 0.004462 -0.000488 0.827123
-0.03124 0.14728 0.04113 1.0 -0.614446 0.004305 -0.000259 0.788947
-0.07001 0.1413 0.02956 1.0 -0.657723 0.010684 -0.000786 0.753184
0.09958 0.0939 -0.02147 1.0 -0.315947 0.020268 0.045579 0.947465
-0.05434 -0.14794 -0.03756 1.0 -0.615756 0.017744 -0.001511 0.787736
-0.01196 -0.15393 -0.04553 1.0 -0.540252 -0.007826 0.000748 0.841467
0.03124 -0.14728 -0.04113 1.0 -0.666859 0.009786 -0.000122 0.74512
0.07001 -0.1413 -0.02956 1.0 -0.704248 -0.011589 0.000414 0.709859
-0.01584 -0.15766 -0.0035 1.0 0.723514 0.024676 0.023515 0.689468
-0.09958 -0.09391 0.02147 1.0 -0.260737 0.028072 0.067029 0.962671
0.00074 0.05825 -0.00249 1.0 -0.728787 0.00989 -0.000463 0.684669
0.00034 0.05524 -0.00625 1.0 -0.63461 0.005202 -0.000622 0.772815
0.00033 0.0566 -0.00383 1.0 -0.593232 0.004292 -0.000299 0.80502
0.00078 0.0516 -0.00392 1.0 -0.68381 0.011268 -0.000897 0.729572
0.00086 0.05627 -0.00025 1.0 0.000061 0.002751 0.673584 0.739106
-0.00074 -0.05825 0.00249 1.0 -0.692871 0.019969 -0.001696 0.720783
-0.00034 -0.05524 0.00625 1.0 -0.716398 -0.010369 0.000986 0.697614
-0.00033 -0.0566 0.00383 1.0 -0.648563 0.009519 -0.000106 0.761101
-0.00078 -0.0516 0.00392 1.0 -0.646495 -0.010636 0.000386 0.762844
-0.00086 -0.05627 0.00025 1.0 0.0 -0.002675 0.617481 0.786581


##### Pose: 8 ##############################################

0.0 0.0 0.0 1.0 0.0 0.0 0.707107 0.707107
0.0 0.0 0.6234 1.0 0.0 0.0 0.0 1.0
0.0 0.0 0.0 1.0 0.0 0.0 0.0 1.0
0.0 -0.00024 -0.27949 1.0 0.226951 -0.180638 -0.738134 0.609115
0.0 0.0 -0.6234 1.0 0.0 0.0 0.0 1.0
0.00313 0.12307 0.0005 1.0 0.108677 -0.043411 0.170426 0.978397
0.00313 -0.12307 0.0005 1.0 -0.092297 0.51857 -0.140001 0.838431
0.00295 0.0 0.10781 1.0 -0.032435 0.164452 -0.11572 0.979036
0.00295 0.0 0.10781 1.0 -0.009031 0.085771 -0.06414 0.994207
0.0 0.0 0.12763 1.0 0.068416 0.155359 -0.092594 0.981126
-0.00487 0.00353 -0.20937 1.0 -0.018851 0.52107 0.028323 0.852836
0.00406 -0.0007 0.20992 1.0 0.202315 0.856627 -0.107139 0.462363
-0.00508 0.00195 -0.15497 1.0 -0.010286 0.045189 -0.113777 0.992425
-0.00819 0.00219 -0.1839 1.0 -0.335284 -0.351352 -0.103519 0.867998
-0.02319 0.09435 0.08792 1.0 -0.011608 -0.006824 0.200235 0.979655
-0.02727 0.0 0.12737 1.0 0.142922 -0.361365 -0.140655 0.910607
0.0051 -0.0019 0.155 1.0 0.000573 -0.094492 -0.100678 0.990422
0.00049 -0.0023 0.18397 1.0 -0.070106 -0.130817 -0.187296 0.971026
-0.02319 -0.09435 0.08792 1.0 0.153341 0.987294 0.039293 0.013913
0.01955 0.0 0.11236 1.0 -0.092363 -0.238842 -0.185751 0.948641
-0.0012 0.0935 -0.00094 1.0 -0.16157 0.001573 -0.273298 0.948262
0.1367 0.00103 -0.07412 1.0 -0.008082 -0.042301 0.0 0.999072
0.0012 -0.0935 0.00094 1.0 -0.277982 -0.248607 0.258004 0.891266
-0.1367 -0.00103 0.07412 1.0 -0.000244 -0.014397 -0.015744 0.999772
0.04184 0.0 0.29363 1.0 0.0 0.0 0.0 1.0
0.00001 0.17528 0.00003 1.0 0.069448 -0.21637 -0.523877 0.820922
0.21175 -0.00194 0.03537 1.0 0.0 0.0 0.0 1.0
0.01545 -0.00217 0.03772 1.0 0.0 0.0 0.0 1.0
0.20253 -0.00433 0.07298 1.0 0.0 0.0 0.0 1.0
0.0 -0.17528 -0.00003 1.0 -0.133162 0.156895 -0.79055 0.576786
0.21133 -0.00375 0.03157 1.0 0.0 0.0 0.0 1.0
-0.00606 0.17236 -0.00001 1.0 -0.007638 -0.11683 -0.069768 0.990669
-0.0072 0.18332 0.00126 1.0 0.000173 -0.021805 0.045249 0.998738
-0.00048 -0.17209 -0.00009 1.0 -0.12837 -0.135673 -0.148752 0.971075
0.00009 -0.18305 -0.00137 1.0 0.0 0.006902 0.012178 0.999902
0.05434 0.14794 0.03756 1.0 -0.626476 0.008376 -0.00034 0.779396
0.01196 0.15393 0.04553 1.0 -0.562003 0.004462 -0.000488 0.827123
-0.03124 0.14728 0.04113 1.0 -0.614446 0.004305 -0.000259 0.788947
-0.07001 0.1413 0.02956 1.0 -0.657723 0.010684 -0.000786 0.753184
0.09958 0.0939 -0.02147 1.0 -0.315947 0.020268 0.045579 0.947465
-0.05434 -0.14794 -0.03756 1.0 -0.615756 0.017744 -0.001511 0.787736
-0.01196 -0.15393 -0.04553 1.0 -0.540252 -0.007826 0.000748 0.841467
0.03124 -0.14728 -0.04113 1.0 -0.666859 0.009786 -0.000122 0.74512
0.07001 -0.1413 -0.02956 1.0 -0.704248 -0.011589 0.000414 0.709859
-0.01584 -0.15766 -0.0035 1.0 0.723514 0.024676 0.023515 0.689468
-0.09958 -0.09391 0.02147 1.0 -0.260737 0.028072 0.067029 0.962671
0.00074 0.05825 -0.00249 1.0 -0.728787 0.00989 -0.000463 0.684669
0.00034 0.05524 -0.00625 1.0 -0.63461 0.005202 -0.000622 0.772815
0.00033 0.0566 -0.00383 1.0 -0.593232 0.004286 -0.000286 0.80502
0.00078 0.0516 -0.00392 1.0 -0.68381 0.011268 -0.000897 0.729572
0.00086 0.05627 -0.00025 1.0 0.000061 0.002751 0.673584 0.739106
-0.00074 -0.05825 0.00249 1.0 -0.692871 0.019969 -0.001696 0.720783
-0.00034 -0.05524 0.00625 1.0 -0.716398 -0.010369 0.000986 0.697614
-0.00033 -0.0566 0.00383 1.0 -0.648563 0.009519 -0.000106 0.761101
-0.00078 -0.0516 0.00392 1.0 -0.646495 -0.010636 0.000386 0.762844
-0.00086 -0.05627 0.00025 1.0 0.0 -0.002675 0.617481 0.786581


##### Pose: 9 ##############################################

0.0 0.0 0.0 1.0 0.0 0.0 0.707107 0.707107
0.0 0.0 0.6234 1.0 0.0 0.0 0.0 1.0
0.0 0.0 0.0 1.0 0.0 0.0 0.0 1.0
0.0 -0.0001 -0.28224 1.0 0.236709 -0.174538 -0.747527 0.595574
0.0 0.0 -0.6234 1.0 0.0 0.0 0.0 1.0
0.00313 0.12307 0.0005 1.0 0.092065 -0.051359 0.16211 0.981125
0.00313 -0.12307 0.0005 1.0 -0.100322 0.497891 -0.131493 0.851322
0.00295 0.0 0.10781 1.0 -0.035783 0.170053 -0.132569 0.975821
0.00295 0.0 0.10781 1.0 -0.013621 0.08577 -0.07186 0.993627
0.0 0.0 0.12763 1.0 0.070936 0.158079 -0.103081 0.979466
-0.00476 0.00367 -0.20937 1.0 -0.021878 0.536983 0.031816 0.842709
0.00406 -0.0007 0.20992 1.0 0.208213 0.851149 -0.113014 0.468423
-0.00508 0.00195 -0.15497 1.0 -0.009321 0.040194 -0.099055 0.994226
-0.0079 0.00219 -0.1839 1.0 -0.333859 -0.379526 -0.092338 0.857888
-0.02319 0.09435 0.08792 1.0 0.000173 -0.002624 0.194524 0.980894
-0.02727 0.0 0.12737 1.0 0.145201 -0.36626 -0.122629 0.910897
0.0051 -0.0019 0.155 1.0 0.000457 -0.10021 -0.107035 0.989192
0.00034 -0.0023 0.18397 1.0 -0.085758 -0.119163 -0.20092 0.968544
-0.02319 -0.09435 0.08792 1.0 0.180671 0.98218 0.050316 0.012197
0.01955 0.0 0.11236 1.0 -0.079325 -0.24083 -0.172499 0.951815
-0.0012 0.0935 -0.00094 1.0 -0.149683 -0.002153 -0.301376 0.941681
0.1367 0.00103 -0.07412 1.0 -0.008082 -0.042301 0.0 0.999072
0.0012 -0.0935 0.00094 1.0 -0.278581 -0.247622 0.25927 0.890985
-0.1367 -0.00103 0.07412 1.0 -0.000244 -0.014397 -0.015728 0.999773
0.04184 0.0 0.29363 1.0 0.0 0.0 0.0 1.0
0.00001 0.17528 0.00003 1.0 0.059954 -0.220627 -0.542944 0.808048
0.21175 -0.00194 0.03537 1.0 0.0 0.0 0.0 1.0
0.01545 -0.00217 0.03772 1.0 0.0 0.0 0.0 1.0
0.20253 -0.00433 0.07298 1.0 0.0 0.0 0.0 1.0
0.0 -0.17528 -0.00003 1.0 -0.123805 0.165054 -0.786307 0.582367
0.21133 -0.00375 0.03157 1.0 0.0 0.0 0.0 1.0
-0.00688 0.17236 -0.00001 1.0 -0.010791 -0.137507 -0.090024 0.986342
-0.00813 0.18331 0.00126 1.0 0.000323 -0.025634 0.053736 0.998226
0.00065 -0.17209 -0.00009 1.0 -0.125996 -0.116576 -0.159997 0.972078
0.0013 -0.18305 -0.00137 1.0 0.0 0.011038 0.019754 0.999744
0.05434 0.14794 0.03756 1.0 -0.626476 0.008376 -0.00034 0.779396
0.01196 0.15393 0.04553 1.0 -0.562003 0.004462 -0.000488 0.827123
-0.03124 0.14728 0.04113 1.0 -0.614446 0.004305 -0.000259 0.788947
-0.07001 0.1413 0.02956 1.0 -0.657723 0.010684 -0.000786 0.753184
0.09958 0.0939 -0.02147 1.0 -0.315947 0.020268 0.045579 0.947465
-0.05434 -0.14794 -0.03756 1.0 -0.615756 0.017744 -0.001511 0.787736
-0.01196 -0.15393 -0.04553 1.0 -0.540252 -0.007826 0.000748 0.841467
0.03124 -0.14728 -0.04113 1.0 -0.666859 0.009786 -0.000122 0.74512
0.07001 -0.1413 -0.02956 1.0 -0.704248 -0.011589 0.000414 0.709859
-0.01584 -0.15766 -0.0035 1.0 0.723514 0.024676 0.023515 0.689468
-0.09958 -0.09391 0.02147 1.0 -0.260737 0.028072 0.067029 0.962671
0.00074 0.05825 -0.00249 1.0 -0.728787 0.00989 -0.000463 0.684669
0.00034 0.05524 -0.00625 1.0 -0.63461 0.005202 -0.000622 0.772815
0.00033 0.0566 -0.00383 1.0 -0.593232 0.004281 -0.000299 0.80502
0.00078 0.0516 -0.00392 1.0 -0.68381 0.011268 -0.000897 0.729573
0.00086 0.05627 -0.00025 1.0 0.000061 0.002751 0.673584 0.739106
-0.00074 -0.05825 0.00249 1.0 -0.692871 0.019969 -0.001696 0.720783
-0.00034 -0.05524 0.00625 1.0 -0.716398 -0.010369 0.000986 0.697614
-0.00033 -0.0566 0.00383 1.0 -0.648563 0.009519 -0.000106 0.761101
-0.00078 -0.0516 0.00392 1.0 -0.646495 -0.010636 0.000386 0.762844
-0.00086 -0.05627 0.00025 1.0 0.0 -0.002675 0.617481 0.786581


##### Pose: 10 #############################################

0.0 0.0 0.0 1.0 0.0 0.0 0.707107 0.707107
0.0 0.0 0.6234 1.0 0.0 0.0 0.0 1.0
0.0 0.0 0.0 1.0 0.0 0.0 0.0 1.0
0.0 0.00004 -0.28498 1.0 0.245765 -0.167833 -0.757092 0.581587
0.0 0.0 -0.6234 1.0 0.0 0.0 0.0 1.0
0.00313 0.12307 0.0005 1.0 0.07518 -0.059656 0.154129 0.983379
0.00313 -0.12307 0.0005 1.0 -0.109234 0.47669 -0.123365 0.863491
0.00295 0.0 0.10781 1.0 -0.040508 0.164404 -0.148971 0.974237
0.00295 0.0 0.10781 1.0 -0.016911 0.085206 -0.076317 0.993292
0.0 0.0 0.12763 1.0 0.073787 0.160334 -0.111076 0.978014
-0.00466 0.0038 -0.20937 1.0 -0.023517 0.538233 0.034203 0.841773
0.00406 -0.0007 0.20992 1.0 0.214015 0.845568 -0.118983 0.4744
-0.00508 0.00195 -0.15497 1.0 -0.00797 0.033676 -0.08344 0.995912
-0.00762 0.00219 -0.1839 1.0 -0.335233 -0.39289 -0.076109 0.852915
-0.02319 0.09435 0.08792 1.0 0.006485 0.00394 0.193856 0.981001
-0.02727 0.0 0.12737 1.0 0.147787 -0.370405 -0.110043 0.910412
0.0051 -0.0019 0.155 1.0 0.000423 -0.104186 -0.111493 0.988289
0.00019 -0.0023 0.18397 1.0 -0.09997 -0.107364 -0.203365 0.968051
-0.02319 -0.09435 0.08792 1.0 0.207829 0.976182 0.061533 0.009462
0.01955 0.0 0.11236 1.0 -0.069582 -0.242679 -0.16313 0.953758
-0.0012 0.0935 -0.00094 1.0 -0.128103 -0.006674 -0.323924 0.937346
0.1367 0.00103 -0.07412 1.0 -0.008082 -0.042301 0.0 0.999072
0.0012 -0.0935 0.00094 1.0 -0.279179 -0.246635 0.260534 0.890703
-0.1367 -0.00103 0.07412 1.0 -0.000244 -0.014397 -0.015712 0.999773
0.04184 0.0 0.29363 1.0 0.0 0.0 0.0 1.0
0.00001 0.17528 0.00003 1.0 0.049198 -0.223688 -0.56113 0.79541
0.21175 -0.00194 0.03537 1.0 0.0 0.0 0.0 1.0
0.01545 -0.00217 0.03772 1.0 0.0 0.0 0.0 1.0
0.20253 -0.00433 0.07298 1.0 0.0 0.0 0.0 1.0
0.0 -0.17528 -0.00003 1.0 -0.114287 0.173088 -0.782003 0.58775
0.21133 -0.00375 0.03157 1.0 0.0 0.0 0.0 1.0
-0.00771 0.17236 -0.00001 1.0 -0.016464 -0.160191 -0.111519 0.980628
-0.00907 0.18331 0.00126 1.0 0.000573 -0.029586 0.0625 0.997606
0.00178 -0.17209 -0.00009 1.0 -0.12489 -0.097174 -0.173724 0.971998
0.0025 -0.18305 -0.00137 1.0 -0.000122 0.015368 0.02805 0.999488
0.05434 0.14794 0.03756 1.0 -0.626476 0.008376 -0.00034 0.779396
0.01196 0.15393 0.04553 1.0 -0.562003 0.004462 -0.000488 0.827123
-0.03124 0.14728 0.04113 1.0 -0.614446 0.004305 -0.000259 0.788947
-0.07001 0.1413 0.02956 1.0 -0.657723 0.010684 -0.000786 0.753184
0.09958 0.0939 -0.02147 1.0 -0.315947 0.020268 0.045579 0.947465
-0.05434 -0.14794 -0.03756 1.0 -0.615756 0.017744 -0.001511 0.787736
-0.01196 -0.15393 -0.04553 1.0 -0.540252 -0.007826 0.000748 0.841467
0.03124 -0.14728 -0.04113 1.0 -0.666859 0.009786 -0.000122 0.74512
0.07001 -0.1413 -0.02956 1.0 -0.704248 -0.011589 0.000414 0.709859
-0.01584 -0.15766 -0.0035 1.0 0.723514 0.024676 0.023515 0.689468
-0.09958 -0.09391 0.02147 1.0 -0.260737 0.028072 0.067029 0.962671
0.00074 0.05825 -0.00249 1.0 -0.728787 0.00989 -0.000463 0.684669
0.00034 0.05524 -0.00625 1.0 -0.63461 0.005202 -0.000622 0.772815
0.00033 0.0566 -0.00383 1.0 -0.593232 0.004274 -0.000299 0.80502
0.00078 0.0516 -0.00392 1.0 -0.68381 0.011268 -0.000897 0.729572
0.00086 0.05627 -0.00025 1.0 0.000061 0.002751 0.673584 0.739106
-0.00074 -0.05825 0.00249 1.0 -0.692871 0.019969 -0.001696 0.720783
-0.00034 -0.05524 0.00625 1.0 -0.716398 -0.010369 0.000986 0.697614
-0.00033 -0.0566 0.00383 1.0 -0.648563 0.009519 -0.000106 0.761101
-0.00078 -0.0516 0.00392 1.0 -0.646495 -0.010636 0.000386 0.762844
-0.00086 -0.05627 0.00025 1.0 0.0 -0.002675 0.617481 0.786581


##### Pose: 11 #############################################

0.0 0.0 0.0 1.0 0.0 0.0 0.707107 0.707107
0.0 0.0 0.6234 1.0 0.0 0.0 0.0 1.0
0.0 0.0 0.0 1.0 0.0 0.0 0.0 1.0
0.0 0.00018 -0.28772 1.0 0.257307 -0.163067 -0.760528 0.57341
0.0 0.0 -0.6234 1.0 0.0 0.0 0.0 1.0
0.00313 0.12307 0.0005 1.0 0.057083 -0.061888 0.146872 0.985566
0.00313 -0.12307 0.0005 1.0 -0.117781 0.455192 -0.114866 0.875062
0.00295 0.0 0.10781 1.0 -0.049117 0.160544 -0.144795 0.975114
0.00295 0.0 0.10781 1.0 -0.020233 0.083903 -0.076574 0.993321
0.0 0.0 0.12763 1.0 0.075288 0.162784 -0.114367 0.977115
-0.00455 0.00394 -0.20937 1.0 -0.025162 0.539476 0.036585 0.840829
0.00406 -0.0007 0.20992 1.0 0.219721 0.839885 -0.125042 0.480292
-0.00508 0.00195 -0.15497 1.0 -0.006442 0.026688 -0.066965 0.997378
-0.00733 0.00219 -0.1839 1.0 -0.336118 -0.406095 -0.059868 0.84766
-0.02319 0.09435 0.08792 1.0 0.011019 0.010583 0.196075 0.98047
-0.02727 0.0 0.12737 1.0 0.151028 -0.374146 -0.102215 0.909262
0.0051 -0.0019 0.155 1.0 0.000585 -0.106452 -0.11343 0.987827
0.00003 -0.0023 0.18397 1.0 -0.104162 -0.09357 -0.207212 0.968224
-0.02319 -0.09435 0.08792 1.0 0.233147 0.969771 0.071759 0.006106
0.01955 0.0 0.11236 1.0 -0.062703 -0.244274 -0.155409 0.955116
-0.0012 0.0935 -0.00094 1.0 -0.107104 -0.010031 -0.346636 0.931811
0.1367 0.00103 -0.07412 1.0 -0.008082 -0.042301 0.0 0.999072
0.0012 -0.0935 0.00094 1.0 -0.279778 -0.245644 0.261796 0.890419
-0.1367 -0.00103 0.07412 1.0 -0.000244 -0.014397 -0.015695 0.999773
0.04184 0.0 0.29363 1.0 0.0 0.0 0.0 1.0
0.00001 0.17528 0.00003 1.0 0.037236 -0.225595 -0.578347 0.783093
0.21175 -0.00194 0.03537 1.0 0.0 0.0 0.0 1.0
0.01545 -0.00217 0.03772 1.0 0.0 0.0 0.0 1.0
0.20253 -0.00433 0.07298 1.0 0.0 0.0 0.0 1.0
0.0 -0.17528 -0.00003 1.0 -0.104614 0.181 -0.77764 0.592934
0.21133 -0.00375 0.03157 1.0 0.0 0.0 0.0 1.0
-0.00789 0.17236 -0.00001 1.0 -0.024036 -0.182057 -0.131735 0.974127
-0.00927 0.1833 0.00126 1.0 0.000863 -0.033395 0.070977 0.996918
0.00291 -0.17209 -0.00009 1.0 -0.121572 -0.077619 -0.188442 0.971435
0.00371 -0.18305 -0.00137 1.0 -0.000211 0.01969 0.036345 0.999145
0.05434 0.14794 0.03756 1.0 -0.626476 0.008376 -0.00034 0.779396
0.01196 0.15393 0.04553 1.0 -0.562003 0.004462 -0.000488 0.827123
-0.03124 0.14728 0.04113 1.0 -0.614446 0.004305 -0.000259 0.788947
-0.07001 0.1413 0.02956 1.0 -0.657723 0.010684 -0.000786 0.753184
0.09958 0.0939 -0.02147 1.0 -0.315947 0.020268 0.045579 0.947465
-0.05434 -0.14794 -0.03756 1.0 -0.615756 0.017744 -0.001511 0.787736
-0.01196 -0.15393 -0.04553 1.0 -0.540252 -0.007826 0.000748 0.841467
0.03124 -0.14728 -0.04113 1.0 -0.666859 0.009786 -0.000122 0.74512
0.07001 -0.1413 -0.02956 1.0 -0.704248 -0.011589 0.000414 0.709859
-0.01584 -0.15766 -0.0035 1.0 0.723514 0.024676 0.023515 0.689468
-0.09958 -0.09391 0.02147 1.0 -0.260737 0.028072 0.067029 0.962671
0.00074 0.05825 -0.00249 1.0 -0.728787 0.00989 -0.000463 0.684669
0.00034 0.05524 -0.00625 1.0 -0.63461 0.005202 -0.000622 0.772815
0.00033 0.0566 -0.00383 1.0 -0.593232 0.004268 -0.000286 0.80502
0.00078 0.0516 -0.00392 1.0 -0.68381 0.011268 -0.000897 0.729572
0.00086 0.05627 -0.00025 1.0 0.000061 0.002751 0.673584 0.739106
-0.00074 -0.05825 0.00249 1.0 -0.692871 0.019969 -0.001696 0.720783
-0.00034 -0.05524 0.00625 1.0 -0.716398 -0.010369 0.000986 0.697614
-0.00033 -0.0566 0.00383 1.0 -0.648563 0.009519 -0.000106 0.761101
-0.00078 -0.0516 0.00392 1.0 -0.646495 -0.010636 0.000386 0.762844
-0.00086 -0.05627 0.00025 1.0 0.0 -0.002675 0.617481 0.786581


##### Pose: 12 #############################################

0.0 0.0 0.0 1.0 0.0 0.0 0.707107 0.707107
0.0 0.0 0.6234 1.0 0.0 0.0 0.0 1.0
0.0 0.0 0.0 1.0 0.0 0.0 0.0 1.0
0.0 0.00031 -0.29047 1.0 0.268637 -0.158202 -0.763959 0.564954
0.0 0.0 -0.6234 1.0 0.0 0.0 0.0 1.0
0.00313 0.12307 0.0005 1.0 0.038837 -0.064422 0.139747 0.987326
0.00313 -0.12307 0.0005 1.0 -0.12595 0.433415 -0.10601 0.88603
0.00295 0.0 0.10781 1.0 -0.057704 0.156744 -0.140557 0.975882
0.00295 0.0 0.10781 1.0 -0.024208 0.081766 -0.074762 0.993549
0.0 0.0 0.12763 1.0 0.075864 0.16466 -0.116612 0.97649
-0.00445 0.00417 -0.20937 1.0 -0.026815 0.540714 0.038961 0.839876
0.00406 -0.0007 0.20992 1.0 0.225476 0.834651 -0.130936 0.485154
-0.00508 0.00195 -0.15497 1.0 -0.004765 0.019952 -0.050503 0.998513
-0.00705 0.00219 -0.1839 1.0 -0.336515 -0.419134 -0.043629 0.842129
-0.02319 0.09435 0.08792 1.0 0.01566 0.016156 0.200455 0.979445
-0.02727 0.0 0.12737 1.0 0.15393 -0.376303 -0.098468 0.908298
0.0051 -0.0019 0.155 1.0 0.000732 -0.107563 -0.114722 0.987557
-0.00012 -0.0023 0.18397 1.0 -0.108238 -0.079838 -0.211228 0.968139
-0.02319 -0.09435 0.08792 1.0 0.253403 0.964076 0.079596 0.002982
0.01955 0.0 0.11236 1.0 -0.059026 -0.245505 -0.150423 0.955833
-0.0012 0.0935 -0.00094 1.0 -0.089764 -0.013406 -0.369407 0.924825
0.1367 0.00103 -0.07412 1.0 -0.008082 -0.042301 0.0 0.999072
0.0012 -0.0935 0.00094 1.0 -0.280376 -0.244651 0.263056 0.890133
-0.1367 -0.00103 0.07412 1.0 -0.000244 -0.014397 -0.015679 0.999774
0.04184 0.0 0.29363 1.0 0.0 0.0 0.0 1.0
0.00001 0.17528 0.00003 1.0 0.030572 -0.218029 -0.594217 0.773586
0.21175 -0.00194 0.03537 1.0 0.0 0.0 0.0 1.0
0.01545 -0.00217 0.03772 1.0 0.0 0.0 0.0 1.0
0.20253 -0.00433 0.07298 1.0 0.0 0.0 0.0 1.0
0.0 -0.17528 -0.00003 1.0 -0.099258 0.187269 -0.770989 0.600545
0.21133 -0.00375 0.03157 1.0 0.0 0.0 0.0 1.0
-0.00806 0.17236 -0.00001 1.0 -0.031977 -0.201018 -0.148393 0.967755
-0.00947 0.1833 0.00126 1.0 0.00119 -0.037063 0.078601 0.996216
0.00404 -0.17209 -0.00009 1.0 -0.117352 -0.060449 -0.201938 0.970462
0.00492 -0.18305 -0.00137 1.0 -0.000457 0.023811 0.043915 0.998751
0.05434 0.14794 0.03756 1.0 -0.626476 0.008376 -0.00034 0.779396
0.01196 0.15393 0.04553 1.0 -0.562003 0.004462 -0.000488 0.827123
-0.03124 0.14728 0.04113 1.0 -0.614446 0.004305 -0.000259 0.788947
-0.07001 0.1413 0.02956 1.0 -0.657723 0.010684 -0.000786 0.753184
0.09958 0.0939 -0.02147 1.0 -0.315947 0.020268 0.045579 0.947465
-0.05434 -0.14794 -0.03756 1.0 -0.615756 0.017744 -0.001511 0.787736
-0.01196 -0.15393 -0.04553 1.0 -0.540252 -0.007826 0.000748 0.841467
0.03124 -0.14728 -0.04113 1.0 -0.666859 0.009786 -0.000122 0.74512
0.07001 -0.1413 -0.02956 1.0 -0.704248 -0.011589 0.000414 0.709859
-0.01584 -0.15766 -0.0035 1.0 0.723514 0.024676 0.023515 0.689468
-0.09958 -0.09391 0.02147 1.0 -0.260737 0.028072 0.067029 0.962671
0.00074 0.05825 -0.00249 1.0 -0.728787 0.00989 -0.000463 0.684669
0.00034 0.05524 -0.00625 1.0 -0.63461 0.005202 -0.000622 0.772815
0.00033 0.0566 -0.00383 1.0 -0.593232 0.004261 -0.000286 0.80502
0.00078 0.0516 -0.00392 1.0 -0.68381 0.011268 -0.000897 0.729573
0.00086 0.05627 -0.00025 1.0 0.000061 0.002751 0.673584 0.739106
-0.00074 -0.05825 0.00249 1.0 -0.692871 0.019969 -0.001696 0.720783
-0.00034 -0.05524 0.00625 1.0 -0.716398 -0.010369 0.000986 0.697614
-0.00033 -0.0566 0.00383 1.0 -0.648563 0.009519 -0.000106 0.761101
-0.00078 -0.0516 0.00392 1.0 -0.646495 -0.010636 0.000386 0.762844
-0.00086 -0.05627 0.00025 1.0 0.0 -0.002675 0.617481 0.786581


##### Pose: 13 #############################################

0.0 0.0 0.0 1.0 0.0 0.0 0.707107 0.707107
0.0 0.0 0.6234 1.0 0.0 0.0 0.0 1.0
0.0 0.0 0.0 1.0 0.0 0.0 0.0 1.0
0.0 0.00045 -0.29321 1.0 0.279749 -0.153238 -0.767382 0.556222
0.0 0.0 -0.6234 1.0 0.0 0.0 0.0 1.0
0.00313 0.12307 0.0005 1.0 0.020451 -0.067251 0.132764 0.988652
0.00313 -0.12307 0.0005 1.0 -0.133727 0.411377 -0.09681 0.896389
0.00295 0.0 0.10781 1.0 -0.066267 0.153004 -0.13626 0.976541
0.00295 0.0 0.10781 1.0 -0.027705 0.078769 -0.069729 0.994065
0.0 0.0 0.12763 1.0 0.075971 0.165554 -0.116543 0.976339
-0.00434 0.0044 -0.20937 1.0 -0.028476 0.541945 0.041332 0.838914
0.00406 -0.0007 0.20992 1.0 0.231146 0.82933 -0.136905 0.489939
-0.00508 0.00195 -0.15497 1.0 -0.003202 0.013471 -0.034923 0.999294
-0.00676 0.00219 -0.1839 1.0 -0.336423 -0.431999 -0.027406 0.836329
-0.02319 0.09435 0.08792 1.0 0.019111 0.020013 0.204825 0.978407
-0.02727 0.0 0.12737 1.0 0.155995 -0.376969 -0.096776 0.907852
0.0051 -0.0019 0.155 1.0 0.000837 -0.107551 -0.114733 0.987557
-0.00027 -0.0023 0.18397 1.0 -0.113261 -0.070975 -0.214851 0.967457
-0.02319 -0.09435 0.08792 1.0 0.266281 0.960111 0.085326 0.000851
0.01955 0.0 0.11236 1.0 -0.057039 -0.24614 -0.147378 0.956264
-0.0012 0.0935 -0.00094 1.0 -0.076437 0.001071 -0.367051 0.927054
0.1367 0.00103 -0.07412 1.0 -0.008082 -0.042301 0.0 0.999072
0.0012 -0.0935 0.00094 1.0 -0.280974 -0.243655 0.264313 0.889845
-0.1367 -0.00103 0.07412 1.0 -0.000244 -0.014397 -0.015663 0.999774
0.04184 0.0 0.29363 1.0 0.0 0.0 0.0 1.0
0.00001 0.17528 0.00003 1.0 0.023867 -0.221521 -0.60092 0.767629
0.21175 -0.00194 0.03537 1.0 0.0 0.0 0.0 1.0
0.01545 -0.00217 0.03772 1.0 0.0 0.0 0.0 1.0
0.20253 -0.00433 0.07298 1.0 0.0 0.0 0.0 1.0
0.0 -0.17528 -0.00003 1.0 -0.093559 0.193216 -0.764368 0.607993
0.21133 -0.00375 0.03157 1.0 0.0 0.0 0.0 1.0
-0.00824 0.17236 -0.00001 1.0 -0.037124 -0.213451 -0.159712 0.963095
-0.00968 0.1833 0.00126 1.0 0.001381 -0.039672 0.083965 0.995678
0.00517 -0.17209 -0.00009 1.0 -0.110061 -0.045934 -0.214213 0.969479
0.00613 -0.18305 -0.00137 1.0 -0.000657 0.027143 0.05004 0.998378
0.05434 0.14794 0.03756 1.0 -0.626476 0.008376 -0.00034 0.779396
0.01196 0.15393 0.04553 1.0 -0.562003 0.004462 -0.000488 0.827123
-0.03124 0.14728 0.04113 1.0 -0.614446 0.004305 -0.000259 0.788947
-0.07001 0.1413 0.02956 1.0 -0.657723 0.010684 -0.000786 0.753184
0.09958 0.0939 -0.02147 1.0 -0.315947 0.020268 0.045579 0.947465
-0.05434 -0.14794 -0.03756 1.0 -0.615756 0.017744 -0.001511 0.787736
-0.01196 -0.15393 -0.04553 1.0 -0.540252 -0.007826 0.000748 0.841467
0.03124 -0.14728 -0.04113 1.0 -0.666859 0.009786 -0.000122 0.74512
0.07001 -0.1413 -0.02956 1.0 -0.704248 -0.011589 0.000414 0.709859
-0.01584 -0.15766 -0.0035 1.0 0.723514 0.024676 0.023515 0.689468
-0.09958 -0.09391 0.02147 1.0 -0.260737 0.028072 0.067029 0.962671
0.00074 0.05825 -0.00249 1.0 -0.728787 0.00989 -0.000463 0.684669
0.00034 0.05524 -0.00625 1.0 -0.63461 0.005202 -0.000622 0.772815
0.00033 0.0566 -0.00383 1.0 -0.593232 0.004255 -0.000273 0.80502
0.00078 0.0516 -0.00392 1.0 -0.68381 0.011268 -0.000897 0.729572
0.00086 0.05627 -0.00025 1.0 0.000061 0.002751 0.673584 0.739105
-0.00074 -0.05825 0.00249 1.0 -0.692871 0.019969 -0.001696 0.720783
-0.00034 -0.05524 0.00625 1.0 -0.716398 -0.010369 0.000986 0.697614
-0.00033 -0.0566 0.00383 1.0 -0.648563 0.009519 -0.000106 0.761101
-0.00078 -0.0516 0.00392 1.0 -0.646495 -0.010636 0.000386 0.762844
-0.00086 -0.05627 0.00025 1.0 0.0 -0.002675 0.617481 0.786581


##### Pose: 14 #############################################

0.0 0.0 0.0 1.0 0.0 0.0 0.707107 0.707107
0.0 0.0 0.6234 1.0 0.0 0.0 0.0 1.0
0.0 0.0 0.0 1.0 0.0 0.0 0.0 1.0
0.0 0.00059 -0.28756 1.0 0.298408 -0.156868 -0.774104 0.535825
0.0 0.0 -0.6234 1.0 0.0 0.0 0.0 1.0
0.00313 0.12307 0.0005 1.0 0.008347 -0.065996 0.129439 0.989354
0.00313 -0.12307 0.0005 1.0 -0.12702 0.401922 -0.076614 0.903579
0.00295 0.0 0.10781 1.0 -0.070291 0.147811 -0.123924 0.9787
0.00295 0.0 0.10781 1.0 -0.031673 0.075638 -0.063663 0.994597
0.0 0.0 0.12763 1.0 0.075971 0.165554 -0.116543 0.976339
-0.00424 0.00462 -0.20937 1.0 -0.030764 0.533968 0.045943 0.843695
0.00406 -0.0007 0.20992 1.0 0.231066 0.824169 -0.138805 0.498083
-0.00508 0.00195 -0.15497 1.0 -0.001786 0.007643 -0.020224 0.999765
-0.00648 0.00219 -0.1839 1.0 -0.33907 -0.436741 -0.013028 0.833138
-0.02319 0.09435 0.08792 1.0 0.020411 0.021774 0.207006 0.977884
-0.02727 0.0 0.12737 1.0 0.157257 -0.375794 -0.097071 0.908089
0.0051 -0.0019 0.155 1.0 0.000837 -0.107551 -0.114733 0.987557
0.00143 -0.0023 0.18397 1.0 -0.112879 -0.059052 -0.214508 0.968379
-0.02319 -0.09435 0.08792 1.0 0.271074 0.958609 0.087103 -0.000877
0.01955 0.0 0.11236 1.0 -0.056644 -0.245399 -0.146315 0.956641
-0.0012 0.0935 -0.00094 1.0 -0.104469 -0.000743 -0.364722 0.925237
0.1367 0.00103 -0.07412 1.0 -0.008082 -0.042301 0.0 0.999072
0.0012 -0.0935 0.00094 1.0 -0.281426 -0.243699 0.263882 0.889818
-0.1367 -0.00103 0.07412 1.0 -0.000244 -0.014397 -0.015647 0.999774
0.04184 0.0 0.29363 1.0 0.0 0.0 0.0 1.0
0.00001 0.17528 0.00003 1.0 0.019402 -0.219355 -0.605759 0.764567
0.21175 -0.00194 0.03537 1.0 0.0 0.0 0.0 1.0
0.01545 -0.00217 0.03772 1.0 0.0 0.0 0.0 1.0
0.20253 -0.00433 0.07298 1.0 0.0 0.0 0.0 1.0
0.0 -0.17528 -0.00003 1.0 -0.09236 0.194979 -0.762145 0.6104
0.21133 -0.00375 0.03157 1.0 0.0 0.0 0.0 1.0
-0.00842 0.17236 -0.00001 1.0 -0.040144 -0.218408 -0.164004 0.96114
-0.00988 0.18329 0.00126 1.0 0.001397 -0.04019 0.085095 0.995561
0.00631 -0.17209 -0.00009 1.0 -0.097342 -0.036376 -0.222382 0.969406
0.00734 -0.18305 -0.00137 1.0 -0.0008 0.029295 0.054003 0.998111
0.05434 0.14794 0.03756 1.0 -0.626476 0.008376 -0.00034 0.779396
0.01196 0.15393 0.04553 1.0 -0.562003 0.004462 -0.000488 0.827123
-0.03124 0.14728 0.04113 1.0 -0.614446 0.004305 -0.000259 0.788947
-0.07001 0.1413 0.02956 1.0 -0.657723 0.010684 -0.000786 0.753184
0.09958 0.0939 -0.02147 1.0 -0.315947 0.020268 0.045579 0.947465
-0.05434 -0.14794 -0.03756 1.0 -0.615756 0.017744 -0.001511 0.787736
-0.01196 -0.15393 -0.04553 1.0 -0.540252 -0.007826 0.000748 0.841467
0.03124 -0.14728 -0.04113 1.0 -0.666859 0.009786 -0.000122 0.74512
0.07001 -0.1413 -0.02956 1.0 -0.704248 -0.011589 0.000414 0.709859
-0.01584 -0.15766 -0.0035 1.0 0.723514 0.024676 0.023515 0.689468
-0.09958 -0.09391 0.02147 1.0 -0.260737 0.028072 0.067029 0.962671
0.00074 0.05825 -0.00249 1.0 -0.728787 0.00989 -0.000463 0.684669
0.00034 0.05524 -0.00625 1.0 -0.63461 0.005202 -0.000622 0.772815
0.00033 0.0566 -0.00383 1.0 -0.593232 0.004248 -0.000273 0.80502
0.00078 0.0516 -0.00392 1.0 -0.68381 0.011268 -0.000897 0.729572
0.00086 0.05627 -0.00025 1.0 0.000061 0.002751 0.673584 0.739106
-0.00074 -0.05825 0.00249 1.0 -0.692871 0.019969 -0.001696 0.720783
-0.00034 -0.05524 0.00625 1.0 -0.716398 -0.010369 0.000986 0.697614
-0.00033 -0.0566 0.00383 1.0 -0.648563 0.009519 -0.000106 0.761101
-0.00078 -0.0516 0.00392 1.0 -0.646495 -0.010636 0.000386 0.762844
-0.00086 -0.05627 0.00025 1.0 0.0 -0.002675 0.617481 0.786581


##### Pose: 15 #############################################

0.0 0.0 0.0 1.0 0.0 0.0 0.707107 0.707107
0.0 0.0 0.6234 1.0 0.0 0.0 0.0 1.0
0.0 0.0 0.0 1.0 0.0 0.0 0.0 1.0
0.0 0.00073 -0.28191 1.0 0.30411 -0.136002 -0.808211 0.485608
0.0 0.0 -0.6234 1.0 0.0 0.0 0.0 1.0
0.00313 0.12307 0.0005 1.0 0.023391 -0.150851 0.099405 0.983268
0.00313 -0.12307 0.0005 1.0 -0.134758 0.415696 -0.023283 0.899164
0.00295 0.0 0.10781 1.0 -0.079033 0.145734 -0.081481 0.98279
0.00295 0.0 0.10781 1.0 -0.036706 0.075506 -0.042077 0.995581
0.0 0.0 0.12763 1.0 0.065918 0.158416 -0.102621 0.97981
-0.00413 0.00418 -0.20937 1.0 -0.019792 0.629552 0.025764 0.776279
0.00406 -0.0007 0.20992 1.0 0.166543 0.859012 -0.090101 0.475651
-0.00508 0.00195 -0.15497 1.0 0.004603 -0.020975 0.051314 0.998452
-0.00649 0.00219 -0.1839 1.0 -0.311644 -0.418611 0.058537 0.851009
-0.02319 0.09435 0.08792 1.0 0.018422 0.022899 0.206979 0.977904
-0.02727 0.0 0.12737 1.0 0.149094 -0.369684 -0.0977 0.911899
0.0051 -0.0019 0.155 1.0 0.000345 -0.049446 -0.053095 0.997365
0.00313 -0.0023 0.18397 1.0 -0.006145 -0.115599 -0.100303 0.9882
-0.02319 -0.09435 0.08792 1.0 0.257384 0.962997 0.079909 0.002184
0.01955 0.0 0.11236 1.0 -0.056482 -0.246186 -0.145161 0.956625
-0.0012 0.0935 -0.00094 1.0 -0.150287 0.038819 -0.372319 0.915033
0.1367 0.00103 -0.07412 1.0 -0.027967 -0.060033 -0.000323 0.997805
0.0012 -0.0935 0.00094 1.0 -0.310528 -0.256764 0.182832 0.896782
-0.1367 -0.00103 0.07412 1.0 -0.000244 -0.014397 -0.015631 0.999774
0.04184 0.0 0.29363 1.0 0.0 0.0 0.0 1.0
0.00001 0.17528 0.00003 1.0 0.00862 -0.198065 -0.594851 0.779005
0.21175 -0.00194 0.03537 1.0 0.0 0.0 0.0 1.0
0.01545 -0.00217 0.03772 1.0 0.0 0.0 0.0 1.0
0.20253 -0.00433 0.07298 1.0 0.0 0.0 0.0 1.0
0.0 -0.17528 -0.00003 1.0 -0.103662 0.195872 -0.694145 0.684873
0.21133 -0.00375 0.03157 1.0 0.0 0.0 0.0 1.0
-0.0086 0.17236 -0.00001 1.0 -0.037497 -0.205038 -0.152198 0.966121
-0.01008 0.18329 0.00126 1.0 0.001171 -0.037972 0.080298 0.996047
0.00545 -0.17209 -0.00009 1.0 -0.063166 -0.033725 -0.228391 0.970933
0.00638 -0.18305 -0.00137 1.0 -0.000846 0.030076 0.055444 0.998008
0.05434 0.14794 0.03756 1.0 -0.626476 0.008376 -0.00034 0.779396
0.01196 0.15393 0.04553 1.0 -0.562003 0.004462 -0.000488 0.827123
-0.03124 0.14728 0.04113 1.0 -0.614446 0.004305 -0.000259 0.788947
-0.07001 0.1413 0.02956 1.0 -0.657723 0.010684 -0.000786 0.753184
0.09958 0.0939 -0.02147 1.0 -0.315947 0.020268 0.045579 0.947465
-0.05434 -0.14794 -0.03756 1.0 -0.615756 0.017744 -0.001511 0.787736
-0.01196 -0.15393 -0.04553 1.0 -0.540252 -0.007826 0.000748 0.841467
0.03124 -0.14728 -0.04113 1.0 -0.666859 0.009786 -0.000122 0.74512
0.07001 -0.1413 -0.02956 1.0 -0.704248 -0.011589 0.000414 0.709859
-0.01584 -0.15766 -0.0035 1.0 0.723514 0.024676 0.023515 0.689468
-0.09958 -0.09391 0.02147 1.0 -0.260737 0.028072 0.067029 0.962671
0.00074 0.05825 -0.00249 1.0 -0.728787 0.00989 -0.000463 0.684669
0.00034 0.05524 -0.00625 1.0 -0.63461 0.005202 -0.000622 0.772815
0.00033 0.0566 -0.00383 1.0 -0.593232 0.004242 -0.000259 0.80502
0.00078 0.0516 -0.00392 1.0 -0.68381 0.011268 -0.000897 0.729572
0.00086 0.05627 -0.00025 1.0 0.000061 0.002751 0.673584 0.739106
-0.00074 -0.05825 0.00249 1.0 -0.692871 0.019969 -0.001696 0.720783
-0.00034 -0.05524 0.00625 1.0 -0.716398 -0.010369 0.000986 0.697614
-0.00033 -0.0566 0.00383 1.0 -0.648563 0.009519 -0.000106 0.761101
-0.00078 -0.0516 0.00392 1.0 -0.646495 -0.010636 0.000386 0.762844
-0.00086 -0.05627 0.00025 1.0 0.0 -0.002675 0.617481 0.786581


##### Pose: 16 #############################################

0.0 0.0 0.0 1.0 0.0 0.0 0.707107 0.707107
0.0 0.0 0.6234 1.0 0.0 0.0 0.0 1.0
0.0 0.0 0.0 1.0 0.0 0.0 0.0 1.0
0.0 0.00087 -0.23552 1.0 0.320529 -0.113329 -0.870712 0.355357
0.0 0.0 -0.6234 1.0 0.0 0.0 0.0 1.0
0.00313 0.12307 0.0005 1.0 0.156026 -0.184306 0.137058 0.960678
0.00313 -0.12307 0.0005 1.0 -0.083568 0.567106 0.052705 0.817698
0.00295 0.0 0.10781 1.0 -0.084987 0.160863 0.00259 0.983308
0.00295 0.0 0.10781 1.0 -0.043202 0.080566 -0.000905 0.995812
0.0 0.0 0.12763 1.0 0.038416 0.14028 -0.062078 0.987417
-0.00455 0.00374 -0.20937 1.0 -0.023599 0.619183 0.03495 0.784113
0.00406 -0.0007 0.20992 1.0 0.035231 0.875652 -0.01136 0.481522
-0.00508 0.00195 -0.15497 1.0 -0.001895 0.008009 -0.021089 0.999744
-0.0065 0.00219 -0.1839 1.0 -0.273275 -0.1659 -0.01519 0.9474
-0.02319 0.09435 0.08792 1.0 0.015441 0.024445 0.207628 0.97778
-0.02727 0.0 0.12737 1.0 0.127875 -0.356124 -0.101555 0.92006
0.0051 -0.0019 0.155 1.0 -0.000345 0.043087 0.045978 0.998013
0.00859 -0.0023 0.18397 1.0 0.177348 -0.325588 0.074768 0.925716
-0.02319 -0.09435 0.08792 1.0 0.224089 0.972476 0.063377 0.007609
0.01955 0.0 0.11236 1.0 -0.055967 -0.252895 -0.14398 0.955082
-0.0012 0.0935 -0.00094 1.0 -0.193058 0.103977 -0.349154 0.911048
0.1367 0.00103 -0.07412 1.0 -0.174886 -0.169971 0.01568 0.96968
0.0012 -0.0935 0.00094 1.0 -0.376263 -0.289393 0.033271 0.879529
-0.1367 -0.00103 0.07412 1.0 -0.000244 -0.014397 -0.015615 0.999774
0.04184 0.0 0.29363 1.0 0.0 0.0 0.0 1.0
0.00001 0.17528 0.00003 1.0 0.001802 -0.163016 -0.55688 0.814437
0.21175 -0.00194 0.03537 1.0 0.0 0.0 0.0 1.0
0.01545 -0.00217 0.03772 1.0 0.0 0.0 0.0 1.0
0.20253 -0.00433 0.07298 1.0 0.0 0.0 0.0 1.0
0.0 -0.17528 -0.00003 1.0 -0.101335 0.166708 -0.538286 0.819871
0.21133 -0.00375 0.03157 1.0 0.0 0.0 0.0 1.0
-0.00878 0.17236 -0.00001 1.0 -0.031712 -0.175587 -0.124567 0.976036
-0.01028 0.18328 0.00126 1.0 0.000712 -0.032867 0.069003 0.997075
0.00459 -0.17209 -0.00009 1.0 -0.004637 -0.048452 -0.232702 0.971329
0.00542 -0.18305 -0.00137 1.0 -0.00044 0.025961 0.047882 0.998515
0.05434 0.14794 0.03756 1.0 -0.626476 0.008376 -0.00034 0.779396
0.01196 0.15393 0.04553 1.0 -0.562003 0.004462 -0.000488 0.827123
-0.03124 0.14728 0.04113 1.0 -0.614446 0.004305 -0.000259 0.788947
-0.07001 0.1413 0.02956 1.0 -0.657723 0.010684 -0.000786 0.753184
0.09958 0.0939 -0.02147 1.0 -0.315947 0.020268 0.045579 0.947465
-0.05434 -0.14794 -0.03756 1.0 -0.615756 0.017744 -0.001511 0.787736
-0.01196 -0.15393 -0.04553 1.0 -0.540252 -0.007826 0.000748 0.841467
0.03124 -0.14728 -0.04113 1.0 -0.666859 0.009786 -0.000122 0.74512
0.07001 -0.1413 -0.02956 1.0 -0.704248 -0.011589 0.000414 0.709859
-0.01584 -0.15766 -0.0035 1.0 0.723514 0.024676 0.023515 0.689468
-0.09958 -0.09391 0.02147 1.0 -0.260737 0.028072 0.067029 0.962671
0.00074 0.05825 -0.00249 1.0 -0.728787 0.00989 -0.000463 0.684669
0.00034 0.05524 -0.00625 1.0 -0.63461 0.005202 -0.000622 0.772815
0.00033 0.0566 -0.00383 1.0 -0.593232 0.004235 -0.000259 0.80502
0.00078 0.0516 -0.00392 1.0 -0.68381 0.011268 -0.000897 0.729572
0.00086 0.05627 -0.00025 1.0 0.000061 0.002751 0.673584 0.739105
-0.00074 -0.05825 0.00249 1.0 -0.692871 0.019969 -0.001696 0.720783
-0.00034 -0.05524 0.00625 1.0 -0.716398 -0.010369 0.000986 0.697614
-0.00033 -0.0566 0.00383 1.0 -0.648563 0.009519 -0.000106 0.761101
-0.00078 -0.0516 0.00392 1.0 -0.646495 -0.010636 0.000386 0.762844
-0.00086 -0.05627 0.00025 1.0 0.0 -0.002675 0.617481 0.786581


##### Pose: 17 #############################################

0.0 0.0 0.0 1.0 0.0 0.0 0.707107 0.707107
0.0 0.0 0.6234 1.0 0.0 0.0 0.0 1.0
0.0 0.0 0.0 1.0 0.0 0.0 0.0 1.0
0.0 0.001 -0.18914 1.0 0.332635 -0.084275 -0.919951 0.189583
0.0 0.0 -0.6234 1.0 0.0 0.0 0.0 1.0
0.00313 0.12307 0.0005 1.0 0.252662 -0.072415 0.189678 0.946013
0.00313 -0.12307 0.0005 1.0 -0.076651 0.768236 0.070576 0.631631
0.00295 0.0 0.10781 1.0 -0.092651 0.185574 0.085517 0.974508
0.00295 0.0 0.10781 1.0 -0.050781 0.090998 0.043038 0.993624
0.0 0.0 0.12763 1.0 -0.001859 0.115992 -0.002607 0.993245
-0.00496 0.00677 -0.20937 1.0 -0.049676 0.507562 0.089333 0.855531
0.00406 -0.0007 0.20992 1.0 0.002334 0.765224 0.005022 0.64374
-0.00508 0.00195 -0.15497 1.0 -0.011462 0.050122 -0.125935 0.990705
-0.00794 0.00219 -0.1839 1.0 -0.230866 -0.001099 -0.134676 0.963619
-0.02319 0.09435 0.08792 1.0 0.015965 0.026237 0.206985 0.977862
-0.02727 0.0 0.12737 1.0 0.09929 -0.338225 -0.10874 0.929473
0.0051 -0.0019 0.155 1.0 0.0 0.024491 0.025792 0.999367
0.00777 -0.0023 0.18397 1.0 0.233121 -0.469754 0.02967 0.850944
-0.02319 -0.09435 0.08792 1.0 0.190378 0.980602 0.045185 0.011576
0.01955 0.0 0.11236 1.0 -0.055893 -0.262644 -0.142636 0.952654
-0.0012 0.0935 -0.00094 1.0 -0.212907 0.157647 -0.298941 0.916762
0.1367 0.00103 -0.07412 1.0 -0.10638 -0.12562 0.001043 0.986358
0.0012 -0.0935 0.00094 1.0 -0.428844 -0.335841 -0.065914 0.836038
-0.1367 -0.00103 0.07412 1.0 -0.000244 -0.014397 -0.015615 0.999774
0.04184 0.0 0.29363 1.0 0.0 0.0 0.0 1.0
0.00001 0.17528 0.00003 1.0 -0.004801 -0.12321 -0.527567 0.840517
0.21175 -0.00194 0.03537 1.0 0.0 0.0 0.0 1.0
0.01545 -0.00217 0.03772 1.0 0.0 0.0 0.0 1.0
0.20253 -0.00433 0.07298 1.0 0.0 0.0 0.0 1.0
0.0 -0.17528 -0.00003 1.0 -0.10733 0.124775 -0.425883 0.889683
0.21133 -0.00375 0.03157 1.0 0.0 0.0 0.0 1.0
-0.0069 0.17236 -0.00001 1.0 -0.025284 -0.145135 -0.096176 0.984402
-0.00815 0.18328 0.00126 1.0 0.000345 -0.026422 0.055999 0.998081
0.00373 -0.17209 -0.00009 1.0 0.038014 -0.062347 -0.221184 0.972495
0.00446 -0.18305 -0.00137 1.0 0.0 0.02086 0.038512 0.99904
0.05434 0.14794 0.03756 1.0 -0.626476 0.008376 -0.00034 0.779396
0.01196 0.15393 0.04553 1.0 -0.562003 0.004462 -0.000488 0.827123
-0.03124 0.14728 0.04113 1.0 -0.614446 0.004305 -0.000259 0.788947
-0.07001 0.1413 0.02956 1.0 -0.657723 0.010684 -0.000786 0.753184
0.09958 0.0939 -0.02147 1.0 -0.315947 0.020268 0.045579 0.947465
-0.05434 -0.14794 -0.03756 1.0 -0.615756 0.017744 -0.001511 0.787736
-0.01196 -0.15393 -0.04553 1.0 -0.540252 -0.007826 0.000748 0.841467
0.03124 -0.14728 -0.04113 1.0 -0.666859 0.009786 -0.000122 0.74512
0.07001 -0.1413 -0.02956 1.0 -0.704248 -0.011589 0.000414 0.709859
-0.01584 -0.15766 -0.0035 1.0 0.723514 0.024676 0.023515 0.689468
-0.09958 -0.09391 0.02147 1.0 -0.260737 0.028072 0.067029 0.962671
0.00074 0.05825 -0.00249 1.0 -0.728787 0.00989 -0.000463 0.684669
0.00034 0.05524 -0.00625 1.0 -0.63461 0.005202 -0.000622 0.772815
0.00033 0.0566 -0.00383 1.0 -0.593232 0.00423 -0.000273 0.80502
0.00078 0.0516 -0.00392 1.0 -0.68381 0.011268 -0.000897 0.729573
0.00086 0.05627 -0.00025 1.0 0.000061 0.002751 0.673584 0.739106
-0.00074 -0.05825 0.00249 1.0 -0.692871 0.019969 -0.001696 0.720783
-0.00034 -0.05524 0.00625 1.0 -0.716398 -0.010369 0.000986 0.697614
-0.00033 -0.0566 0.00383 1.0 -0.648563 0.009519 -0.000106 0.761101
-0.00078 -0.0516 0.00392 1.0 -0.646495 -0.010636 0.000386 0.762844
-0.00086 -0.05627 0.00025 1.0 0.0 -0.002675 0.617481 0.786581


##### Pose: 18 #############################################

0.0 0.0 0.0 1.0 0.0 0.0 0.707107 0.707107
0.0 0.0 0.6234 1.0 0.0 0.0 0.0 1.0
0.0 0.0 0.0 1.0 0.0 0.0 0.0 1.0
0.0 0.00114 -0.14275 1.0 0.36066 -0.056222 -0.930196 0.038713
0.0 0.0 -0.6234 1.0 0.0 0.0 0.0 1.0
0.00313 0.12307 0.0005 1.0 0.25697 -0.218951 0.203409 0.919049
0.00313 -0.12307 0.0005 1.0 -0.106363 0.906535 0.100488 0.395959
0.00295 0.0 0.10781 1.0 -0.098723 0.210221 0.141488 0.962311
0.00295 0.0 0.10781 1.0 -0.057292 0.10176 0.072262 0.990525
0.0 0.0 0.12763 1.0 -0.047555 0.093912 0.062819 0.992458
-0.00538 0.00979 -0.20937 1.0 -0.108254 0.732001 0.101804 0.6649
0.00406 -0.0007 0.20992 1.0 0.034728 0.624269 -0.037536 0.779534
-0.00508 0.00195 -0.15497 1.0 -0.013478 0.058751 -0.147649 0.987201
-0.00938 0.00219 -0.1839 1.0 -0.125306 -0.276263 -0.16099 0.93918
-0.02319 0.09435 0.08792 1.0 0.023051 0.02876 0.206593 0.977732
-0.02727 0.0 0.12737 1.0 0.069114 -0.319081 -0.118859 0.937701
0.0051 -0.0019 0.155 1.0 0.0 0.015463 0.016328 0.999747
0.00694 -0.0023 0.18397 1.0 0.2132 -0.413101 0.016494 0.885224
-0.02319 -0.09435 0.08792 1.0 0.15308 0.987776 0.025746 0.01422
0.01955 0.0 0.11236 1.0 -0.054872 -0.274462 -0.141541 0.94954
-0.0012 0.0935 -0.00094 1.0 -0.203629 0.198988 -0.180648 0.941438
0.1367 0.00103 -0.07412 1.0 -0.008082 -0.042301 0.0 0.999072
0.0012 -0.0935 0.00094 1.0 -0.424143 -0.419773 -0.111436 0.794654
-0.1367 -0.00103 0.07412 1.0 0.002952 -0.125638 -0.017229 0.991922
0.04184 0.0 0.29363 1.0 0.0 0.0 0.0 1.0
0.00001 0.17528 0.00003 1.0 -0.005567 -0.086382 -0.506571 0.857842
0.21175 -0.00194 0.03537 1.0 0.0 0.0 0.0 1.0
0.01545 -0.00217 0.03772 1.0 0.0 0.0 0.0 1.0
0.20253 -0.00433 0.07298 1.0 0.0 0.0 0.0 1.0
0.0 -0.17528 -0.00003 1.0 -0.055022 0.026392 -0.422184 0.904454
0.21133 -0.00375 0.03157 1.0 0.0 0.0 0.0 1.0
-0.00502 0.17236 -0.00001 1.0 -0.015733 -0.112356 -0.066377 0.991324
-0.00602 0.18327 0.00126 1.0 0.000173 -0.019686 0.0427 0.998894
0.00288 -0.17209 -0.00009 1.0 0.040882 -0.073672 -0.173135 0.981288
0.0035 -0.18305 -0.00137 1.0 0.0 0.017132 0.031299 0.999363
0.05434 0.14794 0.03756 1.0 -0.626476 0.008376 -0.00034 0.779396
0.01196 0.15393 0.04553 1.0 -0.562003 0.004462 -0.000488 0.827123
-0.03124 0.14728 0.04113 1.0 -0.614446 0.004305 -0.000259 0.788947
-0.07001 0.1413 0.02956 1.0 -0.657723 0.010684 -0.000786 0.753184
0.09958 0.0939 -0.02147 1.0 -0.315947 0.020268 0.045579 0.947465
-0.05434 -0.14794 -0.03756 1.0 -0.615756 0.017744 -0.001511 0.787736
-0.01196 -0.15393 -0.04553 1.0 -0.540252 -0.007826 0.000748 0.841467
0.03124 -0.14728 -0.04113 1.0 -0.666859 0.009786 -0.000122 0.74512
0.07001 -0.1413 -0.02956 1.0 -0.704248 -0.011589 0.000414 0.709859
-0.01584 -0.15766 -0.0035 1.0 0.723514 0.024676 0.023515 0.689468
-0.09958 -0.09391 0.02147 1.0 -0.260737 0.028072 0.067029 0.962671
0.00074 0.05825 -0.00249 1.0 -0.728787 0.00989 -0.000463 0.684669
0.00034 0.05524 -0.00625 1.0 -0.63461 0.005202 -0.000622 0.772815
0.00033 0.0566 -0.00383 1.0 -0.593232 0.004224 -0.000259 0.80502
0.00078 0.0516 -0.00392 1.0 -0.68381 0.011268 -0.000897 0.729572
0.00086 0.05627 -0.00025 1.0 0.000061 0.002751 0.673584 0.739105
-0.00074 -0.05825 0.00249 1.0 -0.692871 0.019969 -0.001696 0.720783
-0.00034 -0.05524 0.00625 1.0 -0.716398 -0.010369 0.000986 0.697614
-0.00033 -0.0566 0.00383 1.0 -0.648563 0.009519 -0.000106 0.761101
-0.00078 -0.0516 0.00392 1.0 -0.646495 -0.010636 0.000386 0.762844
-0.00086 -0.05627 0.00025 1.0 0.0 -0.002675 0.617481 0.786581


##### Pose: 19 #############################################

0.0 0.0 0.0 1.0 0.0 0.0 0.707107 0.707107
0.0 0.0 0.6234 1.0 0.0 0.0 0.0 1.0
0.0 0.0 0.0 1.0 0.0 0.0 0.0 1.0
0.0 0.00138 -0.09637 1.0 -0.358585 0.028134 0.924687 0.124817
0.0 0.0 -0.6234 1.0 0.0 0.0 0.0 1.0
0.00313 0.12307 0.0005 1.0 0.266956 -0.561012 0.237762 0.746639
0.00313 -0.12307 0.0005 1.0 -0.147267 0.953894 0.072289 0.251342
0.00295 0.0 0.10781 1.0 -0.122791 0.216922 0.210398 0.945304
0.00295 0.0 0.10781 1.0 -0.073733 0.101768 0.108265 0.986147
0.0 0.0 0.12763 1.0 -0.088995 0.078061 0.120078 0.985681
-0.00579 0.01281 -0.20937 1.0 -0.171601 0.865713 0.099937 0.459463
0.00406 -0.0007 0.20992 1.0 0.056972 0.400293 -0.138731 0.904032
-0.00508 0.00195 -0.15497 1.0 -0.002111 0.008739 -0.022818 0.999699
-0.00788 0.00219 -0.1839 1.0 0.017468 -0.411919 -0.028619 0.910603
-0.02319 0.09435 0.08792 1.0 0.033867 0.0314 0.207109 0.977227
-0.02727 0.0 0.12737 1.0 0.042044 -0.302163 -0.129562 0.943474
0.0051 -0.0019 0.155 1.0 -0.00088 0.028724 0.030814 0.999112
0.0066 -0.0023 0.18397 1.0 0.078677 0.063488 0.060834 0.993015
-0.02319 -0.09435 0.08792 1.0 0.11053 0.993743 0.002496 0.015859
0.01955 0.0 0.11236 1.0 -0.05454 -0.284956 -0.139103 0.946824
-0.0012 0.0935 -0.00094 1.0 -0.199344 0.244052 -0.006541 0.94903
0.1367 0.00103 -0.07412 1.0 -0.008082 -0.042301 0.0 0.999072
0.0012 -0.0935 0.00094 1.0 -0.393069 -0.527679 -0.15042 0.737852
-0.1367 -0.00103 0.07412 1.0 0.124217 -0.534404 -0.132305 0.825517
0.04184 0.0 0.29363 1.0 0.0 0.0 0.0 1.0
0.00001 0.17528 0.00003 1.0 -0.003141 -0.047283 -0.490335 0.870245
0.21175 -0.00194 0.03537 1.0 0.0 0.0 0.0 1.0
0.01545 -0.00217 0.03772 1.0 0.0 0.0 0.0 1.0
0.20253 -0.00433 0.07298 1.0 0.0 0.0 0.0 1.0
0.0 -0.17528 -0.00003 1.0 -0.02889 -0.047025 -0.438222 0.897171
0.21133 -0.00375 0.03157 1.0 0.0 0.0 0.0 1.0
-0.00314 0.17236 -0.00001 1.0 -0.0049 -0.077088 -0.03299 0.996466
-0.00389 0.18327 0.00126 1.0 0.000173 -0.013457 0.029395 0.999477
0.00202 -0.17209 -0.00009 1.0 0.016596 -0.087685 -0.101036 0.990872
0.00254 -0.18305 -0.00137 1.0 0.0 0.014776 0.026248 0.999546
0.05434 0.14794 0.03756 1.0 -0.626476 0.008376 -0.00034 0.779396
0.01196 0.15393 0.04553 1.0 -0.562003 0.004462 -0.000488 0.827123
-0.03124 0.14728 0.04113 1.0 -0.614446 0.004305 -0.000259 0.788947
-0.07001 0.1413 0.02956 1.0 -0.657723 0.010684 -0.000786 0.753184
0.09958 0.0939 -0.02147 1.0 -0.315947 0.020268 0.045579 0.947465
-0.05434 -0.14794 -0.03756 1.0 -0.615756 0.017744 -0.001511 0.787736
-0.01196 -0.15393 -0.04553 1.0 -0.540252 -0.007826 0.000748 0.841467
0.03124 -0.14728 -0.04113 1.0 -0.666859 0.009786 -0.000122 0.74512
0.07001 -0.1413 -0.02956 1.0 -0.704248 -0.011589 0.000414 0.709859
-0.01584 -0.15766 -0.0035 1.0 0.723514 0.024676 0.023515 0.689468
-0.09958 -0.09391 0.02147 1.0 -0.260737 0.028072 0.067029 0.962671
0.00074 0.05825 -0.00249 1.0 -0.728787 0.00989 -0.000463 0.684669
0.00034 0.05524 -0.00625 1.0 -0.63461 0.005202 -0.000622 0.772815
0.00033 0.0566 -0.00383 1.0 -0.593232 0.004217 -0.000259 0.805021
0.00078 0.0516 -0.00392 1.0 -0.68381 0.011268 -0.000897 0.729572
0.00086 0.05627 -0.00025 1.0 0.000061 0.002751 0.673584 0.739105
-0.00074 -0.05825 0.00249 1.0 -0.692871 0.019969 -0.001696 0.720783
-0.00034 -0.05524 0.00625 1.0 -0.716398 -0.010369 0.000986 0.697614
-0.00033 -0.0566 0.00383 1.0 -0.648563 0.009519 -0.000106 0.761101
-0.00078 -0.0516 0.00392 1.0 -0.646495 -0.010636 0.000386 0.762844
-0.00086 -0.05627 0.00025 1.0 0.0 -0.002675 0.617481 0.786581


##### Pose: 20 #############################################

0.0 0.0 0.0 1.0 0.0 0.0 0.707107 0.707107
0.0 0.0 0.6234 1.0 0.0 0.0 0.0 1.0
0.0 0.0 0.0 1.0 0.0 0.0 0.0 1.0
0.0 0.00161 -0.03963 1.0 -0.372266 -0.001544 0.88179 0.289589
0.0 0.0 -0.6234 1.0 0.0 0.0 0.0 1.0
0.00313 0.12307 0.0005 1.0 0.343055 -0.767489 0.309048 0.444706
0.00313 -0.12307 0.0005 1.0 -0.11426 0.982282 -0.030029 0.145482
0.00295 0.0 0.10781 1.0 -0.165061 0.205921 0.303572 0.91553
0.00295 0.0 0.10781 1.0 -0.098996 0.089302 0.157937 0.978407
0.0 0.0 0.12763 1.0 -0.12015 0.069012 0.159033 0.977502
-0.00621 0.01317 -0.20937 1.0 -0.154353 0.772853 0.127064 0.602269
0.00406 -0.0007 0.20992 1.0 0.067081 0.401851 -0.162043 0.898754
-0.00508 0.00195 -0.15497 1.0 -0.001475 0.005808 -0.015904 0.999856
-0.00638 0.00219 -0.1839 1.0 0.070288 -0.263709 -0.021861 0.96179
-0.02319 0.09435 0.08792 1.0 0.04365 0.033597 0.206942 0.976801
-0.02727 0.0 0.12737 1.0 0.023622 -0.290401 -0.138158 0.946584
0.0051 -0.0019 0.155 1.0 -0.000122 0.011847 0.012544 0.999851
0.00626 -0.0023 0.18397 1.0 0.087056 0.193197 0.027651 0.976899
-0.02319 -0.09435 0.08792 1.0 0.075505 0.997002 -0.007383 0.015219
0.01955 0.0 0.11236 1.0 -0.054168 -0.293124 -0.137914 0.944523
-0.0012 0.0935 -0.00094 1.0 -0.227773 0.280666 0.146876 0.920746
0.1367 0.00103 -0.07412 1.0 -0.008082 -0.042301 0.0 0.999072
0.0012 -0.0935 0.00094 1.0 -0.352846 -0.615395 -0.187257 0.679502
-0.1367 -0.00103 0.07412 1.0 0.002886 0.107184 -0.015657 0.994112
0.04184 0.0 0.29363 1.0 0.0 0.0 0.0 1.0
0.00001 0.17528 0.00003 1.0 0.0015 -0.018619 -0.475587 0.87947
0.21175 -0.00194 0.03537 1.0 0.0 0.0 0.0 1.0
0.01545 -0.00217 0.03772 1.0 0.0 0.0 0.0 1.0
0.20253 -0.00433 0.07298 1.0 0.0 0.0 0.0 1.0
0.0 -0.17528 -0.00003 1.0 0.002218 -0.102329 -0.485883 0.86801
0.21133 -0.00375 0.03157 1.0 0.0 0.0 0.0 1.0
-0.00127 0.17236 -0.00001 1.0 0.005569 -0.048496 -0.006447 0.998787
-0.00176 0.18331 0.00126 1.0 0.000173 -0.008673 0.018353 0.999794
0.00116 -0.17209 -0.00009 1.0 -0.017419 -0.095574 -0.034041 0.994688
0.00158 -0.18305 -0.00137 1.0 0.0 0.013399 0.024084 0.99962
0.05434 0.14794 0.03756 1.0 -0.626476 0.008376 -0.00034 0.779396
0.01196 0.15393 0.04553 1.0 -0.562003 0.004462 -0.000488 0.827123
-0.03124 0.14728 0.04113 1.0 -0.614446 0.004305 -0.000259 0.788947
-0.07001 0.1413 0.02956 1.0 -0.657723 0.010684 -0.000786 0.753184
0.09958 0.0939 -0.02147 1.0 -0.315947 0.020268 0.045579 0.947465
-0.05434 -0.14794 -0.03756 1.0 -0.615756 0.017744 -0.001511 0.787736
-0.01196 -0.15393 -0.04553 1.0 -0.540252 -0.007826 0.000748 0.841467
0.03124 -0.14728 -0.04113 1.0 -0.666859 0.009786 -0.000122 0.74512
0.07001 -0.1413 -0.02956 1.0 -0.704248 -0.011589 0.000414 0.709859
-0.01584 -0.15766 -0.0035 1.0 0.723514 0.024676 0.023515 0.689468
-0.09958 -0.09391 0.02147 1.0 -0.260737 0.028072 0.067029 0.962671
0.00074 0.05825 -0.00249 1.0 -0.728787 0.00989 -0.000463 0.684669
0.00034 0.05524 -0.00625 1.0 -0.63461 0.005202 -0.000622 0.772815
0.00033 0.0566 -0.00383 1.0 -0.593232 0.004211 -0.000244 0.805021
0.00078 0.0516 -0.00392 1.0 -0.68381 0.011268 -0.000897 0.729573
0.00086 0.05627 -0.00025 1.0 0.000061 0.002751 0.673584 0.739106
-0.00074 -0.05825 0.00249 1.0 -0.692871 0.019969 -0.001696 0.720783
-0.00034 -0.05524 0.00625 1.0 -0.716398 -0.010369 0.000986 0.697614
-0.00033 -0.0566 0.00383 1.0 -0.648563 0.009519 -0.000106 0.761101
-0.00078 -0.0516 0.00392 1.0 -0.646495 -0.010636 0.000386 0.762844
-0.00086 -0.05627 0.00025 1.0 0.0 -0.002675 0.617481 0.786581


##### Pose: 21 #############################################

0.0 0.0 0.0 1.0 0.0 0.0 0.707107 0.707107
0.0 0.0 0.6234 1.0 0.0 0.0 0.0 1.0
0.0 0.0 0.0 1.0 0.0 0.0 0.0 1.0
0.0 0.00184 -0.01183 1.0 -0.375989 -0.015006 0.852625 0.362543
0.0 0.0 -0.6234 1.0 0.0 0.0 0.0 1.0
0.00313 0.12307 0.0005 1.0 0.309284 -0.771229 0.367955 0.417323
0.00313 -0.12307 0.0005 1.0 -0.063569 0.982847 -0.141437 0.099831
0.00295 0.0 0.10781 1.0 -0.186964 0.197004 0.348862 0.896956
0.00295 0.0 0.10781 1.0 -0.111052 0.080237 0.181713 0.973761
0.0 0.0 0.12763 1.0 -0.131323 0.065942 0.173353 0.973835
-0.00662 0.01352 -0.20937 1.0 -0.102983 0.494911 0.181183 0.843582
0.00406 -0.0007 0.20992 1.0 0.072238 0.407395 -0.173645 0.893677
-0.00508 0.00195 -0.15497 1.0 -0.009829 0.043217 -0.107714 0.993194
-0.00849 0.00219 -0.1839 1.0 0.057696 -0.135699 -0.126941 0.980889
-0.02319 0.09435 0.08792 1.0 0.047862 0.034346 0.207182 0.976527
-0.02727 0.0 0.12737 1.0 0.016586 -0.285976 -0.141654 0.947564
0.0051 -0.0019 0.155 1.0 0.0 -0.002028 -0.00259 0.999995
0.00592 -0.0023 0.18397 1.0 0.098499 0.253505 0.0 0.962306
-0.02319 -0.09435 0.08792 1.0 0.061318 0.997955 -0.010525 0.014662
0.01955 0.0 0.11236 1.0 -0.053463 -0.296714 -0.138092 0.943416
-0.0012 0.0935 -0.00094 1.0 -0.235629 0.292175 0.214855 0.901637
0.1367 0.00103 -0.07412 1.0 -0.008082 -0.042301 0.0 0.999072
0.0012 -0.0935 0.00094 1.0 -0.333392 -0.649944 -0.204209 0.651706
-0.1367 -0.00103 0.07412 1.0 0.002886 0.107184 -0.015657 0.994112
0.04184 0.0 0.29363 1.0 0.0 0.0 0.0 1.0
0.00001 0.17528 0.00003 1.0 0.00414 -0.007763 -0.470723 0.882237
0.21175 -0.00194 0.03537 1.0 0.0 0.0 0.0 1.0
0.01545 -0.00217 0.03772 1.0 0.0 0.0 0.0 1.0
0.20253 -0.00433 0.07298 1.0 0.0 0.0 0.0 1.0
0.0 -0.17528 -0.00003 1.0 0.017994 -0.123458 -0.508541 0.851951
0.21133 -0.00375 0.03157 1.0 0.0 0.0 0.0 1.0
0.00061 0.17236 -0.00001 1.0 0.010142 -0.036864 0.004141 0.99926
0.00037 0.18335 0.00126 1.0 0.000273 -0.006676 0.013822 0.999882
0.00119 -0.17209 -0.00009 1.0 -0.035734 -0.098082 -0.006406 0.994516
0.00162 -0.18305 -0.00137 1.0 0.0 0.013005 0.024083 0.999625
0.05434 0.14794 0.03756 1.0 -0.626476 0.008376 -0.00034 0.779396
0.01196 0.15393 0.04553 1.0 -0.562003 0.004462 -0.000488 0.827123
-0.03124 0.14728 0.04113 1.0 -0.614446 0.004305 -0.000259 0.788947
-0.07001 0.1413 0.02956 1.0 -0.657723 0.010684 -0.000786 0.753184
0.09958 0.0939 -0.02147 1.0 -0.315947 0.020268 0.045579 0.947465
-0.05434 -0.14794 -0.03756 1.0 -0.615756 0.017744 -0.001511 0.787736
-0.01196 -0.15393 -0.04553 1.0 -0.540252 -0.007826 0.000748 0.841467
0.03124 -0.14728 -0.04113 1.0 -0.666859 0.009786 -0.000122 0.74512
0.07001 -0.1413 -0.02956 1.0 -0.704248 -0.011589 0.000414 0.709859
-0.01584 -0.15766 -0.0035 1.0 0.723514 0.024676 0.023515 0.689468
-0.09958 -0.09391 0.02147 1.0 -0.260737 0.028072 0.067029 0.962671
0.00074 0.05825 -0.00249 1.0 -0.728787 0.00989 -0.000463 0.684669
0.00034 0.05524 -0.00625 1.0 -0.63461 0.005202 -0.000622 0.772815
0.00033 0.0566 -0.00383 1.0 -0.593232 0.004204 -0.000244 0.805021
0.00078 0.0516 -0.00392 1.0 -0.68381 0.011268 -0.000897 0.729572
0.00086 0.05627 -0.00025 1.0 0.000061 0.002751 0.673584 0.739106
-0.00074 -0.05825 0.00249 1.0 -0.692871 0.019969 -0.001696 0.720783
-0.00034 -0.05524 0.00625 1.0 -0.716398 -0.010369 0.000986 0.697614
-0.00033 -0.0566 0.00383 1.0 -0.648563 0.009519 -0.000106 0.761101
-0.00078 -0.0516 0.00392 1.0 -0.646495 -0.010636 0.000386 0.762844
-0.00086 -0.05627 0.00025 1.0 0.0 -0.002675 0.617481 0.786581