# SQEE Animation Format


################################################################################

SECTION Header

BoneCount 56
PoseCount 12
TotalTime 11

Times 1 1 1 1 1 1 1 1 1 1 1 0


################################################################################

SECTION Poses


##### Pose: 0 ##############################################

0.0 0.0 0.0 1.0 0.0 0.0 0.707107 0.707107
0.0 0.0 0.6234 1.0 0.0 0.0 0.0 1.0
0.0 0.0 0.0 1.0 0.0 0.0 -0.058872 0.998266
0.00884 0.06431 -0.15285 1.0 0.005157 -0.019229 -0.588493 0.808257
0.0 0.0 -0.6234 1.0 0.0 0.0 0.0 1.0
0.00313 0.12307 0.0005 1.0 0.103389 -0.30627 0.246675 0.913598
0.00313 -0.12307 0.0005 1.0 0.017433 0.955389 -0.229337 0.18529
0.00295 0.0 0.10781 1.0 -0.027589 0.168713 0.220629 0.960259
0.00295 0.0 0.10781 1.0 -0.023331 0.082409 0.110595 0.990168
0.0 0.0 0.12763 1.0 -0.017256 0.080646 0.108525 0.990667
-0.00406 0.00155 -0.20992 1.0 0.008204 0.600785 -0.030393 0.798791
0.00406 -0.00155 0.20992 1.0 -0.168473 0.652076 0.163613 0.720864
-0.00508 0.00195 -0.15497 1.0 -0.001119 0.000423 -0.034664 0.999398
-0.00603 0.00231 -0.184 1.0 -0.002313 -0.304886 -0.036124 0.951701
-0.02319 0.09435 0.08792 1.0 0.0 -0.002669 0.002284 0.999994
-0.02727 0.0 0.12737 1.0 0.068282 0.053644 -0.24424 0.965819
0.0051 -0.0019 0.155 1.0 -0.003772 0.001596 -0.115585 0.993289
0.00603 -0.00231 0.184 1.0 -0.014256 -0.395659 -0.111031 0.91155
-0.02319 -0.09435 0.08792 1.0 -0.006653 0.999978 0.0 0.0
0.01955 0.0 0.11236 1.0 0.064121 -0.127172 -0.055615 0.988242
-0.0012 0.0935 -0.00094 1.0 -0.224731 -0.129885 0.10839 0.959624
0.1367 0.00103 -0.07412 1.0 0.00436 -0.024744 0.016971 0.99954
0.0012 -0.0935 0.00094 1.0 -0.301514 0.17067 0.315891 0.883275
-0.1367 -0.00103 0.07412 1.0 -0.004869 -0.074287 -0.01954 0.997034
0.04184 0.0 0.29363 1.0 0.0 0.0 0.0 1.0
0.0 0.17528 0.00003 1.0 -0.108894 0.150032 -0.444715 0.876277
0.21175 -0.00194 0.03537 1.0 0.0 0.0 0.0 1.0
0.01545 -0.00217 0.03772 1.0 0.0 0.0 0.0 1.0
0.20253 -0.00433 0.07298 1.0 0.0 0.0 0.0 1.0
0.0 -0.17528 -0.00003 1.0 -0.003549 -0.162663 -0.595878 0.786421
0.21133 -0.00375 0.03157 1.0 0.0 0.0 0.0 1.0
0.00301 0.17235 -0.00005 1.0 -0.159074 -0.050036 -0.06958 0.98354
0.00295 0.18335 0.00119 1.0 -0.00093 -0.053572 0.0 0.998564
-0.00301 -0.17235 0.00005 1.0 -0.057548 -0.131718 -0.341785 0.92872
-0.00274 -0.18335 -0.00113 1.0 -0.002454 -0.141144 0.0 0.989986
0.05434 0.14794 0.03756 1.0 -0.322616 0.037061 -0.091359 0.941381
0.01196 0.15393 0.04553 1.0 -0.368124 0.015732 -0.022717 0.929366
-0.03124 0.14728 0.04113 1.0 -0.404703 -0.011929 0.043627 0.913329
-0.07001 0.1413 0.02956 1.0 -0.444173 -0.04557 0.107154 0.888342
0.09958 0.0939 -0.02147 1.0 -0.166134 0.01479 0.092265 0.981666
-0.05434 -0.14794 -0.03756 1.0 -0.402975 0.006583 -0.006797 0.915162
-0.01196 -0.15393 -0.04553 1.0 -0.406372 0.004535 -0.001945 0.913695
0.03124 -0.14728 -0.04113 1.0 -0.409266 0.002017 0.003858 0.912405
0.07001 -0.1413 -0.02956 1.0 -0.413059 -0.000573 0.009649 0.910653
-0.00249 -0.14826 0.01591 1.0 0.707107 0.0 0.0 0.707107
-0.09958 -0.09391 0.02147 1.0 -0.382309 0.133659 0.241413 0.88187
0.00074 0.05825 -0.00249 1.0 -0.37257 0.006953 -0.000345 0.927978
0.00034 0.05524 -0.00625 1.0 -0.372568 0.007066 -0.000532 0.927978
0.00033 0.0566 -0.00383 1.0 -0.372571 0.006952 -0.000273 0.927978
0.00078 0.0516 -0.00392 1.0 -0.372568 0.007028 -0.000366 0.927978
0.00086 0.05627 -0.00025 1.0 0.007647 0.004482 0.217185 0.97609
-0.00074 -0.05825 0.00249 1.0 -0.858778 0.017669 -0.005968 0.512008
-0.00034 -0.05524 0.00625 1.0 -0.855997 -0.073583 -0.026735 0.511018
-0.00033 -0.0566 0.00383 1.0 -0.86866 -0.054812 -0.041246 0.490637
-0.00078 -0.0516 0.00392 1.0 -0.919224 -0.06881 -0.038553 0.385754
-0.00086 -0.05627 0.00025 1.0 0.004437 0.006941 0.549778 0.83527


##### Pose: 1 ##############################################

0.0 0.0 0.0 1.0 0.0 0.0 0.707107 0.707107
0.0 0.0 0.6234 1.0 0.0 0.0 0.0 1.0
0.0 0.0 0.0 1.0 0.0 0.0 -0.137545 0.990496
0.00715 0.07904 -0.16567 1.0 0.005104 -0.027549 -0.584487 0.810919
0.0 0.0 -0.6234 1.0 0.0 0.0 0.0 1.0
0.00313 0.12307 0.0005 1.0 0.097934 -0.328301 0.065455 0.9372
0.00313 -0.12307 0.0005 1.0 0.15813 0.973117 -0.154843 0.063732
0.00295 0.0 0.10781 1.0 0.037244 0.227111 -0.166192 0.958861
0.00295 0.0 0.10781 1.0 0.028506 0.111974 -0.085889 0.989582
0.0 0.0 0.12763 1.0 0.025938 0.106288 -0.042785 0.993076
-0.00406 0.00155 -0.20992 1.0 0.05008 0.632738 -0.038504 0.771785
0.00406 -0.00155 0.20992 1.0 -0.145119 0.610485 0.200343 0.752404
-0.00508 0.00195 -0.15497 1.0 -0.001642 0.001112 -0.051141 0.998689
-0.00603 0.00231 -0.184 1.0 -0.110677 -0.268171 -0.047965 0.95579
-0.02319 0.09435 0.08792 1.0 0.007003 -0.012545 0.125286 0.992017
-0.02727 0.0 0.12737 1.0 0.013395 -0.03158 -0.183548 0.982412
0.0051 -0.0019 0.155 1.0 -0.00319 0.001386 -0.099525 0.995029
0.00603 -0.00231 0.184 1.0 -0.068027 -0.493809 -0.088827 0.862343
-0.02319 -0.09435 0.08792 1.0 -0.015142 0.999885 0.000173 -0.000795
0.01955 0.0 0.11236 1.0 -0.028334 -0.169588 0.006604 0.985086
-0.0012 0.0935 -0.00094 1.0 -0.352366 -0.037731 0.281425 0.891748
0.1367 0.00103 -0.07412 1.0 0.004105 -0.025162 0.015978 0.999547
0.0012 -0.0935 0.00094 1.0 -0.47248 0.107763 0.320036 0.81408
-0.1367 -0.00103 0.07412 1.0 0.000323 -0.037788 0.002187 0.999283
0.04184 0.0 0.29363 1.0 0.0 0.0 0.0 1.0
0.0 0.17528 0.00003 1.0 -0.08331 0.144643 -0.362213 0.917028
0.21175 -0.00194 0.03537 1.0 0.0 0.0 0.0 1.0
0.01545 -0.00217 0.03772 1.0 0.0 0.0 0.0 1.0
0.20253 -0.00433 0.07298 1.0 0.0 0.0 0.0 1.0
0.0 -0.17528 -0.00003 1.0 0.082828 -0.172527 -0.771653 0.606569
0.21133 -0.00375 0.03157 1.0 0.0 0.0 0.0 1.0
0.00301 0.17235 -0.00005 1.0 -0.160408 -0.049028 -0.070603 0.983301
0.00295 0.18335 0.00119 1.0 -0.00093 -0.052844 0.0 0.998602
-0.00301 -0.17235 0.00005 1.0 -0.065249 -0.120119 -0.166943 0.976445
-0.00274 -0.18335 -0.00113 1.0 -0.00218 -0.12422 -0.000122 0.992252
0.05434 0.14794 0.03756 1.0 -0.290124 0.027136 -0.064473 0.954429
0.01196 0.15393 0.04553 1.0 -0.32076 0.012495 -0.016526 0.946934
-0.03124 0.14728 0.04113 1.0 -0.346594 -0.005331 0.030612 0.937501
-0.07001 0.1413 0.02956 1.0 -0.375755 -0.027937 0.076645 0.923121
0.09958 0.0939 -0.02147 1.0 -0.163462 0.013726 0.091876 0.982166
-0.05434 -0.14794 -0.03756 1.0 -0.350185 0.006765 -0.005732 0.936639
-0.01196 -0.15393 -0.04553 1.0 -0.354868 0.004721 -0.001465 0.934903
0.03124 -0.14728 -0.04113 1.0 -0.358876 0.002082 0.003697 0.933376
0.07001 -0.1413 -0.02956 1.0 -0.364135 -0.002716 0.011851 0.931267
-0.00249 -0.14826 0.01591 1.0 0.707107 0.0 0.0 0.707107
-0.09958 -0.09391 0.02147 1.0 -0.357094 0.124872 0.229984 0.89666
0.00074 0.05825 -0.00249 1.0 -0.251829 0.006257 0.000273 0.967752
0.00034 0.05524 -0.00625 1.0 -0.25182 0.006004 0.000211 0.967755
0.00033 0.0566 -0.00383 1.0 -0.251821 0.00579 0.000457 0.967756
0.00078 0.0516 -0.00392 1.0 -0.251832 0.006337 0.000273 0.96775
0.00086 0.05627 -0.00025 1.0 0.006764 0.00328 0.076461 0.997044
-0.00074 -0.05825 0.00249 1.0 -0.927055 0.01571 -0.0082 0.374506
-0.00034 -0.05524 0.00625 1.0 -0.921921 -0.102505 -0.023009 0.372861
-0.00033 -0.0566 0.00383 1.0 -0.934426 -0.083877 -0.04 0.343821
-0.00078 -0.0516 0.00392 1.0 -0.975546 -0.10088 -0.029862 0.192981
-0.00086 -0.05627 0.00025 1.0 0.004479 0.006551 0.503294 0.864079


##### Pose: 2 ##############################################

0.0 0.0 0.0 1.0 0.0 0.0 0.707107 0.707107
0.0 0.0 0.6234 1.0 0.0 0.0 0.0 1.0
0.0 0.0 0.0 1.0 0.0 0.0 -0.279787 0.960062
0.00546 0.09377 -0.16723 1.0 0.004398 -0.041772 -0.586045 0.809189
0.0 0.0 -0.6234 1.0 0.0 0.0 0.0 1.0
0.00313 0.12307 0.0005 1.0 0.174303 -0.194649 0.052332 0.963842
0.00313 -0.12307 0.0005 1.0 0.279954 0.940206 -0.176821 0.079831
0.00295 0.0 0.10781 1.0 0.02311 0.159485 -0.397837 0.903192
0.00295 0.0 0.10781 1.0 0.02783 0.07568 -0.206221 0.975177
0.0 0.0 0.12763 1.0 0.026022 0.084648 -0.140389 0.986128
-0.00406 0.00155 -0.20992 1.0 0.009156 0.579845 -0.017013 0.814498
0.00406 -0.00155 0.20992 1.0 -0.029096 0.637965 0.060933 0.767099
-0.00508 0.00195 -0.15497 1.0 -0.003731 0.001413 -0.114342 0.993434
-0.00603 0.00231 -0.184 1.0 -0.098977 -0.362735 -0.106302 0.920504
-0.02319 0.09435 0.08792 1.0 0.0 -0.008994 0.000846 0.999959
-0.02727 0.0 0.12737 1.0 -0.02569 -0.014995 -0.059435 0.997789
0.0051 -0.0019 0.155 1.0 0.001064 -0.000488 0.033558 0.999436
0.00603 -0.00231 0.184 1.0 -0.084688 -0.4821 0.029334 0.87152
-0.02319 -0.09435 0.08792 1.0 -0.00971 0.999952 0.000701 -0.001089
0.01955 0.0 0.11236 1.0 -0.051674 -0.135346 0.131893 0.98062
-0.0012 0.0935 -0.00094 1.0 -0.26591 -0.104645 0.091107 0.953961
0.1367 0.00103 -0.07412 1.0 0.0 -0.025539 0.000173 0.999674
0.0012 -0.0935 0.00094 1.0 -0.516092 0.036432 0.142666 0.843782
-0.1367 -0.00103 0.07412 1.0 -0.084009 -0.074836 -0.004123 0.993642
0.04184 0.0 0.29363 1.0 0.0 0.0 0.0 1.0
0.0 0.17528 0.00003 1.0 -0.108354 0.107497 -0.541014 0.827048
0.21175 -0.00194 0.03537 1.0 0.0 0.0 0.0 1.0
0.01545 -0.00217 0.03772 1.0 0.0 0.0 0.0 1.0
0.20253 -0.00433 0.07298 1.0 0.0 0.0 0.0 1.0
0.0 -0.17528 -0.00003 1.0 0.070582 -0.183526 -0.672447 0.713548
0.21133 -0.00375 0.03157 1.0 0.0 0.0 0.0 1.0
0.00301 0.17235 -0.00005 1.0 -0.161739 -0.048023 -0.071629 0.983058
0.00295 0.18335 0.00119 1.0 -0.00093 -0.052116 0.0 0.998641
-0.00301 -0.17235 0.00005 1.0 -0.274609 -0.244715 -0.228179 0.901465
-0.00274 -0.18335 -0.00113 1.0 -0.004465 -0.268327 0.000828 0.963317
0.05434 0.14794 0.03756 1.0 -0.287342 0.018302 -0.042537 0.956708
0.01196 0.15393 0.04553 1.0 -0.305998 0.009502 -0.011032 0.951921
-0.03124 0.14728 0.04113 1.0 -0.321674 -0.000984 0.021582 0.946604
-0.07001 0.1413 0.02956 1.0 -0.339492 -0.012638 0.052638 0.93905
0.09958 0.09391 -0.02147 1.0 -0.160904 0.012654 0.091458 0.982642
-0.05434 -0.14794 -0.03756 1.0 -0.370561 0.006461 -0.005195 0.928771
-0.01196 -0.15393 -0.04553 1.0 -0.374738 0.004778 -0.001348 0.927117
0.03124 -0.14728 -0.04113 1.0 -0.378315 0.002432 0.003376 0.925668
0.07001 -0.1413 -0.02956 1.0 -0.339276 -0.003931 0.012848 0.940591
-0.00249 -0.14826 0.01591 1.0 0.707107 0.0 0.0 0.707107
-0.09958 -0.09391 0.02147 1.0 -0.341667 0.119133 0.221074 0.905648
0.00074 0.05825 -0.00249 1.0 -0.299067 0.005565 -0.000299 0.954216
0.00034 0.05524 -0.00625 1.0 -0.299061 0.004927 -0.000273 0.954221
0.00033 0.0566 -0.00383 1.0 -0.299063 0.004661 0.0 0.954222
0.00078 0.0516 -0.00392 1.0 -0.299068 0.005648 -0.000273 0.954215
0.00086 0.05627 -0.00025 1.0 0.004793 0.000791 0.04506 0.998972
-0.00074 -0.05825 0.00249 1.0 -0.925502 0.014906 -0.007734 0.37837
-0.00034 -0.05524 0.00625 1.0 -0.921386 -0.092484 -0.016653 0.377117
-0.00033 -0.0566 0.00383 1.0 -0.933929 -0.073612 -0.036249 0.347914
-0.00078 -0.0516 0.00392 1.0 -0.982909 -0.091828 -0.025462 0.157509
-0.00086 -0.05627 0.00025 1.0 0.004072 0.006093 0.474503 0.880223


##### Pose: 3 ##############################################

0.0 0.0 0.0 1.0 0.0 0.0 0.707107 0.707107
0.0 0.0 0.6234 1.0 0.0 0.0 0.0 1.0
0.0 0.0 0.0 1.0 0.0 0.0 -0.416108 0.909315
0.00379 0.1085 -0.16879 1.0 -0.002277 -0.058223 -0.576024 0.815353
0.0 0.0 -0.6234 1.0 0.0 0.0 0.0 1.0
0.00313 0.12307 0.0005 1.0 0.133902 -0.030659 0.024428 0.990219
0.00313 -0.12307 0.0005 1.0 0.450103 0.832841 -0.298591 0.12094
0.00295 0.0 0.10781 1.0 0.039397 0.164087 -0.486314 0.857334
0.00295 0.0 0.10781 1.0 0.03992 0.074417 -0.254358 0.963416
0.0 0.0 0.12763 1.0 0.036751 0.0886 -0.178451 0.979262
-0.00406 0.00155 -0.20992 1.0 -0.028006 0.536081 0.053137 0.842027
0.00406 -0.00155 0.20992 1.0 0.037786 0.630459 -0.02909 0.774756
-0.00508 0.00195 -0.15497 1.0 -0.002254 0.000854 -0.068868 0.997623
-0.00603 0.00231 -0.184 1.0 -0.128094 -0.391364 -0.068064 0.908732
-0.02319 0.09435 0.08792 1.0 -0.000473 -0.004572 -0.012068 0.999917
-0.02727 0.0 0.12737 1.0 -0.0434 -0.025827 0.019291 0.998538
0.0051 -0.0019 0.155 1.0 -0.002444 0.001057 -0.076732 0.997048
0.00603 -0.00231 0.184 1.0 -0.111442 -0.41818 -0.069509 0.898818
-0.02319 -0.09435 0.08792 1.0 0.003874 0.99999 0.00148 -0.001682
0.01955 0.0 0.11236 1.0 -0.072007 -0.13394 0.209381 0.965937
-0.0012 0.0935 -0.00094 1.0 -0.293433 -0.195636 -0.097758 0.930627
0.1367 0.00103 -0.07412 1.0 -0.000712 -0.025939 0.000173 0.999663
0.0012 -0.0935 0.00094 1.0 -0.492247 0.136007 0.380831 0.77082
-0.1367 -0.00103 0.07412 1.0 -0.005136 0.008408 -0.030782 0.999478
0.04184 0.0 0.29363 1.0 0.0 0.0 0.0 1.0
0.0 0.17528 0.00003 1.0 -0.088689 0.03473 -0.739836 0.666011
0.21175 -0.00194 0.03537 1.0 0.0 0.0 0.0 1.0
0.01545 -0.00217 0.03772 1.0 0.0 0.0 0.0 1.0
0.20253 -0.00433 0.07298 1.0 0.0 0.0 0.0 1.0
0.0 -0.17528 -0.00003 1.0 0.037128 -0.114587 -0.762292 0.635926
0.21133 -0.00375 0.03157 1.0 0.0 0.0 0.0 1.0
0.00301 0.17235 -0.00005 1.0 -0.162944 -0.047061 -0.072598 0.982835
0.00295 0.18335 0.00119 1.0 -0.00093 -0.051388 0.0 0.998678
-0.00301 -0.17235 0.00005 1.0 -0.025933 -0.097408 -0.339378 0.935234
-0.00274 -0.18335 -0.00113 1.0 -0.001794 -0.10334 0.0 0.994644
0.05434 0.14794 0.03756 1.0 -0.389958 0.021059 -0.036844 0.919854
0.01196 0.15393 0.04553 1.0 -0.405811 0.008171 -0.007105 0.913893
-0.03124 0.14728 0.04113 1.0 -0.419365 -0.00419 0.02103 0.907564
-0.07001 0.1413 0.02956 1.0 -0.43427 -0.014176 0.046551 0.899467
0.09958 0.0939 -0.02147 1.0 -0.158519 0.011606 0.091057 0.98308
-0.05434 -0.14794 -0.03756 1.0 -0.39076 0.006182 -0.00465 0.92046
-0.01196 -0.15393 -0.04553 1.0 -0.394436 0.004841 -0.001227 0.91891
0.03124 -0.14728 -0.04113 1.0 -0.397588 0.002765 0.003047 0.917555
0.07001 -0.1413 -0.02956 1.0 -0.33669 -0.004141 0.012932 0.941518
-0.00249 -0.14826 0.01591 1.0 0.707107 0.0 0.0 0.707107
-0.09958 -0.09391 0.02147 1.0 -0.334986 0.116672 0.217383 0.90935
0.00074 0.05825 -0.00249 1.0 -0.828239 0.012338 0.000405 0.560239
0.00034 0.05524 -0.00625 1.0 -0.828264 0.008959 0.001493 0.560264
0.00033 0.0566 -0.00383 1.0 -0.82827 0.008485 0.001685 0.560262
0.00078 0.0516 -0.00392 1.0 -0.828219 0.014021 -0.000473 0.560229
0.00086 0.05627 -0.00025 1.0 0.00105 0.002021 0.401236 0.915972
-0.00074 -0.05825 0.00249 1.0 -0.923932 0.014098 -0.007277 0.382228
-0.00034 -0.05524 0.00625 1.0 -0.920675 -0.082508 -0.010207 0.381374
-0.00033 -0.0566 0.00383 1.0 -0.933301 -0.063372 -0.032409 0.35197
-0.00078 -0.0516 0.00392 1.0 -0.988881 -0.082593 -0.02176 0.121734
-0.00086 -0.05627 0.00025 1.0 0.003676 0.006011 0.462005 0.886849


##### Pose: 4 ##############################################

0.0 0.0 0.0 1.0 0.0 0.0 0.707107 0.707107
0.0 0.0 0.6234 1.0 0.0 0.0 0.0 1.0
0.0 0.0 0.0 1.0 0.0 0.0 -0.563016 0.826446
-0.01217 0.11194 -0.1602 1.0 -0.021114 -0.083084 -0.569137 0.817762
0.0 0.0 -0.6234 1.0 0.0 0.0 0.0 1.0
0.00313 0.12307 0.0005 1.0 0.220017 -0.241821 0.032721 0.944481
0.00313 -0.12307 0.0005 1.0 0.411062 0.855646 -0.277394 0.148156
0.00295 0.0 0.10781 1.0 0.024307 0.150785 -0.543287 0.825538
0.00295 0.0 0.10781 1.0 0.03334 0.068713 -0.287224 0.954814
0.0 0.0 0.12763 1.0 0.032305 0.085671 -0.204763 0.97452
-0.00406 0.00155 -0.20992 1.0 0.013236 0.798329 -0.017066 0.601834
0.00406 -0.00155 0.20992 1.0 0.060987 0.635187 -0.088606 0.764831
-0.00508 0.00195 -0.15497 1.0 -0.00626 0.00238 -0.190808 0.981605
-0.00603 0.00231 -0.184 1.0 -0.101213 -0.406964 -0.17515 0.890763
-0.02319 0.09435 0.08792 1.0 0.000473 0.00261 -0.021394 0.999768
-0.02727 0.0 0.12737 1.0 -0.075865 -0.013711 0.110199 0.990915
0.0051 -0.0019 0.155 1.0 -0.00458 0.002006 -0.119599 0.99281
0.00603 -0.00231 0.184 1.0 -0.051422 -0.408791 -0.112111 0.904255
-0.02319 -0.09435 0.08792 1.0 0.018476 0.999825 0.002405 -0.00168
0.01955 0.0 0.11236 1.0 -0.091903 -0.104234 0.297587 0.944527
-0.0012 0.0935 -0.00094 1.0 -0.221245 -0.195337 -0.127357 0.946929
0.1367 0.00103 -0.07412 1.0 -0.000299 -0.026291 0.000173 0.999654
0.0012 -0.0935 0.00094 1.0 -0.440548 0.200678 0.419008 0.768165
-0.1367 -0.00103 0.07412 1.0 0.000423 -0.074891 0.00217 0.997189
0.04184 0.0 0.29363 1.0 0.0 0.0 0.0 1.0
0.0 0.17528 0.00003 1.0 -0.069185 0.021036 -0.715397 0.694966
0.21175 -0.00194 0.03537 1.0 0.0 0.0 0.0 1.0
0.01545 -0.00217 0.03772 1.0 0.0 0.0 0.0 1.0
0.20253 -0.00433 0.07298 1.0 0.0 0.0 0.0 1.0
0.0 -0.17528 -0.00003 1.0 -0.023116 -0.059021 -0.727653 0.68301
0.21133 -0.00375 0.03157 1.0 0.0 0.0 0.0 1.0
0.00301 0.17235 -0.00005 1.0 -0.164052 -0.046134 -0.07345 0.982631
0.00295 0.18335 0.00119 1.0 -0.00093 -0.05066 0.0 0.998716
-0.00301 -0.17235 0.00005 1.0 -0.018646 -0.094361 -0.297024 0.950013
-0.00274 -0.18335 -0.00113 1.0 -0.001184 -0.096805 0.000299 0.995303
0.05434 0.14794 0.03756 1.0 -0.420712 0.024099 -0.041194 0.905938
0.01196 0.15393 0.04553 1.0 -0.438632 0.008643 -0.006867 0.898599
-0.03124 0.14728 0.04113 1.0 -0.453995 -0.006823 0.024044 0.890654
-0.07001 0.1413 0.02956 1.0 -0.471484 -0.019259 0.051946 0.880133
0.09958 0.0939 -0.02147 1.0 -0.156431 0.010673 0.090685 0.983459
-0.05434 -0.14794 -0.03756 1.0 -0.410771 0.005931 -0.004091 0.91171
-0.01196 -0.15393 -0.04553 1.0 -0.413956 0.004913 -0.001119 0.910283
0.03124 -0.14728 -0.04113 1.0 -0.416688 0.003088 0.002702 0.90904
0.07001 -0.1413 -0.02956 1.0 -0.350449 -0.003619 0.012356 0.936493
-0.00249 -0.14826 0.01591 1.0 0.707107 0.0 0.0 0.707107
-0.09958 -0.09391 0.02147 1.0 -0.335498 0.117055 0.21771 0.909033
0.00074 0.05825 -0.00249 1.0 -0.918757 0.01224 -0.000992 0.394632
0.00034 0.05524 -0.00625 1.0 -0.918793 0.008456 0.000598 0.394648
0.00033 0.0566 -0.00383 1.0 -0.918802 0.008303 -0.000622 0.394631
0.00078 0.0516 -0.00392 1.0 -0.918724 0.014713 -0.001718 0.394622
0.00086 0.05627 -0.00025 1.0 0.001452 0.002369 0.506226 0.862396
-0.00074 -0.05825 0.00249 1.0 -0.922345 0.013287 -0.006824 0.386079
-0.00034 -0.05524 0.00625 1.0 -0.919744 -0.070073 -0.009644 0.386093
-0.00033 -0.0566 0.00383 1.0 -0.93254 -0.053157 -0.02848 0.355995
-0.00078 -0.0516 0.00392 1.0 -0.965833 -0.069133 -0.030548 0.247899
-0.00086 -0.05627 0.00025 1.0 0.003778 0.005775 0.462839 0.886415


##### Pose: 5 ##############################################

0.0 0.0 0.0 1.0 0.0 0.0 0.707107 0.707107
0.0 0.0 0.6234 1.0 0.0 0.0 0.0 1.0
0.0 0.0 0.0 1.0 0.0 0.0 -0.687761 0.725937
-0.03894 0.06309 -0.12218 1.0 -0.042809 -0.120574 -0.589972 0.797222
0.0 0.0 -0.6234 1.0 0.0 0.0 0.0 1.0
0.00313 0.12307 0.0005 1.0 0.044353 -0.573354 -0.024131 0.81775
0.00313 -0.12307 0.0005 1.0 0.386715 0.87643 -0.281515 0.055416
0.00295 0.0 0.10781 1.0 0.033601 0.162261 -0.576141 0.800377
0.00295 0.0 0.10781 1.0 0.040822 0.072023 -0.30588 0.948464
0.0 0.0 0.12763 1.0 0.038399 0.091391 -0.219593 0.970542
-0.00406 0.00155 -0.20992 1.0 0.049668 0.889609 0.029694 0.453042
0.00406 -0.00155 0.20992 1.0 -0.004202 0.51385 -0.052504 0.856262
-0.00508 0.00195 -0.15497 1.0 0.001105 -0.000457 0.033822 0.999427
-0.00603 0.00231 -0.184 1.0 -0.049308 -0.224666 0.031766 0.972669
-0.02319 0.09435 0.08792 1.0 0.000559 0.012506 -0.02928 0.999493
-0.02727 0.0 0.12737 1.0 -0.12481 -0.027125 0.205535 0.970279
0.0051 -0.0019 0.155 1.0 -0.006987 0.00304 -0.216434 0.976268
0.00603 -0.00231 0.184 1.0 -0.016298 -0.303074 -0.209916 0.929417
-0.02319 -0.09435 0.08792 1.0 0.033413 0.999434 0.003403 -0.001919
0.01955 0.0 0.11236 1.0 -0.139208 -0.08496 0.387492 0.907333
-0.0012 0.0935 -0.00094 1.0 -0.198768 -0.162505 -0.214429 0.942393
0.1367 0.00103 -0.07412 1.0 0.0 -0.026568 0.000173 0.999647
0.0012 -0.0935 0.00094 1.0 -0.375977 0.233188 0.403638 0.800838
-0.1367 -0.00103 0.07412 1.0 0.001078 -0.074565 0.002121 0.997213
0.04184 0.0 0.29363 1.0 0.0 0.0 0.0 1.0
0.0 0.17528 0.00003 1.0 -0.055166 0.010726 -0.689249 0.722342
0.21175 -0.00194 0.03537 1.0 0.0 0.0 0.0 1.0
0.01545 -0.00217 0.03772 1.0 0.0 0.0 0.0 1.0
0.20253 -0.00433 0.07298 1.0 0.0 0.0 0.0 1.0
0.0 -0.17528 -0.00003 1.0 -0.062398 -0.032592 -0.697045 0.713563
0.21133 -0.00375 0.03157 1.0 0.0 0.0 0.0 1.0
0.00301 0.17235 -0.00005 1.0 -0.164977 -0.045347 -0.074152 0.98246
0.00295 0.18335 0.00119 1.0 -0.00093 -0.049932 0.0 0.998752
-0.00301 -0.17235 0.00005 1.0 -0.011852 -0.108191 -0.309557 0.944632
-0.00274 -0.18335 -0.00113 1.0 -0.001794 -0.109869 0.000457 0.993944
0.05434 0.14794 0.03756 1.0 -0.425281 0.025892 -0.051702 0.903212
0.01196 0.15393 0.04553 1.0 -0.447795 0.009574 -0.009105 0.894039
-0.03124 0.14728 0.04113 1.0 -0.466529 -0.008738 0.028687 0.883997
-0.07001 0.1413 0.02956 1.0 -0.488016 -0.025129 0.063847 0.870134
0.09958 0.0939 -0.02147 1.0 -0.154644 0.009916 0.090384 0.983777
-0.05434 -0.14794 -0.03756 1.0 -0.430586 0.005706 -0.003527 0.902525
-0.01196 -0.15393 -0.04553 1.0 -0.433286 0.004991 -0.001007 0.901242
0.03124 -0.14728 -0.04113 1.0 -0.435605 0.003396 0.002348 0.900128
0.07001 -0.1413 -0.02956 1.0 -0.376892 -0.002432 0.01115 0.926187
-0.00249 -0.14826 0.01591 1.0 0.707107 0.0 0.0 0.707107
-0.09958 -0.09391 0.02147 1.0 -0.341723 0.119618 0.22138 0.905488
0.00074 0.05825 -0.00249 1.0 -0.897572 0.012278 0.000573 0.440697
0.00034 0.05524 -0.00625 1.0 -0.897611 0.008553 0.000211 0.440705
0.00033 0.0566 -0.00383 1.0 -0.897621 0.00801 -0.000913 0.440694
0.00078 0.0516 -0.00392 1.0 -0.89753 0.015744 0.000473 0.440672
0.00086 0.05627 -0.00025 1.0 0.002412 0.003233 0.500856 0.865521
-0.00074 -0.05825 0.00249 1.0 -0.868841 0.013131 -0.004878 0.494893
-0.00034 -0.05524 0.00625 1.0 -0.866951 -0.056191 -0.01563 0.494969
-0.00033 -0.0566 0.00383 1.0 -0.880326 -0.039636 -0.02956 0.471785
-0.00078 -0.0516 0.00392 1.0 -0.926745 -0.055896 -0.033874 0.369962
-0.00086 -0.05627 0.00025 1.0 0.00377 0.005783 0.474496 0.880231


##### Pose: 6 ##############################################

0.0 0.0 0.0 1.0 0.0 0.0 0.707107 0.707107
0.0 0.0 0.6234 1.0 0.0 0.0 0.0 1.0
0.0 0.0 0.0 1.0 0.0 0.0 -0.789897 0.61324
-0.02879 0.01065 -0.11694 1.0 -0.051919 -0.159423 -0.614995 0.7705
0.0 0.0 -0.6234 1.0 0.0 0.0 0.0 1.0
0.00313 0.12307 0.0005 1.0 0.047303 -0.577468 0.012649 0.814944
0.00313 -0.12307 0.0005 1.0 -0.35114 -0.879454 0.318625 0.041707
0.00295 0.0 0.10781 1.0 -0.03137 0.200456 -0.490113 0.847716
0.00295 0.0 0.10781 1.0 0.010829 0.101057 -0.258561 0.960633
0.0 0.0 0.12763 1.0 0.009354 0.107492 -0.18237 0.977292
-0.00406 0.00155 -0.20992 1.0 0.060943 0.698589 -0.012858 0.712807
0.00406 -0.00155 0.20992 1.0 -0.041189 0.440883 -0.01197 0.896539
-0.00508 0.00195 -0.15497 1.0 0.000984 -0.000532 0.043962 0.999033
-0.00603 0.00231 -0.184 1.0 -0.085166 0.183086 0.049925 0.978128
-0.02319 0.09435 0.08792 1.0 0.000712 0.023439 -0.037884 0.999007
-0.02727 0.0 0.12737 1.0 -0.101038 -0.019495 0.221381 0.969743
0.0051 -0.0019 0.155 1.0 -0.009785 0.004267 -0.303518 0.952766
0.00603 -0.00231 0.184 1.0 0.000946 -0.272231 -0.295544 0.91572
-0.02319 -0.09435 0.08792 1.0 0.049022 0.998787 0.004337 -0.00161
0.01955 0.0 0.11236 1.0 -0.115006 -0.091292 0.402792 0.903437
-0.0012 0.0935 -0.00094 1.0 -0.171913 -0.134066 -0.299333 0.928909
0.1367 0.00103 -0.07412 1.0 0.0 -0.026732 0.000173 0.999643
0.0012 -0.0935 0.00094 1.0 -0.30093 0.19259 0.281297 0.89063
-0.1367 -0.00103 0.07412 1.0 0.000423 -0.074235 0.00217 0.997238
0.04184 0.0 0.29363 1.0 0.0 0.0 0.0 1.0
0.0 0.17528 0.00003 1.0 -0.041954 -0.000444 -0.661819 0.748489
0.21175 -0.00194 0.03537 1.0 0.0 0.0 0.0 1.0
0.01545 -0.00217 0.03772 1.0 0.0 0.0 0.0 1.0
0.20253 -0.00433 0.07298 1.0 0.0 0.0 0.0 1.0
0.0 -0.17528 -0.00003 1.0 -0.077741 -0.069766 -0.682334 0.723539
0.21133 -0.00375 0.03157 1.0 0.0 0.0 0.0 1.0
0.00301 0.17235 -0.00005 1.0 -0.165723 -0.044722 -0.074659 0.982325
0.00295 0.18335 0.00119 1.0 -0.00093 -0.049204 0.0 0.998788
-0.00301 -0.17235 0.00005 1.0 -0.013042 -0.161954 -0.263359 0.950917
-0.00274 -0.18335 -0.00113 1.0 -0.002978 -0.163212 0.000634 0.986586
0.05434 0.14794 0.03756 1.0 -0.411442 0.028512 -0.064277 0.908719
0.01196 0.15393 0.04553 1.0 -0.440149 0.010894 -0.01298 0.897765
-0.03124 0.14728 0.04113 1.0 -0.463514 -0.010408 0.034255 0.885366
-0.07001 0.1413 0.02956 1.0 -0.490017 -0.032259 0.078115 0.867606
0.09958 0.0939 -0.02147 1.0 -0.15322 0.009388 0.090185 0.984023
-0.05434 -0.14794 -0.03756 1.0 -0.450196 0.005509 -0.002958 0.892908
-0.01196 -0.15393 -0.04553 1.0 -0.452419 0.005077 -0.000897 0.891791
0.03124 -0.14728 -0.04113 1.0 -0.454331 0.003688 0.00198 0.890823
0.07001 -0.1413 -0.02956 1.0 -0.411392 -0.000938 0.009456 0.911409
-0.00249 -0.14826 0.01591 1.0 0.707107 0.0 0.0 0.707107
-0.09958 -0.09391 0.02147 1.0 -0.353084 0.123806 0.227137 0.899118
0.00074 0.05825 -0.00249 1.0 -0.87408 0.012896 0.00088 0.48561
0.00034 0.05524 -0.00625 1.0 -0.874121 0.008715 -0.000273 0.48563
0.00033 0.0566 -0.00383 1.0 -0.874131 0.007769 -0.001215 0.485627
0.00078 0.0516 -0.00392 1.0 -0.874062 0.01402 -0.000559 0.485612
0.00086 0.05627 -0.00025 1.0 0.00342 0.004138 0.495472 0.868607
-0.00074 -0.05825 0.00249 1.0 -0.802557 0.012714 -0.003074 0.596432
-0.00034 -0.05524 0.00625 1.0 -0.801247 -0.042055 -0.018443 0.596569
-0.00033 -0.0566 0.00383 1.0 -0.813692 -0.026852 -0.02775 0.580012
-0.00078 -0.0516 0.00392 1.0 -0.872179 -0.04309 -0.034387 0.486071
-0.00086 -0.05627 0.00025 1.0 0.003798 0.006186 0.495929 0.868333


##### Pose: 7 ##############################################

0.0 0.0 0.0 1.0 0.0 0.0 0.707107 0.707107
0.0 0.0 0.6234 1.0 0.0 0.0 0.0 1.0
0.0 0.0 0.0 1.0 0.0 0.0 -0.871595 0.490227
-0.01865 -0.00545 -0.11169 1.0 -0.00336 -0.137561 -0.618383 0.773737
0.0 0.0 -0.6234 1.0 0.0 0.0 0.0 1.0
0.00313 0.12307 0.0005 1.0 0.019469 -0.49894 0.096472 0.86103
0.00313 -0.12307 0.0005 1.0 -0.141017 -0.966408 0.147493 0.156255
0.00295 0.0 0.10781 1.0 -0.047095 0.152456 -0.402224 0.901529
0.00295 0.0 0.10781 1.0 -0.007099 0.079379 -0.209072 0.974647
0.0 0.0 0.12763 1.0 -0.002902 0.085287 -0.145497 0.985672
-0.00406 0.00155 -0.20992 1.0 0.135022 0.619815 -0.115996 0.764293
0.00406 -0.00155 0.20992 1.0 -0.03346 0.3194 0.015099 0.946909
-0.00508 0.00195 -0.15497 1.0 -0.001202 0.00044 -0.0372 0.999307
-0.00603 0.00231 -0.184 1.0 0.043901 -0.215172 -0.040117 0.974764
-0.02319 0.09435 0.08792 1.0 0.001132 0.033299 -0.04935 0.998226
-0.02727 0.0 0.12737 1.0 -0.08427 0.007474 0.227609 0.970071
0.0051 -0.0019 0.155 1.0 0.000782 -0.000366 0.025486 0.999675
0.00603 -0.00231 0.184 1.0 -0.026328 -0.350187 0.014259 0.936201
-0.02319 -0.09435 0.08792 1.0 0.064958 0.997873 0.00514 -0.00187
0.01955 0.0 0.11236 1.0 -0.083544 -0.084804 0.404665 0.906684
-0.0012 0.0935 -0.00094 1.0 -0.255661 -0.040162 0.009242 0.965888
0.1367 0.00103 -0.07412 1.0 0.0 -0.026757 0.000173 0.999642
0.0012 -0.0935 0.00094 1.0 -0.256698 0.099921 0.073242 0.958518
-0.1367 -0.00103 0.07412 1.0 0.000405 -0.073907 0.002173 0.997263
0.04184 0.0 0.29363 1.0 0.0 0.0 0.0 1.0
0.0 0.17528 0.00003 1.0 0.009257 -0.057216 -0.667924 0.741969
0.21175 -0.00194 0.03537 1.0 0.0 0.0 0.0 1.0
0.01545 -0.00217 0.03772 1.0 0.0 0.0 0.0 1.0
0.20253 -0.00433 0.07298 1.0 0.0 0.0 0.0 1.0
0.0 -0.17528 -0.00003 1.0 -0.084931 -0.13703 -0.669971 0.724671
0.21133 -0.00375 0.03157 1.0 0.0 0.0 0.0 1.0
0.00301 0.17235 -0.00005 1.0 -0.166227 -0.044269 -0.074893 0.982242
0.00295 0.18335 0.00119 1.0 -0.00093 -0.048476 0.0 0.998824
-0.00301 -0.17235 0.00005 1.0 -0.029879 -0.231917 -0.18205 0.955081
-0.00274 -0.18335 -0.00113 1.0 -0.004071 -0.234 0.000846 0.972228
0.05434 0.14794 0.03756 1.0 -0.386426 0.031592 -0.078226 0.918454
0.01196 0.15393 0.04553 1.0 -0.422066 0.0126 -0.017428 0.90631
-0.03124 0.14728 0.04113 1.0 -0.451025 -0.011994 0.039912 0.891538
-0.07001 0.1413 0.02956 1.0 -0.483669 -0.03967 0.093498 0.869338
0.09958 0.0939 -0.02147 1.0 -0.152338 0.009182 0.090125 0.984168
-0.05434 -0.14794 -0.03756 1.0 -0.46959 0.005342 -0.002376 0.882865
-0.01196 -0.15393 -0.04553 1.0 -0.471346 0.005169 -0.0008 0.881933
0.03124 -0.14728 -0.04113 1.0 -0.472859 0.003969 0.001606 0.881128
0.07001 -0.1413 -0.02956 1.0 -0.447768 0.000701 0.007354 0.894119
-0.00249 -0.14826 0.01591 1.0 0.707107 0.0 0.0 0.707107
-0.09958 -0.09391 0.02147 1.0 -0.366929 0.128743 0.234432 0.890971
0.00074 0.05825 -0.00249 1.0 -0.762328 0.011119 0.001427 0.647094
0.00034 0.05524 -0.00625 1.0 -0.762348 0.008941 0.000663 0.647105
0.00033 0.0566 -0.00383 1.0 -0.762356 0.007727 -0.00044 0.647112
0.00078 0.0516 -0.00392 1.0 -0.762313 0.012572 0.000136 0.647086
0.00086 0.05627 -0.00025 1.0 0.005243 0.004912 0.423389 0.905919
-0.00074 -0.05825 0.00249 1.0 -0.724469 0.012067 -0.001445 0.6892
-0.00034 -0.05524 0.00625 1.0 -0.72364 -0.028223 -0.01813 0.689362
-0.00033 -0.0566 0.00383 1.0 -0.733725 -0.015309 -0.023273 0.678875
-0.00078 -0.0516 0.00392 1.0 -0.79091 -0.030553 -0.032892 0.610284
-0.00086 -0.05627 0.00025 1.0 0.004112 0.00655 0.522709 0.852476


##### Pose: 8 ##############################################

0.0 0.0 0.0 1.0 0.0 0.0 0.707107 0.707107
0.0 0.0 0.6234 1.0 0.0 0.0 0.0 1.0
0.0 0.0 0.0 1.0 0.0 0.0 -0.934287 0.356522
0.00742 -0.02155 -0.10644 1.0 0.020085 -0.077634 -0.592124 0.801847
0.0 0.0 -0.6234 1.0 0.0 0.0 0.0 1.0
0.00313 0.12307 0.0005 1.0 0.070135 -0.352923 0.283858 0.888792
0.00313 -0.12307 0.0005 1.0 -0.134508 -0.938194 0.091509 0.305493
0.00295 0.0 0.10781 1.0 -0.022252 0.092736 -0.327215 0.940125
0.00295 0.0 0.10781 1.0 -0.003345 0.047475 -0.16697 0.984813
0.0 0.0 0.12763 1.0 0.001269 0.057762 -0.113529 0.991853
-0.00406 0.00155 -0.20992 1.0 0.074205 0.559234 -0.032788 0.825031
0.00406 -0.00155 0.20992 1.0 0.006682 -0.009247 0.317651 0.948139
-0.00508 0.00195 -0.15497 1.0 0.001606 0.000122 0.049031 0.998796
-0.00603 0.00231 -0.184 1.0 -0.028466 -0.245021 0.048118 0.967904
-0.02319 0.09435 0.08792 1.0 0.001744 0.041478 -0.056502 0.997539
-0.02727 0.0 0.12737 1.0 -0.06808 0.033966 0.235029 0.969006
0.0051 -0.0019 0.155 1.0 -0.006082 0.002646 -0.190069 0.981748
0.00603 -0.00231 0.184 1.0 -0.145494 -0.170644 -0.181914 0.957402
-0.02319 -0.09435 0.08792 1.0 0.071058 0.997458 0.005107 -0.001502
0.01955 0.0 0.11236 1.0 -0.057152 -0.068114 0.407015 0.909084
-0.0012 0.0935 -0.00094 1.0 -0.363211 -0.012636 0.285348 0.886845
0.1367 0.00103 -0.07412 1.0 0.0 -0.026634 0.000173 0.999645
0.0012 -0.0935 0.00094 1.0 -0.260241 0.034588 -0.112158 0.958384
-0.1367 -0.00103 0.07412 1.0 0.000405 -0.073579 0.002173 0.997287
0.04184 0.0 0.29363 1.0 0.0 0.0 0.0 1.0
0.0 0.17528 0.00003 1.0 0.050277 -0.092766 -0.713353 0.692816
0.21175 -0.00194 0.03537 1.0 0.0 0.0 0.0 1.0
0.01545 -0.00217 0.03772 1.0 0.0 0.0 0.0 1.0
0.20253 -0.00433 0.07298 1.0 0.0 0.0 0.0 1.0
0.0 -0.17528 -0.00003 1.0 -0.0826 -0.176818 -0.652612 0.732127
0.21133 -0.00375 0.03157 1.0 0.0 0.0 0.0 1.0
0.00301 0.17235 -0.00005 1.0 -0.166048 -0.044416 -0.074796 0.982273
0.00295 0.18335 0.00119 1.0 -0.00093 -0.047748 0.0 0.998859
-0.00301 -0.17235 0.00005 1.0 -0.074583 -0.262517 -0.095457 0.957293
-0.00274 -0.18335 -0.00113 1.0 -0.004427 -0.265795 0.0008 0.964019
0.05434 0.14794 0.03756 1.0 -0.358797 0.035508 -0.091628 0.928229
0.01196 0.15393 0.04553 1.0 -0.401583 0.014706 -0.02158 0.91545
-0.03124 0.14728 0.04113 1.0 -0.436188 -0.013704 0.045222 0.898614
-0.07001 0.1413 0.02956 1.0 -0.473986 -0.047462 0.108102 0.872582
0.09958 0.0939 -0.02147 1.0 -0.151884 0.009302 0.090217 0.984228
-0.05434 -0.14794 -0.03756 1.0 -0.488759 0.005199 -0.001794 0.872401
-0.01196 -0.15393 -0.04553 1.0 -0.490059 0.005266 -0.000701 0.871673
0.03124 -0.14728 -0.04113 1.0 -0.491179 0.004236 0.001208 0.871047
0.07001 -0.1413 -0.02956 1.0 -0.481809 0.002184 0.005139 0.876259
-0.00249 -0.14826 0.01591 1.0 0.707107 0.0 0.0 0.707107
-0.09958 -0.09391 0.02147 1.0 -0.383641 0.134004 0.241959 0.88109
0.00074 0.05825 -0.00249 1.0 -0.621161 0.009677 0.001393 0.783622
0.00034 0.05524 -0.00625 1.0 -0.62117 0.008589 0.000988 0.783628
0.00033 0.0566 -0.00383 1.0 -0.621173 0.007683 0.000311 0.783636
0.00078 0.0516 -0.00392 1.0 -0.621151 0.01147 0.00015 0.783607
0.00086 0.05627 -0.00025 1.0 0.007091 0.00577 0.348516 0.937258
-0.00074 -0.05825 0.00249 1.0 -0.663874 0.010776 -0.000934 0.747766
-0.00034 -0.05524 0.00625 1.0 -0.663346 -0.015774 -0.014253 0.748011
-0.00033 -0.0566 0.00383 1.0 -0.654635 -0.005741 -0.016339 0.755747
-0.00078 -0.0516 0.00392 1.0 -0.692123 -0.015765 -0.024641 0.721187
-0.00086 -0.05627 0.00025 1.0 0.004496 0.007008 0.552142 0.833709


##### Pose: 9 ##############################################

0.0 0.0 0.0 1.0 0.0 0.0 0.707107 0.707107
0.0 0.0 0.6234 1.0 0.0 0.0 0.0 1.0
0.0 0.0 0.0 1.0 0.0 0.0 -0.976605 0.215041
0.03349 -0.03765 -0.1143 1.0 0.019112 -0.034507 -0.710251 0.702843
0.0 0.0 -0.6234 1.0 0.0 0.0 0.0 1.0
0.00313 0.12307 0.0005 1.0 0.075581 -0.102869 0.319997 0.93878
0.00313 -0.12307 0.0005 1.0 -0.073343 -0.960821 0.260131 0.061447
0.00295 0.0 0.10781 1.0 -0.009304 0.059423 -0.112149 0.99187
0.00295 0.0 0.10781 1.0 -0.003124 0.029908 -0.056911 0.997926
0.0 0.0 0.12763 1.0 -0.003232 0.039853 -0.025739 0.998869
-0.00406 0.00155 -0.20992 1.0 0.007257 0.404296 0.055645 0.912905
0.00406 -0.00155 0.20992 1.0 -0.049168 0.278345 0.136177 0.949506
-0.00508 0.00195 -0.15497 1.0 0.000457 -0.000244 0.013532 0.999908
-0.00603 0.00231 -0.184 1.0 0.01638 -0.251928 0.011712 0.967537
-0.02319 0.09435 0.08792 1.0 0.001995 0.040661 -0.055056 0.997653
-0.02727 0.0 0.12737 1.0 -0.052619 0.059653 0.229311 0.970098
0.0051 -0.0019 0.155 1.0 -0.007676 0.00298 -0.246554 0.969094
0.00603 -0.00231 0.184 1.0 -0.135599 -0.235787 -0.235719 0.932981
-0.02319 -0.09435 0.08792 1.0 0.056826 0.998376 0.003881 -0.00104
0.01955 0.0 0.11236 1.0 -0.031252 -0.051986 0.411093 0.909573
-0.0012 0.0935 -0.00094 1.0 -0.402026 -0.077673 0.384201 0.827485
0.1367 0.00103 -0.07412 1.0 0.0 -0.026307 0.000173 0.999654
0.0012 -0.0935 0.00094 1.0 -0.242176 0.048175 -0.210128 0.945979
-0.1367 -0.00103 0.07412 1.0 0.000405 -0.073579 0.002173 0.997287
0.04184 0.0 0.29363 1.0 0.0 0.0 0.0 1.0
0.0 0.17528 0.00003 1.0 0.078541 -0.125984 -0.692351 0.706123
0.21175 -0.00194 0.03537 1.0 0.0 0.0 0.0 1.0
0.01545 -0.00217 0.03772 1.0 0.0 0.0 0.0 1.0
0.20253 -0.00433 0.07298 1.0 0.0 0.0 0.0 1.0
0.0 -0.17528 -0.00003 1.0 -0.058716 -0.141175 -0.619406 0.770038
0.21133 -0.00375 0.03157 1.0 0.0 0.0 0.0 1.0
0.00301 0.17235 -0.00005 1.0 -0.164702 -0.045488 -0.073885 0.98252
0.00295 0.18335 0.00119 1.0 -0.00093 -0.049765 0.0 0.998761
-0.00301 -0.17235 0.00005 1.0 -0.145092 -0.19719 0.012812 0.969485
-0.00274 -0.18335 -0.00113 1.0 -0.004371 -0.201955 0.000244 0.979385
0.05434 0.14794 0.03756 1.0 -0.336962 0.039816 -0.103075 0.935012
0.01196 0.15393 0.04553 1.0 -0.385918 0.016931 -0.024833 0.922043
-0.03124 0.14728 0.04113 1.0 -0.425778 -0.01527 0.049536 0.903342
-0.07001 0.1413 0.02956 1.0 -0.468637 -0.05472 0.120198 0.873463
0.09958 0.0939 -0.02147 1.0 -0.152911 0.009936 0.090499 0.984037
-0.05434 -0.14794 -0.03756 1.0 -0.507695 0.005087 -0.001205 0.861521
-0.01196 -0.15393 -0.04553 1.0 -0.508548 0.005372 -0.000616 0.861017
0.03124 -0.14728 -0.04113 1.0 -0.509285 0.004488 0.000814 0.860586
0.07001 -0.1413 -0.02956 1.0 -0.510416 0.003261 0.003075 0.859916
-0.00249 -0.14826 0.01591 1.0 0.707107 0.0 0.0 0.707107
-0.09958 -0.09391 0.02147 1.0 -0.401226 0.138913 0.249122 0.870436
0.00074 0.05825 -0.00249 1.0 -0.474234 0.00873 0.000752 0.880355
0.00034 0.05524 -0.00625 1.0 -0.474238 0.008478 0.001092 0.880355
0.00033 0.0566 -0.00383 1.0 -0.474238 0.007583 0.000762 0.880364
0.00078 0.0516 -0.00392 1.0 -0.474229 0.00962 0.000405 0.880349
0.00086 0.05627 -0.00025 1.0 0.008779 0.006535 0.28269 0.959149
-0.00074 -0.05825 0.00249 1.0 -0.598561 0.008863 -0.000173 0.801028
-0.00034 -0.05524 0.00625 1.0 -0.598296 -0.004247 -0.008457 0.801219
-0.00033 -0.0566 0.00383 1.0 -0.567467 0.00168 -0.007442 0.823361
-0.00078 -0.0516 0.00392 1.0 -0.577737 -0.004312 -0.012998 0.816108
-0.00086 -0.05627 0.00025 1.0 0.004758 0.007362 0.583215 0.812271


##### Pose: 10 #############################################

0.0 0.0 0.0 1.0 0.0 0.0 0.707107 0.707107
0.0 0.0 0.6234 1.0 0.0 0.0 0.0 1.0
0.0 0.0 0.0 1.0 0.0 0.0 -0.995954 0.089865
0.05957 -0.02682 -0.12216 1.0 0.006664 -0.029836 -0.719976 0.693325
0.0 0.0 -0.6234 1.0 0.0 0.0 0.0 1.0
0.00313 0.12307 0.0005 1.0 0.069714 -0.046733 0.330592 0.940035
0.00313 -0.12307 0.0005 1.0 -0.027805 0.962962 -0.26286 0.053251
0.00295 0.0 0.10781 1.0 -0.016774 0.055936 0.022054 0.99805
0.00295 0.0 0.10781 1.0 -0.00874 0.027659 0.00995 0.99953
0.0 0.0 0.12763 1.0 -0.011356 0.037267 0.027889 0.998852
-0.00406 0.00155 -0.20992 1.0 0.002823 0.420546 0.049336 0.905924
0.00406 -0.00155 0.20992 1.0 -0.024242 0.396927 0.044227 0.916463
-0.00508 0.00195 -0.15497 1.0 0.002254 -0.000953 0.092047 0.995752
-0.00603 0.00231 -0.184 1.0 -0.03715 -0.333302 0.084657 0.938277
-0.02319 0.09435 0.08792 1.0 0.001021 0.022618 -0.032139 0.999227
-0.02727 0.0 0.12737 1.0 -0.026019 0.067084 0.207924 0.975495
0.0051 -0.0019 0.155 1.0 -0.006747 0.002902 -0.192716 0.981227
0.00603 -0.00231 0.184 1.0 -0.147531 -0.276588 -0.180862 0.932214
-0.02319 -0.09435 0.08792 1.0 0.030363 0.999537 0.002002 0.0
0.01955 0.0 0.11236 1.0 -0.003255 -0.065743 0.391031 0.918021
-0.0012 0.0935 -0.00094 1.0 -0.353237 -0.18875 0.355079 0.844699
0.1367 0.00103 -0.07412 1.0 0.0 -0.025776 0.000173 0.999668
0.0012 -0.0935 0.00094 1.0 -0.241746 0.106158 -0.282598 0.922186
-0.1367 -0.00103 0.07412 1.0 0.000423 -0.074235 0.00217 0.997238
0.04184 0.0 0.29363 1.0 0.0 0.0 0.0 1.0
0.0 0.17528 0.00003 1.0 0.034299 -0.070124 -0.771009 0.632022
0.21175 -0.00194 0.03537 1.0 0.0 0.0 0.0 1.0
0.01545 -0.00217 0.03772 1.0 0.0 0.0 0.0 1.0
0.20253 -0.00433 0.07298 1.0 0.0 0.0 0.0 1.0
0.0 -0.17528 -0.00003 1.0 -0.09966 -0.191664 -0.5184 0.827402
0.21133 -0.00375 0.03157 1.0 0.0 0.0 0.0 1.0
0.00301 0.17235 -0.00005 1.0 -0.162205 -0.04743 -0.071942 0.982987
0.00295 0.18335 0.00119 1.0 -0.00093 -0.051783 0.0 0.998658
-0.00301 -0.17235 0.00005 1.0 -0.148046 -0.299357 0.000299 0.942586
-0.00274 -0.18335 -0.00113 1.0 -0.005314 -0.304822 0.000122 0.952395
0.05434 0.14794 0.03756 1.0 -0.327524 0.043981 -0.110193 0.937364
0.01196 0.15393 0.04553 1.0 -0.382478 0.018548 -0.026865 0.923388
-0.03124 0.14728 0.04113 1.0 -0.426114 -0.0168 0.052368 0.902996
-0.07001 0.1413 0.02956 1.0 -0.471907 -0.060553 0.127582 0.870264
0.09958 0.0939 -0.02147 1.0 -0.157259 0.011759 0.091217 0.983265
-0.05434 -0.14794 -0.03756 1.0 -0.52628 0.005002 -0.00061 0.850296
-0.01196 -0.15393 -0.04553 1.0 -0.5267 0.005483 -0.000525 0.850033
0.03124 -0.14728 -0.04113 1.0 -0.527065 0.004725 0.000414 0.849812
0.07001 -0.1413 -0.02956 1.0 -0.529955 0.00413 0.001334 0.848015
-0.00249 -0.14826 0.01591 1.0 0.707107 0.0 0.0 0.707107
-0.09958 -0.09391 0.02147 1.0 -0.417686 0.142737 0.256121 0.859981
0.00074 0.05825 -0.00249 1.0 -0.390659 0.00762 -0.000503 0.920504
0.00034 0.05524 -0.00625 1.0 -0.390666 0.007973 0.00081 0.920498
0.00033 0.0566 -0.00383 1.0 -0.390666 0.007637 0.000546 0.920501
0.00078 0.0516 -0.00392 1.0 -0.390656 0.008073 -0.000669 0.920501
0.00086 0.05627 -0.00025 1.0 0.009874 0.006709 0.258371 0.965972
-0.00074 -0.05825 0.00249 1.0 -0.528996 0.006915 0.000286 0.848596
-0.00034 -0.05524 0.00625 1.0 -0.528992 0.003806 0.000573 0.848618
-0.00033 -0.0566 0.00383 1.0 -0.528999 0.005495 -0.000376 0.848605
-0.00078 -0.0516 0.00392 1.0 -0.529047 0.004809 0.0 0.848579
-0.00086 -0.05627 0.00025 1.0 0.005181 0.007563 0.611993 0.79081


##### Pose: 11 #############################################

0.0 0.0 0.0 1.0 0.0 0.0 0.707107 0.707107
0.0 0.0 0.6234 1.0 0.0 0.0 0.0 1.0
0.0 0.0 0.0 1.0 0.0 0.0 1.0 0.0
0.06776 -0.01487 -0.12559 1.0 -0.002054 -0.024301 -0.679558 0.733216
0.0 0.0 -0.6234 1.0 0.0 0.0 0.0 1.0
0.00313 0.12307 0.0005 1.0 0.055112 -0.04589 0.306915 0.949031
0.00313 -0.12307 0.0005 1.0 -0.087486 0.965142 -0.225007 0.101089
0.00295 0.0 0.10781 1.0 -0.019682 0.054595 0.073781 0.995585
0.00295 0.0 0.10781 1.0 -0.010954 0.026928 0.036701 0.998903
0.0 0.0 0.12763 1.0 -0.014427 0.036378 0.048815 0.998041
-0.00406 0.00155 -0.20992 1.0 -0.00228 0.439082 0.00453 0.898433
0.00406 -0.00155 0.20992 1.0 -0.000772 0.497132 0.006425 0.867651
-0.00508 0.00195 -0.15497 1.0 0.004255 -0.001633 0.129861 0.991522
-0.00603 0.00231 -0.184 1.0 -0.046501 -0.385298 0.117684 0.914075
-0.02319 0.09435 0.08792 1.0 0.0 -0.000173 -0.000598 1.0
-0.02727 0.0 0.12737 1.0 -0.009529 0.066886 0.1911 0.979243
0.0051 -0.0019 0.155 1.0 -0.004828 0.002079 -0.148942 0.988832
0.00603 -0.00231 0.184 1.0 -0.15818 -0.333186 -0.138487 0.919123
-0.02319 -0.09435 0.08792 1.0 0.000173 1.0 0.0 0.0
0.01955 0.0 0.11236 1.0 0.008346 -0.071017 0.37503 0.924251
-0.0012 0.0935 -0.00094 1.0 -0.32813 -0.290005 0.216962 0.872442
0.1367 0.00103 -0.07412 1.0 0.0 -0.024999 0.000173 0.999687
0.0012 -0.0935 0.00094 1.0 -0.24172 0.179313 -0.291714 0.907921
-0.1367 -0.00103 0.07412 1.0 0.000423 -0.074891 0.00217 0.997189
0.04184 0.0 0.29363 1.0 0.0 0.0 0.0 1.0
0.0 0.17528 0.00003 1.0 -0.02947 -0.0193 -0.827927 0.559728
0.21175 -0.00194 0.03537 1.0 0.0 0.0 0.0 1.0
0.01545 -0.00217 0.03772 1.0 0.0 0.0 0.0 1.0
0.20253 -0.00433 0.07298 1.0 0.0 0.0 0.0 1.0
0.0 -0.17528 -0.00003 1.0 -0.136663 -0.251457 -0.443008 0.84961
0.21133 -0.00375 0.03157 1.0 0.0 0.0 0.0 1.0
0.00301 0.17235 -0.00005 1.0 -0.158579 -0.050272 -0.069251 0.983631
0.00295 0.18335 0.00119 1.0 -0.00093 -0.053799 0.0 0.998551
-0.00301 -0.17235 0.00005 1.0 -0.11437 -0.41294 -0.037368 0.902776
-0.00274 -0.18335 -0.00113 1.0 -0.007284 -0.417417 0.000122 0.908686
0.05434 0.14794 0.03756 1.0 -0.337501 0.046755 -0.11186 0.933485
0.01196 0.15393 0.04553 1.0 -0.394665 0.019078 -0.027757 0.918208
-0.03124 0.14728 0.04113 1.0 -0.44005 -0.017975 0.053102 0.896222
-0.07001 0.1413 0.02956 1.0 -0.487361 -0.063715 0.128378 0.861359
0.09958 0.0939 -0.02147 1.0 -0.166965 0.015121 0.092385 0.981509
-0.05434 -0.14794 -0.03756 1.0 -0.544617 0.004945 0.0 0.83867
-0.01196 -0.15393 -0.04553 1.0 -0.544616 0.005601 -0.00044 0.838667
0.03124 -0.14728 -0.04113 1.0 -0.544616 0.004946 -0.000086 0.838671
0.07001 -0.1413 -0.02956 1.0 -0.544617 0.004906 0.000086 0.83867
-0.00249 -0.14826 0.01591 1.0 0.707107 0.0 0.0 0.707107
-0.09958 -0.09391 0.02147 1.0 -0.446672 0.146767 0.263968 0.842179
0.00074 0.05825 -0.00249 1.0 -0.403926 0.0076 -0.000345 0.91476
0.00034 0.05524 -0.00625 1.0 -0.403926 0.007599 -0.000366 0.91476
0.00033 0.0566 -0.00383 1.0 -0.403928 0.007599 -0.000366 0.914759
0.00078 0.0516 -0.00392 1.0 -0.403922 0.007586 -0.000386 0.914762
0.00086 0.05627 -0.00025 1.0 0.01017 0.005974 0.290541 0.95679
-0.00074 -0.05825 0.00249 1.0 -0.544684 0.00498 -0.000173 0.838627
-0.00034 -0.05524 0.00625 1.0 -0.544633 0.004981 -0.000122 0.83866
-0.00033 -0.0566 0.00383 1.0 -0.544678 0.004868 0.0 0.838631
-0.00078 -0.0516 0.00392 1.0 -0.544668 0.005006 0.0 0.838637
-0.00086 -0.05627 0.00025 1.0 0.005497 0.008392 0.659562 0.751583