# SQEE Animation Format


################################################################################

SECTION Header

BoneCount 56
PoseCount 13
TotalTime 12

Times 1 1 1 1 1 1 1 1 1 1 1 1 0


################################################################################

SECTION Poses


##### Pose: 0 ##############################################

0.0 0.0 0.0 1.0 0.0 0.0 0.707107 0.707107
0.0 0.0 0.6234 1.0 0.0 0.0 0.0 1.0
0.0 0.0 0.0 1.0 0.0 0.0 0.0 1.0
0.04517 -0.0033 -0.08856 1.0 -0.079846 -0.045898 -0.071263 0.993197
0.0 0.0 -0.6234 1.0 0.0 0.0 0.0 1.0
0.00313 0.12307 0.0005 1.0 0.141696 -0.364542 0.06393 0.91812
0.00313 -0.12307 0.0005 1.0 0.038287 -0.9766 -0.035032 0.208709
0.00295 0.0 0.10781 1.0 0.030169 0.174854 0.151363 0.972422
0.00295 0.0 0.10781 1.0 0.008242 0.088858 0.076822 0.993043
0.0 0.0 0.12763 1.0 0.024434 0.117182 0.103394 0.987411
-0.00406 0.00155 -0.20992 1.0 -0.002303 0.495351 0.004852 0.868676
0.00399 -0.00155 0.20992 1.0 -0.001691 0.321088 0.004243 0.947038
-0.00509 0.00195 -0.15497 1.0 0.000854 -0.000323 0.026113 0.999659
-0.00604 0.00231 -0.184 1.0 -0.022086 -0.196403 0.02419 0.979976
-0.02319 0.09435 0.08792 1.0 0.000423 0.000173 0.000546 1.0
-0.02727 0.0 0.12737 1.0 0.007441 0.049128 -0.161704 0.985588
0.00511 -0.0019 0.155 1.0 -0.000173 0.0 -0.004728 0.999989
0.00604 -0.00231 0.184 1.0 0.060443 0.065532 -0.006302 0.995998
-0.02319 -0.09435 0.08792 1.0 0.005901 0.999981 -0.000532 0.00171
0.01955 0.0 0.11236 1.0 0.042402 -0.190797 -0.00044 0.980713
-0.0012 0.0935 -0.00094 1.0 -0.385586 0.244722 0.23222 0.858783
0.13669 0.00103 -0.07411 1.0 0.000503 -0.115704 0.000999 0.993283
0.0012 -0.0935 0.00094 1.0 -0.378896 -0.117899 0.054984 0.91625
-0.1367 -0.00103 0.07411 1.0 0.001251 -0.137663 0.004131 0.99047
0.04184 0.0 0.29363 1.0 0.0 0.0 0.0 1.0
0.0 0.17528 0.00003 1.0 -0.009914 -0.033405 -0.263858 0.963932
0.21175 -0.00194 0.03537 1.0 0.0 0.0 0.0 1.0
0.01545 -0.00217 0.03772 1.0 0.0 0.009397 0.0 0.999956
0.20253 -0.00433 0.07298 1.0 0.0 0.0 0.0 1.0
0.0 -0.17528 -0.00003 1.0 -0.020134 -0.026858 -0.582859 0.81188
0.21133 -0.00375 0.03157 1.0 0.0 0.0 0.0 1.0
0.00301 0.17235 -0.00006 1.0 -0.000992 -0.05224 0.00088 0.998634
0.00296 0.18335 0.00118 1.0 -0.000977 -0.0522 0.0 0.998636
-0.00301 -0.17235 0.00004 1.0 0.05586 -0.045213 -0.094885 0.992891
-0.00298 -0.18335 -0.00121 1.0 -0.000712 -0.044472 0.0 0.99901
0.05434 0.14794 0.03756 1.0 -0.053005 0.001386 -0.011305 0.998529
0.01196 0.15393 0.04553 1.0 -0.184334 0.003906 -0.00294 0.982852
-0.03124 0.14728 0.04113 1.0 -0.294627 0.003837 0.004959 0.955592
-0.07001 0.1413 0.02956 1.0 -0.417072 0.001806 0.012028 0.908792
0.09958 0.09391 -0.02147 1.0 -0.129331 -0.146298 -0.013314 0.98066
-0.05434 -0.14794 -0.03756 1.0 -0.168439 0.008242 -0.042004 0.984782
-0.01195 -0.15393 -0.04554 1.0 -0.296834 0.006165 -0.011653 0.954838
0.03124 -0.14728 -0.04113 1.0 -0.402746 -0.005948 0.022323 0.91502
0.07002 -0.14131 -0.02957 1.0 -0.519041 -0.026424 0.052145 0.852748
-0.00243 -0.14825 0.01593 1.0 0.707107 0.0 0.0 0.707107
-0.09957 -0.0939 0.02146 1.0 -0.108859 0.050229 -0.084036 0.989224
0.00074 0.05825 -0.00249 1.0 -0.225054 0.004213 -0.000211 0.974337
0.00034 0.05524 -0.00625 1.0 -0.225375 0.004213 -0.000211 0.974263
0.00033 0.0566 -0.00383 1.0 -0.224493 0.004213 -0.000211 0.974467
0.00078 0.0516 -0.00392 1.0 -0.224737 0.004223 -0.000211 0.97441
0.00086 0.05627 -0.00025 1.0 0.004559 0.002672 0.129558 0.991558
-0.00074 -0.05825 0.00249 1.0 -0.350393 0.003183 0.0 0.936597
-0.00033 -0.05524 0.00625 1.0 -0.350393 0.003174 0.0 0.936597
-0.00033 -0.0566 0.00383 1.0 -0.350393 0.003174 0.0 0.936597
-0.00077 -0.0516 0.00392 1.0 -0.350393 0.003174 0.0 0.936597
-0.00086 -0.05627 0.00025 1.0 0.000984 0.00149 0.118939 0.9929


##### Pose: 1 ##############################################

0.0 0.0 0.0 1.0 0.0 0.0 0.707107 0.707107
0.0 0.0 0.6234 1.0 0.0 0.0 0.0 1.0
0.0 0.0 0.0 1.0 0.0 0.0 0.0 1.0
0.04005 -0.00424 -0.12004 1.0 -0.073174 -0.058011 -0.070043 0.993164
0.0 0.0 -0.6234 1.0 0.0 0.0 0.0 1.0
0.00313 0.12307 0.0005 1.0 0.147264 -0.38407 0.061589 0.909401
0.00313 -0.12307 0.0005 1.0 0.055546 -0.98128 -0.022574 0.183015
0.00295 0.0 0.10781 1.0 0.032782 0.232969 0.140307 0.961751
0.00295 0.0 0.10781 1.0 0.008423 0.117329 0.071835 0.990456
0.0 0.0 0.12763 1.0 0.023492 0.155267 0.095942 0.982922
-0.00406 0.00155 -0.20992 1.0 -0.001839 0.594575 0.005305 0.804021
0.00399 -0.00155 0.20992 1.0 -0.00088 0.4373 0.004642 0.899303
-0.00509 0.00195 -0.15497 1.0 0.000743 -0.000323 0.022216 0.999753
-0.00604 0.00231 -0.184 1.0 -0.037456 -0.098935 0.022168 0.994142
-0.02319 0.09435 0.08792 1.0 0.000423 0.000173 0.000546 1.0
-0.02727 0.0 0.12737 1.0 0.001683 0.0527 -0.151847 0.986997
0.00511 -0.0019 0.155 1.0 -0.000173 0.0 -0.011122 0.999938
0.00604 -0.00231 0.184 1.0 0.007124 -0.030085 -0.011912 0.999451
-0.02319 -0.09435 0.08792 1.0 0.005408 0.999984 -0.000473 0.001574
0.01955 0.0 0.11236 1.0 0.046144 -0.210143 0.00152 0.97658
-0.0012 0.0935 -0.00094 1.0 -0.381735 0.2039 0.231656 0.871228
0.13669 0.00103 -0.07411 1.0 0.000503 -0.106103 0.000999 0.994355
0.0012 -0.0935 0.00094 1.0 -0.28356 -0.223533 -0.042607 0.931564
-0.1367 -0.00103 0.07411 1.0 0.002581 -0.30188 0.008525 0.953304
0.04184 0.0 0.29363 1.0 0.0 0.0 0.0 1.0
0.0 0.17528 0.00003 1.0 -0.006178 -0.034429 -0.165289 0.985625
0.21175 -0.00194 0.03537 1.0 0.0 0.0 0.0 1.0
0.01545 -0.00217 0.03772 1.0 0.0 0.018792 0.0 0.999823
0.20253 -0.00433 0.07298 1.0 0.0 0.0 0.0 1.0
0.0 -0.17528 -0.00003 1.0 -0.019182 -0.028112 -0.541415 0.840066
0.21133 -0.00375 0.03157 1.0 0.0 0.0 0.0 1.0
0.00301 0.17235 -0.00006 1.0 -0.000992 -0.05224 0.00088 0.998634
0.00296 0.18335 0.00118 1.0 -0.000977 -0.0522 0.0 0.998636
-0.00301 -0.17235 0.00004 1.0 0.122816 -0.045107 -0.089752 0.987333
-0.00298 -0.18335 -0.00121 1.0 -0.000712 -0.045067 0.0 0.998984
0.05434 0.14794 0.03756 1.0 0.025468 -0.001756 -0.052538 0.998293
0.01196 0.15393 0.04553 1.0 -0.073562 0.001802 -0.012586 0.99721
-0.03124 0.14728 0.04113 1.0 -0.161049 0.001139 0.026251 0.986597
-0.07001 0.1413 0.02956 1.0 -0.256799 -0.012449 0.064129 0.964255
0.09958 0.09391 -0.02147 1.0 -0.123588 -0.147718 -0.131624 0.97241
-0.05434 -0.14794 -0.03756 1.0 -0.052737 0.003074 -0.042505 0.997699
-0.01195 -0.15393 -0.04554 1.0 -0.158851 0.003818 -0.011967 0.987223
0.03124 -0.14728 -0.04113 1.0 -0.245209 -0.00419 0.023425 0.969178
0.07002 -0.14131 -0.02957 1.0 -0.343881 -0.01684 0.055226 0.937237
-0.00243 -0.14825 0.01593 1.0 0.707107 0.0 0.0 0.707107
-0.09957 -0.0939 0.02146 1.0 -0.108859 0.050229 -0.084036 0.989224
0.00074 0.05825 -0.00249 1.0 -0.103262 0.002329 0.000518 0.994651
0.00034 0.05524 -0.00625 1.0 -0.10278 0.002329 0.000518 0.994701
0.00033 0.0566 -0.00383 1.0 -0.103265 0.002329 0.000518 0.994651
0.00078 0.0516 -0.00392 1.0 -0.103119 0.002173 0.000532 0.994667
0.00086 0.05627 -0.00025 1.0 0.005933 0.003234 0.176053 0.984357
-0.00074 -0.05825 0.00249 1.0 -0.201734 0.003146 0.000488 0.979435
-0.00033 -0.05524 0.00625 1.0 -0.200574 0.002121 0.000691 0.979676
-0.00033 -0.0566 0.00383 1.0 -0.201689 0.002121 0.000691 0.979447
-0.00077 -0.0516 0.00392 1.0 -0.202535 0.002121 0.000691 0.979273
-0.00086 -0.05627 0.00025 1.0 0.001903 0.002558 0.154585 0.987974


##### Pose: 2 ##############################################

0.0 0.0 0.0 1.0 0.0 0.0 0.707107 0.707107
0.0 0.0 0.6234 1.0 0.0 0.0 0.0 1.0
0.0 0.0 0.0 1.0 0.0 0.0 0.0 1.0
0.03493 -0.00517 -0.15152 1.0 -0.066479 -0.070136 -0.069 0.992925
0.0 0.0 -0.6234 1.0 0.0 0.0 0.0 1.0
0.00313 0.12307 0.0005 1.0 0.14622 -0.366708 0.064804 0.916485
0.00313 -0.12307 0.0005 1.0 0.072598 -0.983242 -0.007897 0.16704
0.00295 0.0 0.10781 1.0 0.035349 0.281231 0.130146 0.950117
0.00295 0.0 0.10781 1.0 0.008872 0.141632 0.066843 0.98762
0.0 0.0 0.12763 1.0 0.023127 0.187505 0.08864 0.977983
-0.00406 0.00155 -0.20992 1.0 -0.001695 0.671595 0.005696 0.740895
0.00399 -0.00155 0.20992 1.0 -0.000503 0.527522 0.005058 0.849526
-0.00509 0.00195 -0.15497 1.0 0.000518 -0.000299 0.016761 0.999859
-0.00604 0.00231 -0.184 1.0 -0.048186 -0.087664 0.017817 0.994824
-0.02319 0.09435 0.08792 1.0 0.000423 0.000173 0.000546 1.0
-0.02727 0.0 0.12737 1.0 -0.004193 0.0564 -0.142026 0.988246
0.00511 -0.0019 0.155 1.0 -0.000173 0.0 -0.027204 0.99963
0.00604 -0.00231 0.184 1.0 -0.046819 -0.13333 -0.02974 0.989518
-0.02319 -0.09435 0.08792 1.0 0.004918 0.999986 -0.00044 0.001906
0.01955 0.0 0.11236 1.0 0.049959 -0.221807 0.004345 0.9738
-0.0012 0.0935 -0.00094 1.0 -0.370073 0.156536 0.207412 0.891921
0.13669 0.00103 -0.07411 1.0 0.000488 -0.096491 0.001007 0.995333
0.0012 -0.0935 0.00094 1.0 -0.171962 -0.292783 -0.190929 0.921007
-0.1367 -0.00103 0.07411 1.0 0.004574 -0.434313 0.011203 0.900681
0.04184 0.0 0.29363 1.0 0.0 0.0 0.0 1.0
0.0 0.17528 0.00003 1.0 -0.001348 -0.035695 -0.038343 0.998626
0.21175 -0.00194 0.03537 1.0 0.0 0.0 0.0 1.0
0.01545 -0.00217 0.03772 1.0 0.0 0.028185 0.0 0.999603
0.20253 -0.00433 0.07298 1.0 0.0 0.0 0.0 1.0
0.0 -0.17528 -0.00003 1.0 -0.014545 -0.030769 -0.386388 0.921708
0.21133 -0.00375 0.03157 1.0 0.0 0.0 0.0 1.0
0.00301 0.17235 -0.00006 1.0 -0.000992 -0.05224 0.00088 0.998634
0.00296 0.18335 0.00118 1.0 -0.000977 -0.0522 0.0 0.998636
-0.00301 -0.17235 0.00004 1.0 0.176136 -0.044739 -0.084393 0.979721
-0.00298 -0.18335 -0.00121 1.0 -0.000712 -0.045662 0.0 0.998957
0.05434 0.14794 0.03756 1.0 0.092282 -0.009737 -0.087824 0.991804
0.01196 0.15393 0.04553 1.0 0.017957 0.00061 -0.020567 0.999627
-0.03124 0.14728 0.04113 1.0 -0.047034 -0.001215 0.044304 0.99791
-0.07001 0.1413 0.02956 1.0 -0.1208 -0.012561 0.11206 0.986252
0.09958 0.09391 -0.02147 1.0 -0.117195 -0.144145 -0.227444 0.955906
-0.05434 -0.14794 -0.03756 1.0 0.046877 -0.000913 -0.04399 0.997931
-0.01195 -0.15393 -0.04554 1.0 -0.033733 0.002566 -0.01275 0.999346
0.03124 -0.14728 -0.04113 1.0 -0.102218 -0.003646 0.02493 0.994443
0.07002 -0.14131 -0.02957 1.0 -0.182088 -0.00957 0.059224 0.98145
-0.00243 -0.14825 0.01593 1.0 0.707107 0.0 0.0 0.707107
-0.09957 -0.0939 0.02146 1.0 -0.108859 0.050229 -0.084036 0.989224
0.00074 0.05825 -0.00249 1.0 -0.054238 0.001071 0.000701 0.998527
0.00034 0.05524 -0.00625 1.0 -0.097624 0.001099 0.000657 0.995223
0.00033 0.0566 -0.00383 1.0 -0.058047 0.001078 0.000691 0.998313
0.00078 0.0516 -0.00392 1.0 -0.035885 0.000546 0.000732 0.999355
0.00086 0.05627 -0.00025 1.0 0.007009 0.004149 0.224348 0.974475
-0.00074 -0.05825 0.00249 1.0 -0.067423 0.003052 0.000905 0.997719
-0.00033 -0.05524 0.00625 1.0 -0.097074 0.001309 0.000984 0.995276
-0.00033 -0.0566 0.00383 1.0 -0.068377 0.00128 0.001021 0.997658
-0.00077 -0.0516 0.00392 1.0 -0.067526 0.00128 0.001021 0.997716
-0.00086 -0.05627 0.00025 1.0 0.002727 0.003515 0.190032 0.981768


##### Pose: 3 ##############################################

0.0 0.0 0.0 1.0 0.0 0.0 0.707107 0.707107
0.0 0.0 0.6234 1.0 0.0 0.0 0.0 1.0
0.0 0.0 0.0 1.0 0.0 0.0 0.0 1.0
0.02981 -0.00611 -0.183 1.0 -0.059767 -0.08227 -0.068135 0.99248
0.0 0.0 -0.6234 1.0 0.0 0.0 0.0 1.0
0.00313 0.12307 0.0005 1.0 0.136034 -0.318494 0.07237 0.935318
0.00313 -0.12307 0.0005 1.0 0.086114 -0.982206 0.006913 0.166757
0.00295 0.0 0.10781 1.0 0.037695 0.30401 0.120083 0.944318
0.00295 0.0 0.10781 1.0 0.009191 0.155227 0.061856 0.985898
0.0 0.0 0.12763 1.0 0.023255 0.205435 0.081125 0.975025
-0.00406 0.00155 -0.20992 1.0 -0.001588 0.706539 0.005984 0.707647
0.00399 -0.00155 0.20992 1.0 -0.000286 0.572652 0.00538 0.819781
-0.00509 0.00195 -0.15497 1.0 0.000244 -0.000299 0.012473 0.999922
-0.00604 0.00231 -0.184 1.0 -0.049371 -0.119849 0.014538 0.991457
-0.02319 0.09435 0.08792 1.0 0.000423 0.000173 0.000546 1.0
-0.02727 0.0 0.12737 1.0 -0.010169 0.060225 -0.132243 0.989334
0.00511 -0.0019 0.155 1.0 -0.000173 0.0 -0.043279 0.999063
0.00604 -0.00231 0.184 1.0 -0.093784 -0.234003 -0.041901 0.966794
-0.02319 -0.09435 0.08792 1.0 0.004415 0.999962 -0.007349 0.001598
0.01955 0.0 0.11236 1.0 0.053792 -0.21149 0.008261 0.975864
-0.0012 0.0935 -0.00094 1.0 -0.326714 0.154406 0.300887 0.882544
0.13669 0.00103 -0.07411 1.0 0.000488 -0.086871 0.001007 0.996219
0.0012 -0.0935 0.00094 1.0 -0.110719 -0.314949 -0.30813 0.890845
-0.1367 -0.00103 0.07411 1.0 0.005598 -0.487978 0.012146 0.872753
0.04184 0.0 0.29363 1.0 0.0 0.0 0.0 1.0
0.0 0.17528 0.00003 1.0 -0.006082 -0.035034 -0.182861 0.982496
0.21175 -0.00194 0.03537 1.0 0.0 0.0 0.0 1.0
0.01545 -0.00217 0.03772 1.0 0.0 0.037576 0.0 0.999294
0.20253 -0.00433 0.07298 1.0 0.0 0.0 0.0 1.0
0.0 -0.17528 -0.00003 1.0 -0.008756 -0.032505 -0.202535 0.978696
0.21133 -0.00375 0.03157 1.0 0.0 0.0 0.0 1.0
0.00301 0.17235 -0.00006 1.0 -0.000992 -0.05224 0.00088 0.998634
0.00296 0.18335 0.00118 1.0 -0.000977 -0.0522 0.0 0.998636
-0.00301 -0.17235 0.00004 1.0 0.197861 -0.045616 -0.077753 0.976076
-0.00298 -0.18335 -0.00121 1.0 -0.000712 -0.046258 0.0 0.998929
0.05434 0.14794 0.03756 1.0 0.12991 -0.017337 -0.109944 0.985259
0.01196 0.15393 0.04553 1.0 0.059188 -0.000585 -0.0263 0.9979
-0.03124 0.14728 0.04113 1.0 -0.004123 -0.001903 0.055357 0.998456
-0.07001 0.1413 0.02956 1.0 -0.077618 -0.008633 0.137003 0.987487
0.09958 0.09391 -0.02147 1.0 -0.111446 -0.135694 -0.275809 0.945038
-0.05434 -0.14794 -0.03756 1.0 0.100387 -0.004271 -0.045587 0.993894
-0.01195 -0.15393 -0.04554 1.0 0.030479 0.001624 -0.0136 0.999442
0.03124 -0.14728 -0.04113 1.0 -0.030516 -0.002784 0.026406 0.999182
0.07002 -0.14131 -0.02957 1.0 -0.102685 -0.004889 0.062347 0.992746
-0.00243 -0.14825 0.01593 1.0 0.707107 0.0 0.0 0.707107
-0.09957 -0.0939 0.02146 1.0 -0.108859 0.050229 -0.084036 0.989224
0.00074 0.05825 -0.00249 1.0 -0.054237 0.000386 0.000732 0.998528
0.00034 0.05524 -0.00625 1.0 -0.09556 0.000405 0.000722 0.995423
0.00033 0.0566 -0.00383 1.0 -0.055662 0.000386 0.000732 0.998449
0.00078 0.0516 -0.00392 1.0 -0.035884 -0.000488 0.000772 0.999356
0.00086 0.05627 -0.00025 1.0 0.008437 0.004685 0.272102 0.96222
-0.00074 -0.05825 0.00249 1.0 -0.054242 0.00304 0.000946 0.998523
-0.00033 -0.05524 0.00625 1.0 -0.097074 0.000819 0.001029 0.995276
-0.00033 -0.0566 0.00383 1.0 -0.056484 0.000772 0.001064 0.998403
-0.00077 -0.0516 0.00392 1.0 -0.037264 0.000752 0.001078 0.999305
-0.00086 -0.05627 0.00025 1.0 0.003442 0.004362 0.225235 0.974289


##### Pose: 4 ##############################################

0.0 0.0 0.0 1.0 0.0 0.0 0.707107 0.707107
0.0 0.0 0.6234 1.0 0.0 0.0 0.0 1.0
0.0 0.0 0.0 1.0 0.0 0.0 0.0 1.0
0.02469 -0.00704 -0.17611 1.0 -0.05304 -0.094408 -0.067449 0.991829
0.0 0.0 -0.6234 1.0 0.0 0.0 0.0 1.0
0.00313 0.12307 0.0005 1.0 0.113669 -0.255711 0.084063 0.95636
0.00313 -0.12307 0.0005 1.0 0.093072 -0.980774 0.020887 0.170246
0.00295 0.0 0.10781 1.0 0.036759 0.307595 0.109394 0.944493
0.00295 0.0 0.10781 1.0 0.008908 0.158166 0.056776 0.985739
0.0 0.0 0.12763 1.0 0.023355 0.207703 0.073856 0.97512
-0.00406 0.00155 -0.20992 1.0 -0.0013 0.693054 0.006182 0.720858
0.00399 -0.00155 0.20992 1.0 0.0 0.57471 0.005538 0.818338
-0.00509 0.00195 -0.15497 1.0 0.0 -0.000299 0.013252 0.999912
-0.00604 0.00231 -0.184 1.0 -0.038059 -0.157553 0.012064 0.986703
-0.02319 0.09435 0.08792 1.0 0.000423 0.000173 0.000546 1.0
-0.02727 0.0 0.12737 1.0 -0.016245 0.064175 -0.1225 0.990258
0.00511 -0.0019 0.155 1.0 -0.000173 0.0 -0.019997 0.9998
0.00604 -0.00231 0.184 1.0 -0.127862 -0.348135 -0.029168 0.928226
-0.02319 -0.09435 0.08792 1.0 0.003937 0.999991 -0.000345 0.001543
0.01955 0.0 0.11236 1.0 0.056806 -0.162668 0.014745 0.984934
-0.0012 0.0935 -0.00094 1.0 -0.271293 0.143237 0.418908 0.854634
0.13669 0.00103 -0.07411 1.0 0.000457 -0.077242 0.001021 0.997012
0.0012 -0.0935 0.00094 1.0 -0.166701 -0.290345 -0.268862 0.903119
-0.1367 -0.00103 0.07411 1.0 0.004563 -0.428462 0.011566 0.903474
0.04184 0.0 0.29363 1.0 0.0 0.0 0.0 1.0
0.0 0.17528 0.00003 1.0 -0.014328 -0.032224 -0.406392 0.913018
0.21175 -0.00194 0.03537 1.0 0.0 0.0 0.0 1.0
0.01545 -0.00217 0.03772 1.0 0.0 0.046963 0.0 0.998897
0.20253 -0.00433 0.07298 1.0 0.0 0.0 0.0 1.0
0.0 -0.17528 -0.00003 1.0 -0.011168 -0.032278 -0.275511 0.960691
0.21133 -0.00375 0.03157 1.0 0.0 0.0 0.0 1.0
0.00301 0.17235 -0.00006 1.0 -0.000992 -0.05224 0.00088 0.998634
0.00296 0.18335 0.00118 1.0 -0.000977 -0.0522 0.0 0.998636
-0.00301 -0.17235 0.00004 1.0 0.195318 -0.047172 -0.069725 0.97712
-0.00298 -0.18335 -0.00121 1.0 -0.000712 -0.046853 0.0 0.998902
0.05434 0.14794 0.03756 1.0 0.146203 -0.021105 -0.116267 0.982172
0.01196 0.15393 0.04553 1.0 0.055795 -0.001879 -0.028774 0.998026
-0.03124 0.14728 0.04113 1.0 -0.022439 -0.001957 0.059404 0.99798
-0.07001 0.1413 0.02956 1.0 -0.113002 -0.011868 0.143348 0.983128
0.09958 0.09391 -0.02147 1.0 -0.106375 -0.122431 -0.283528 0.945149
-0.05434 -0.14794 -0.03756 1.0 0.113656 -0.006337 -0.046539 0.992409
-0.01195 -0.15393 -0.04554 1.0 0.038492 0.000743 -0.014255 0.999157
0.03124 -0.14728 -0.04113 1.0 -0.025963 -0.001381 0.027531 0.999283
0.07002 -0.14131 -0.02957 1.0 -0.101035 -0.003057 0.063406 0.992856
-0.00243 -0.14825 0.01593 1.0 0.707107 0.0 0.0 0.707107
-0.09957 -0.0939 0.02146 1.0 -0.108859 0.050229 -0.084036 0.989224
0.00074 0.05825 -0.00249 1.0 -0.054237 0.000211 0.000743 0.998528
0.00034 0.05524 -0.00625 1.0 -0.09556 0.000211 0.000743 0.995423
0.00033 0.0566 -0.00383 1.0 -0.055662 0.000211 0.000743 0.998449
0.00078 0.0516 -0.00392 1.0 -0.035884 -0.000854 0.000782 0.999355
0.00086 0.05627 -0.00025 1.0 0.009813 0.005836 0.319211 0.947615
-0.00074 -0.05825 0.00249 1.0 -0.053043 0.00304 0.000946 0.998587
-0.00033 -0.05524 0.00625 1.0 -0.097073 0.000559 0.001057 0.995277
-0.00033 -0.0566 0.00383 1.0 -0.055294 0.000518 0.001078 0.998469
-0.00077 -0.0516 0.00392 1.0 -0.037264 0.000488 0.001092 0.999305
-0.00086 -0.05627 0.00025 1.0 0.004034 0.005098 0.260147 0.965547


##### Pose: 5 ##############################################

0.0 0.0 0.0 1.0 0.0 0.0 0.707107 0.707107
0.0 0.0 0.6234 1.0 0.0 0.0 0.0 1.0
0.0 0.0 0.0 1.0 0.0 0.0 0.0 1.0
-0.00223 -0.00798 -0.16921 1.0 -0.046303 -0.106546 -0.066942 0.990971
0.0 0.0 -0.6234 1.0 0.0 0.0 0.0 1.0
0.00313 0.12307 0.0005 1.0 0.078636 -0.184932 0.097838 0.974702
0.00313 -0.12307 0.0005 1.0 0.092973 -0.98044 0.032275 0.170445
0.00295 0.0 0.10781 1.0 0.030457 0.301832 0.099526 0.947663
0.00295 0.0 0.10781 1.0 0.007023 0.155422 0.051337 0.986488
0.0 0.0 0.12763 1.0 0.021941 0.203283 0.066309 0.976626
-0.00406 0.00155 -0.20992 1.0 -0.000977 0.654319 0.006241 0.756192
0.00399 -0.00155 0.20992 1.0 0.000193 0.537096 0.005534 0.843503
-0.00509 0.00195 -0.15497 1.0 -0.000386 -0.000299 0.007017 0.999975
-0.00604 0.00231 -0.184 1.0 -0.00876 -0.211809 0.003 0.977267
-0.02319 0.09435 0.08792 1.0 0.000423 0.000173 0.000546 1.0
-0.02727 0.0 0.12737 1.0 -0.021248 0.078542 -0.113028 0.990255
0.00511 -0.0019 0.155 1.0 -0.000173 0.0 0.003294 0.999995
0.00604 -0.00231 0.184 1.0 -0.144795 -0.428318 -0.003457 0.891945
-0.02319 -0.09435 0.08792 1.0 0.003444 0.999992 -0.000299 0.002006
0.01955 0.0 0.11236 1.0 0.058835 -0.092075 0.023007 0.993746
-0.0012 0.0935 -0.00094 1.0 -0.215961 0.077948 0.499085 0.835583
0.13669 0.00103 -0.07411 1.0 0.000457 -0.067606 0.001021 0.997711
0.0012 -0.0935 0.00094 1.0 -0.286906 -0.22798 -0.188145 0.911214
-0.1367 -0.00103 0.07411 1.0 0.002563 -0.28121 0.008474 0.959605
0.04184 0.0 0.29363 1.0 0.0 0.0 0.0 1.0
0.0 0.17528 0.00003 1.0 -0.020583 -0.02797 -0.578956 0.814619
0.21175 -0.00194 0.03537 1.0 0.0 0.0 0.0 1.0
0.01545 -0.00217 0.03772 1.0 0.0 0.056346 0.0 0.998411
0.20253 -0.00433 0.07298 1.0 0.0 0.0 0.0 1.0
0.0 -0.17528 -0.00003 1.0 -0.014288 -0.031576 -0.37032 0.928257
0.21133 -0.00375 0.03157 1.0 0.0 0.0 0.0 1.0
0.00301 0.17235 -0.00006 1.0 -0.000992 -0.05224 0.00088 0.998634
0.00296 0.18335 0.00118 1.0 -0.000977 -0.0522 0.0 0.998636
-0.00301 -0.17235 0.00004 1.0 0.180195 -0.04832 -0.061212 0.980535
-0.00298 -0.18335 -0.00121 1.0 -0.000712 -0.047448 0.0 0.998873
0.05434 0.14794 0.03756 1.0 0.15175 -0.022946 -0.115583 0.981369
0.01196 0.15393 0.04553 1.0 0.039073 -0.001879 -0.028824 0.998819
-0.03124 0.14728 0.04113 1.0 -0.061064 -0.002432 0.059607 0.99635
-0.07001 0.1413 0.02956 1.0 -0.174971 -0.020312 0.141267 0.974175
0.09958 0.09391 -0.02147 1.0 -0.101708 -0.105024 -0.280347 0.9487
-0.05434 -0.14794 -0.03756 1.0 0.114756 -0.006458 -0.046898 0.992265
-0.01195 -0.15393 -0.04554 1.0 0.033137 0.000386 -0.014583 0.999344
0.03124 -0.14728 -0.04113 1.0 -0.038206 -0.000732 0.028043 0.998876
0.07002 -0.14131 -0.02957 1.0 -0.120065 -0.004004 0.063717 0.990711
-0.00243 -0.14825 0.01593 1.0 0.707107 0.0 0.0 0.707107
-0.09957 -0.0939 0.02146 1.0 -0.108859 0.050229 -0.084036 0.989224
0.00074 0.05825 -0.00249 1.0 -0.054237 0.000386 0.000732 0.998528
0.00034 0.05524 -0.00625 1.0 -0.09556 0.000405 0.000722 0.995423
0.00033 0.0566 -0.00383 1.0 -0.055662 0.000386 0.000732 0.998449
0.00078 0.0516 -0.00392 1.0 -0.035884 -0.000518 0.000772 0.999356
0.00086 0.05627 -0.00025 1.0 0.011703 0.006703 0.365561 0.93069
-0.00074 -0.05825 0.00249 1.0 -0.054242 0.00304 0.000946 0.998523
-0.00033 -0.05524 0.00625 1.0 -0.097073 0.000488 0.001064 0.995277
-0.00033 -0.0566 0.00383 1.0 -0.056484 0.00044 0.001085 0.998403
-0.00077 -0.0516 0.00392 1.0 -0.037264 0.000423 0.001092 0.999305
-0.00086 -0.05627 0.00025 1.0 0.004507 0.005719 0.294724 0.955555


##### Pose: 6 ##############################################

0.0 0.0 0.0 1.0 0.0 0.0 0.707107 0.707107
0.0 0.0 0.6234 1.0 0.0 0.0 0.0 1.0
0.0 0.0 0.0 1.0 0.0 0.0 0.0 1.0
-0.02915 -0.00891 -0.16232 1.0 -0.03912 -0.118651 -0.066666 0.989923
0.0 0.0 -0.6234 1.0 0.0 0.0 0.0 1.0
0.00313 0.12307 0.0005 1.0 0.043604 -0.105427 0.106843 0.987709
0.00313 -0.12307 0.0005 1.0 0.089395 -0.980327 0.04054 0.171243
0.00295 0.0 0.10781 1.0 0.022999 0.291128 0.089984 0.952165
0.00295 0.0 0.10781 1.0 0.004326 0.148272 0.046162 0.987859
0.0 0.0 0.12763 1.0 0.019063 0.195642 0.059002 0.978713
-0.00406 0.00155 -0.20992 1.0 -0.000767 0.611299 0.006179 0.791375
0.00399 -0.00155 0.20992 1.0 0.000386 0.474216 0.005388 0.880392
-0.00509 0.00195 -0.15497 1.0 -0.000722 -0.000323 -0.01754 0.999846
-0.00604 0.00231 -0.184 1.0 0.036182 -0.327708 -0.021668 0.943837
-0.02319 0.09435 0.08792 1.0 0.000423 0.000173 0.000546 1.0
-0.02727 0.0 0.12737 1.0 -0.026544 0.093033 -0.103723 0.98989
0.00511 -0.0019 0.155 1.0 -0.000173 0.0 0.026586 0.999647
0.00604 -0.00231 0.184 1.0 -0.148144 -0.445062 0.02059 0.882921
-0.02319 -0.09435 0.08792 1.0 0.00295 0.999994 -0.000244 0.001811
0.01955 0.0 0.11236 1.0 0.059953 -0.021079 0.031612 0.997478
-0.0012 0.0935 -0.00094 1.0 -0.189352 -0.021157 0.518887 0.83334
0.13669 0.00103 -0.07411 1.0 0.00044 -0.057964 0.001029 0.998318
0.0012 -0.0935 0.00094 1.0 -0.383558 -0.169807 -0.168474 0.892001
-0.1367 -0.00103 0.07411 1.0 0.001558 -0.111934 0.004553 0.993704
0.04184 0.0 0.29363 1.0 0.0 0.0 0.0 1.0
0.0 0.17528 0.00003 1.0 -0.023921 -0.025279 -0.675869 0.7362
0.21175 -0.00194 0.03537 1.0 0.0 0.0 0.0 1.0
0.01545 -0.00217 0.03772 1.0 0.0 0.065724 0.0 0.997838
0.20253 -0.00433 0.07298 1.0 0.0 0.0 0.0 1.0
0.0 -0.17528 -0.00003 1.0 -0.012831 -0.032234 -0.323319 0.945654
0.21133 -0.00375 0.03157 1.0 0.0 0.0 0.0 1.0
0.00301 0.17235 -0.00006 1.0 -0.000992 -0.05224 0.00088 0.998634
0.00296 0.18335 0.00118 1.0 -0.000977 -0.0522 0.0 0.998636
-0.00301 -0.17235 0.00004 1.0 0.160265 -0.048858 -0.05234 0.984474
-0.00298 -0.18335 -0.00121 1.0 -0.000712 -0.048043 0.0 0.998845
0.05434 0.14794 0.03756 1.0 0.153739 -0.022628 -0.111211 0.981572
0.01196 0.15393 0.04553 1.0 0.010101 -0.000782 -0.028006 0.999556
-0.03124 0.14728 0.04113 1.0 -0.113801 -0.003411 0.057377 0.99184
-0.07001 0.1413 0.02956 1.0 -0.254728 -0.030908 0.134372 0.957133
0.09958 0.09391 -0.02147 1.0 -0.098958 -0.08678 -0.265901 0.954973
-0.05434 -0.14794 -0.03756 1.0 0.106962 -0.006279 -0.046971 0.993133
-0.01195 -0.15393 -0.04554 1.0 0.014408 0.000366 -0.014628 0.999789
0.03124 -0.14728 -0.04113 1.0 -0.067217 -0.000752 0.02811 0.997342
0.07002 -0.14131 -0.02957 1.0 -0.159682 -0.006837 0.063557 0.985097
-0.00243 -0.14825 0.01593 1.0 0.707107 0.0 0.0 0.707107
-0.09957 -0.0939 0.02146 1.0 -0.108859 0.050229 -0.084036 0.989224
0.00074 0.05825 -0.00249 1.0 -0.054237 0.000863 0.000712 0.998528
0.00034 0.05524 -0.00625 1.0 -0.096592 0.000897 0.000669 0.995323
0.00033 0.0566 -0.00383 1.0 -0.055663 0.000872 0.000701 0.998449
0.00078 0.0516 -0.00392 1.0 -0.037156 0.000691 0.000732 0.999309
0.00086 0.05627 -0.00025 1.0 0.013771 0.007678 0.409006 0.912395
-0.00074 -0.05825 0.00249 1.0 -0.054242 0.00304 0.000946 0.998523
-0.00033 -0.05524 0.00625 1.0 -0.097073 0.000559 0.001057 0.995277
-0.00033 -0.0566 0.00383 1.0 -0.056484 0.000518 0.001078 0.998403
-0.00077 -0.0516 0.00392 1.0 -0.037264 0.000488 0.001092 0.999305
-0.00086 -0.05627 0.00025 1.0 0.004858 0.006222 0.328919 0.944325


##### Pose: 7 ##############################################

0.0 0.0 0.0 1.0 0.0 0.0 0.707107 0.707107
0.0 0.0 0.6234 1.0 0.0 0.0 0.0 1.0
0.0 0.0 0.0 1.0 0.0 0.0 0.0 1.0
-0.05606 -0.00985 -0.15542 1.0 -0.031935 -0.130748 -0.06658 0.988662
0.0 0.0 -0.6234 1.0 0.0 0.0 0.0 1.0
0.00313 0.12307 0.0005 1.0 0.02002 -0.011349 0.106987 0.993994
0.00313 -0.12307 0.0005 1.0 0.082789 -0.978537 0.047223 0.182705
0.00295 0.0 0.10781 1.0 0.017894 0.274734 0.07995 0.958023
0.00295 0.0 0.10781 1.0 0.002373 0.138559 0.041123 0.989497
0.0 0.0 0.12763 1.0 0.015869 0.18433 0.051919 0.981364
-0.00406 0.00155 -0.20992 1.0 -0.000663 0.565527 0.006043 0.824707
0.00399 -0.00155 0.20992 1.0 0.000323 0.421398 0.00518 0.906861
-0.00509 0.00195 -0.15497 1.0 -0.000961 -0.000345 -0.056491 0.998403
-0.00604 0.00231 -0.184 1.0 0.067294 -0.460449 -0.056332 0.883337
-0.02319 0.09435 0.08792 1.0 0.000423 0.000173 0.000546 1.0
-0.02727 0.0 0.12737 1.0 -0.032128 0.107638 -0.094593 0.989158
0.00511 -0.0019 0.155 1.0 -0.000173 0.0 0.027707 0.999616
0.00604 -0.00231 0.184 1.0 -0.147404 -0.441331 0.034863 0.884468
-0.02319 -0.09435 0.08792 1.0 0.00246 0.999995 -0.000173 0.001983
0.01955 0.0 0.11236 1.0 0.061118 0.018674 0.038558 0.997211
-0.0012 0.0935 -0.00094 1.0 -0.194466 -0.070659 0.484691 0.849862
0.13669 0.00103 -0.07411 1.0 0.00044 -0.048316 0.001029 0.998832
0.0012 -0.0935 0.00094 1.0 -0.423688 -0.159858 -0.204308 0.867867
-0.1367 -0.00103 0.07411 1.0 0.001376 -0.001949 0.001911 0.999995
0.04184 0.0 0.29363 1.0 0.0 0.0 0.0 1.0
0.0 0.17528 0.00003 1.0 -0.025219 -0.023994 -0.712166 0.701147
0.21175 -0.00194 0.03537 1.0 0.0 0.0 0.0 1.0
0.01545 -0.00217 0.03772 1.0 0.0 0.075097 0.0 0.997176
0.20253 -0.00433 0.07298 1.0 0.0 0.0 0.0 1.0
0.0 -0.17528 -0.00003 1.0 -0.008165 -0.033381 -0.179823 0.983099
0.21133 -0.00375 0.03157 1.0 0.0 0.0 0.0 1.0
0.00301 0.17235 -0.00006 1.0 -0.000992 -0.05224 0.00088 0.998634
0.00296 0.18335 0.00118 1.0 -0.000977 -0.0522 0.0 0.998636
-0.00301 -0.17235 0.00004 1.0 0.135432 -0.048919 -0.043555 0.988619
-0.00298 -0.18335 -0.00121 1.0 -0.000712 -0.048639 0.0 0.998816
0.05434 0.14794 0.03756 1.0 0.151905 -0.020794 -0.105239 0.982556
0.01196 0.15393 0.04553 1.0 -0.025577 0.000573 -0.026452 0.999323
-0.03124 0.14728 0.04113 1.0 -0.178367 -0.004773 0.053063 0.982521
-0.07001 0.1413 0.02956 1.0 -0.34881 -0.040019 0.124019 0.928089
0.09958 0.09391 -0.02147 1.0 -0.097996 -0.066562 -0.243326 0.962683
-0.05434 -0.14794 -0.03756 1.0 0.091372 -0.005618 -0.046959 0.994693
-0.01195 -0.15393 -0.04554 1.0 -0.015027 0.000559 -0.014514 0.999782
0.03124 -0.14728 -0.04113 1.0 -0.106807 -0.001359 0.027908 0.993887
0.07002 -0.14131 -0.02957 1.0 -0.210979 -0.010898 0.063246 0.975381
-0.00243 -0.14825 0.01593 1.0 0.707107 0.0 0.0 0.707107
-0.09957 -0.0939 0.02146 1.0 -0.108859 0.050229 -0.084036 0.989224
0.00074 0.05825 -0.00249 1.0 -0.087739 0.001642 0.00061 0.996142
0.00034 0.05524 -0.00625 1.0 -0.096593 0.001647 0.000598 0.995322
0.00033 0.0566 -0.00383 1.0 -0.087815 0.001642 0.00061 0.996135
0.00078 0.0516 -0.00392 1.0 -0.087926 0.002221 0.000559 0.996124
0.00086 0.05627 -0.00025 1.0 0.015677 0.009157 0.453591 0.891025
-0.00074 -0.05825 0.00249 1.0 -0.060235 0.003047 0.000922 0.998179
-0.00033 -0.05524 0.00625 1.0 -0.098095 0.000752 0.001036 0.995176
-0.00033 -0.0566 0.00383 1.0 -0.061242 0.000712 0.001064 0.998122
-0.00077 -0.0516 0.00392 1.0 -0.059965 0.000712 0.001064 0.9982
-0.00086 -0.05627 0.00025 1.0 0.005085 0.006602 0.362689 0.931873


##### Pose: 8 ##############################################

0.0 0.0 0.0 1.0 0.0 0.0 0.707107 0.707107
0.0 0.0 0.6234 1.0 0.0 0.0 0.0 1.0
0.0 0.0 0.0 1.0 0.0 0.0 0.0 1.0
-0.05059 -0.01078 -0.15863 1.0 -0.024753 -0.142833 -0.066684 0.987188
0.0 0.0 -0.6234 1.0 0.0 0.0 0.0 1.0
0.00313 0.12307 0.0005 1.0 0.010229 0.038558 0.099065 0.994281
0.00313 -0.12307 0.0005 1.0 0.073442 -0.973783 0.054497 0.208286
0.00295 0.0 0.10781 1.0 0.013537 0.255289 0.070328 0.964209
0.00295 0.0 0.10781 1.0 0.000488 0.127956 0.03657 0.991105
0.0 0.0 0.12763 1.0 0.012207 0.17112 0.045133 0.98414
-0.00406 0.00155 -0.20992 1.0 -0.000832 0.544595 0.005849 0.838678
0.00399 -0.00155 0.20992 1.0 0.0 0.396159 0.004957 0.918169
-0.00509 0.00195 -0.15497 1.0 -0.001125 -0.000366 -0.072828 0.997344
-0.00604 0.00231 -0.184 1.0 0.072442 -0.518035 -0.073007 0.849154
-0.02319 0.09435 0.08792 1.0 0.000423 0.000173 0.000546 1.0
-0.02727 0.0 0.12737 1.0 -0.037994 0.122346 -0.085648 0.988055
0.00511 -0.0019 0.155 1.0 -0.000173 0.0 0.028828 0.999584
0.00604 -0.00231 0.184 1.0 -0.146473 -0.453505 0.03777 0.878324
-0.02319 -0.09435 0.08792 1.0 0.001968 0.999996 -0.000173 0.002021
0.01955 0.0 0.11236 1.0 0.063265 0.023173 0.043424 0.996782
-0.0012 0.0935 -0.00094 1.0 -0.209397 -0.038499 0.419106 0.882622
0.13669 0.00103 -0.07411 1.0 0.000423 -0.038664 0.001036 0.999252
0.0012 -0.0935 0.00094 1.0 -0.430528 -0.156699 -0.20248 0.865502
-0.1367 -0.00103 0.07411 1.0 0.001269 0.034792 0.000299 0.999394
0.04184 0.0 0.29363 1.0 0.0 0.0 0.0 1.0
0.0 0.17528 0.00003 1.0 -0.025424 -0.023742 -0.710008 0.703334
0.21175 -0.00194 0.03537 1.0 0.0 0.0 0.0 1.0
0.01545 -0.00217 0.03772 1.0 0.0 0.084462 0.0 0.996427
0.20253 -0.00433 0.07298 1.0 0.0 0.0 0.0 1.0
0.0 -0.17528 -0.00003 1.0 -0.006619 -0.033799 -0.132225 0.990621
0.21133 -0.00375 0.03157 1.0 0.0 0.0 0.0 1.0
0.00301 0.17235 -0.00006 1.0 -0.000992 -0.05224 0.00088 0.998634
0.00296 0.18335 0.00118 1.0 -0.000977 -0.0522 0.0 0.998636
-0.00301 -0.17235 0.00004 1.0 0.107253 -0.048871 -0.034668 0.992425
-0.00298 -0.18335 -0.00121 1.0 -0.000712 -0.049234 0.0 0.998787
0.05434 0.14794 0.03756 1.0 0.147726 -0.017963 -0.098243 0.983973
0.01196 0.15393 0.04553 1.0 -0.066805 0.002028 -0.024529 0.997462
-0.03124 0.14728 0.04113 1.0 -0.248236 -0.006336 0.047914 0.967493
-0.07001 0.1413 0.02956 1.0 -0.446929 -0.045505 0.109606 0.886662
0.09958 0.09391 -0.02147 1.0 -0.098544 -0.044825 -0.216664 0.970225
-0.05434 -0.14794 -0.03756 1.0 0.071297 -0.004736 -0.047072 0.996333
-0.01195 -0.15393 -0.04554 1.0 -0.049791 0.001064 -0.014302 0.998657
0.03124 -0.14728 -0.04113 1.0 -0.153789 -0.00216 0.027558 0.987717
0.07002 -0.14131 -0.02957 1.0 -0.271843 -0.015268 0.063045 0.960153
-0.00243 -0.14825 0.01593 1.0 0.707107 0.0 0.0 0.707107
-0.09957 -0.0939 0.02146 1.0 -0.108859 0.050229 -0.084036 0.989224
0.00074 0.05825 -0.00249 1.0 -0.141356 0.002612 0.000386 0.989955
0.00034 0.05524 -0.00625 1.0 -0.143916 0.002612 0.000386 0.989586
0.00033 0.0566 -0.00383 1.0 -0.142363 0.002612 0.000386 0.989811
0.00078 0.0516 -0.00392 1.0 -0.143505 0.00339 0.000273 0.989644
0.00086 0.05627 -0.00025 1.0 0.017419 0.010404 0.495171 0.868558
-0.00074 -0.05825 0.00249 1.0 -0.100915 0.003081 0.0008 0.99489
-0.00033 -0.05524 0.00625 1.0 -0.10116 0.001036 0.001007 0.994869
-0.00033 -0.0566 0.00383 1.0 -0.101619 0.001036 0.001007 0.994822
-0.00077 -0.0516 0.00392 1.0 -0.100237 0.001036 0.001007 0.994963
-0.00086 -0.05627 0.00025 1.0 0.005188 0.006858 0.395988 0.918216


##### Pose: 9 ##############################################

0.0 0.0 0.0 1.0 0.0 0.0 0.707107 0.707107
0.0 0.0 0.6234 1.0 0.0 0.0 0.0 1.0
0.0 0.0 0.0 1.0 0.0 0.0 0.0 1.0
-0.04511 -0.01172 -0.16183 1.0 -0.017578 -0.154903 -0.066979 0.9855
0.0 0.0 -0.6234 1.0 0.0 0.0 0.0 1.0
0.00313 0.12307 0.0005 1.0 0.003119 0.058235 0.087586 0.994448
0.00313 -0.12307 0.0005 1.0 0.062213 -0.965179 0.063009 0.246148
0.00295 0.0 0.10781 1.0 0.007764 0.233959 0.061434 0.970273
0.00295 0.0 0.10781 1.0 -0.001418 0.117579 0.032281 0.992538
0.0 0.0 0.12763 1.0 0.008142 0.15671 0.039015 0.98684
-0.00406 0.00155 -0.20992 1.0 -0.001152 0.543717 0.005635 0.839249
0.00399 -0.00155 0.20992 1.0 -0.000488 0.378777 0.004721 0.925476
-0.00509 0.00195 -0.15497 1.0 -0.00119 -0.000366 -0.069329 0.997593
-0.00604 0.00231 -0.184 1.0 0.065621 -0.53462 -0.069688 0.839654
-0.02319 0.09435 0.08792 1.0 0.000423 0.000173 0.000546 1.0
-0.02727 0.0 0.12737 1.0 -0.044134 0.137147 -0.076894 0.986575
0.00511 -0.0019 0.155 1.0 -0.000173 0.0 0.02995 0.999551
0.00604 -0.00231 0.184 1.0 -0.143102 -0.47053 0.033334 0.870064
-0.02319 -0.09435 0.08792 1.0 0.001475 0.999997 -0.000173 0.001938
0.01955 0.0 0.11236 1.0 0.066438 0.005175 0.046627 0.996687
-0.0012 0.0935 -0.00094 1.0 -0.241439 -0.001983 0.330062 0.912558
0.13669 0.00103 -0.07411 1.0 0.000423 -0.029008 0.001036 0.999579
0.0012 -0.0935 0.00094 1.0 -0.428399 -0.136813 -0.144597 0.88139
-0.1367 -0.00103 0.07411 1.0 0.00093 0.039112 -0.000386 0.999234
0.04184 0.0 0.29363 1.0 0.0 0.0 0.0 1.0
0.0 0.17528 0.00003 1.0 -0.023921 -0.025279 -0.675869 0.7362
0.21175 -0.00194 0.03537 1.0 0.0 0.0 0.0 1.0
0.01545 -0.00217 0.03772 1.0 0.0 0.09382 0.0 0.995589
0.20253 -0.00433 0.07298 1.0 0.0 0.0 0.0 1.0
0.0 -0.17528 -0.00003 1.0 -0.008927 -0.033962 -0.198745 0.979422
0.21133 -0.00375 0.03157 1.0 0.0 0.0 0.0 1.0
0.00301 0.17235 -0.00006 1.0 -0.000992 -0.05224 0.00088 0.998634
0.00296 0.18335 0.00118 1.0 -0.000977 -0.0522 0.0 0.998636
-0.00301 -0.17235 0.00004 1.0 0.077335 -0.048943 -0.025423 0.995479
-0.00298 -0.18335 -0.00121 1.0 -0.000712 -0.049829 0.0 0.998758
0.05434 0.14794 0.03756 1.0 0.141062 -0.01529 -0.090034 0.98578
0.01196 0.15393 0.04553 1.0 -0.110157 0.00358 -0.022466 0.993654
-0.03124 0.14728 0.04113 1.0 -0.320826 -0.007768 0.042644 0.946146
-0.07001 0.1413 0.02956 1.0 -0.543456 -0.048712 0.093984 0.832736
0.09958 0.09391 -0.02147 1.0 -0.100791 -0.023142 -0.188877 0.97654
-0.05434 -0.14794 -0.03756 1.0 0.050084 -0.00358 -0.047513 0.997608
-0.01195 -0.15393 -0.04554 1.0 -0.087162 0.001696 -0.014077 0.996093
0.03124 -0.14728 -0.04113 1.0 -0.201926 -0.003078 0.027218 0.979018
0.07002 -0.14131 -0.02957 1.0 -0.333355 -0.019644 0.062913 0.940495
-0.00243 -0.14825 0.01593 1.0 0.707107 0.0 0.0 0.707107
-0.09957 -0.0939 0.02146 1.0 -0.108859 0.050229 -0.084036 0.989224
0.00074 0.05825 -0.00249 1.0 -0.201616 0.003601 0.0 0.979458
0.00034 0.05524 -0.00625 1.0 -0.199044 0.003601 0.0 0.979984
0.00033 0.0566 -0.00383 1.0 -0.201162 0.003601 0.0 0.979551
0.00078 0.0516 -0.00392 1.0 -0.201127 0.004283 -0.000122 0.979556
0.00086 0.05627 -0.00025 1.0 0.019084 0.010672 0.535687 0.844133
-0.00074 -0.05825 0.00249 1.0 -0.143804 0.003115 0.000657 0.989601
-0.00033 -0.05524 0.00625 1.0 -0.14395 0.001402 0.000913 0.989584
-0.00033 -0.0566 0.00383 1.0 -0.144189 0.001402 0.000913 0.989549
-0.00077 -0.0516 0.00392 1.0 -0.144096 0.001402 0.000913 0.989562
-0.00086 -0.05627 0.00025 1.0 0.005162 0.006987 0.428774 0.90337


##### Pose: 10 #############################################

0.0 0.0 0.0 1.0 0.0 0.0 0.707107 0.707107
0.0 0.0 0.6234 1.0 0.0 0.0 0.0 1.0
0.0 0.0 0.0 1.0 0.0 0.0 0.0 1.0
-0.03963 -0.01265 -0.16503 1.0 -0.010202 -0.166967 -0.066216 0.983684
0.0 0.0 -0.6234 1.0 0.0 0.0 0.0 1.0
0.00313 0.12307 0.0005 1.0 -0.006107 0.062918 0.074763 0.995196
0.00313 -0.12307 0.0005 1.0 0.048766 -0.953158 0.073346 0.289365
0.00295 0.0 0.10781 1.0 0.000585 0.212883 0.054218 0.975572
0.00295 0.0 0.10781 1.0 -0.003676 0.107443 0.02843 0.993798
0.0 0.0 0.12763 1.0 0.003879 0.142553 0.033028 0.989228
-0.00406 0.00155 -0.20992 1.0 -0.001512 0.552491 0.005424 0.8335
0.00399 -0.00155 0.20992 1.0 -0.000953 0.35304 0.004513 0.935597
-0.00509 0.00195 -0.15497 1.0 -0.001105 -0.000345 -0.05182 0.998656
-0.00604 0.00231 -0.184 1.0 0.055409 -0.531607 -0.052882 0.843521
-0.02319 0.09435 0.08792 1.0 0.000423 0.000173 0.000546 1.0
-0.02727 0.0 0.12737 1.0 -0.050543 0.15203 -0.068341 0.984714
0.00511 -0.0019 0.155 1.0 -0.000173 0.0 0.031071 0.999517
0.00604 -0.00231 0.184 1.0 -0.136113 -0.485524 0.025435 0.863188
-0.02319 -0.09435 0.08792 1.0 0.000992 0.999998 0.0 0.001752
0.01955 0.0 0.11236 1.0 0.069976 -0.022582 0.04885 0.996096
-0.0012 0.0935 -0.00094 1.0 -0.286197 0.0095 0.224947 0.931343
0.13669 0.00103 -0.07411 1.0 0.000405 -0.01935 0.001043 0.999812
0.0012 -0.0935 0.00094 1.0 -0.415785 -0.117047 -0.082312 0.898136
-0.1367 -0.00103 0.07411 1.0 0.000473 0.026152 -0.000532 0.999658
0.04184 0.0 0.29363 1.0 0.0 0.0 0.0 1.0
0.0 0.17528 0.00003 1.0 -0.021504 -0.027292 -0.605272 0.79526
0.21175 -0.00194 0.03537 1.0 0.0 0.0 0.0 1.0
0.01545 -0.00217 0.03772 1.0 0.0 0.10317 0.0 0.994664
0.20253 -0.00433 0.07298 1.0 0.0 0.0 0.0 1.0
0.0 -0.17528 -0.00003 1.0 -0.011853 -0.033962 -0.281045 0.95902
0.21133 -0.00375 0.03157 1.0 0.0 0.0 0.0 1.0
0.00301 0.17235 -0.00006 1.0 -0.000992 -0.05224 0.00088 0.998634
0.00296 0.18335 0.00118 1.0 -0.000977 -0.0522 0.0 0.998636
-0.00301 -0.17235 0.00004 1.0 0.048873 -0.0495 -0.016704 0.997438
-0.00298 -0.18335 -0.00121 1.0 -0.000712 -0.050424 0.0 0.998728
0.05434 0.14794 0.03756 1.0 0.134258 -0.012993 -0.08193 0.987468
0.01196 0.15393 0.04553 1.0 -0.153317 0.005205 -0.020465 0.987951
-0.03124 0.14728 0.04113 1.0 -0.387915 -0.008478 0.037375 0.920898
-0.07001 0.1413 0.02956 1.0 -0.631079 -0.051384 0.078148 0.77006
0.09958 0.09391 -0.02147 1.0 -0.103971 -0.00153 -0.161066 0.981451
-0.05434 -0.14794 -0.03756 1.0 0.027729 -0.002496 -0.048169 0.998451
-0.01195 -0.15393 -0.04554 1.0 -0.123081 0.002487 -0.013909 0.992296
0.03124 -0.14728 -0.04113 1.0 -0.251065 -0.004015 0.026927 0.967587
0.07002 -0.14131 -0.02957 1.0 -0.393591 -0.023043 0.062768 0.916851
-0.00243 -0.14825 0.01593 1.0 0.707107 0.0 0.0 0.707107
-0.09957 -0.0939 0.02146 1.0 -0.108859 0.050229 -0.084036 0.989224
0.00074 0.05825 -0.00249 1.0 -0.256487 0.004577 -0.000457 0.966537
0.00034 0.05524 -0.00625 1.0 -0.256554 0.004579 -0.00044 0.966519
0.00033 0.0566 -0.00383 1.0 -0.256937 0.004579 -0.00044 0.966417
0.00078 0.0516 -0.00392 1.0 -0.25806 0.004977 -0.000546 0.966116
0.00086 0.05627 -0.00025 1.0 0.020363 0.011857 0.575174 0.817691
-0.00074 -0.05825 0.00249 1.0 -0.187604 0.003141 0.000518 0.98224
-0.00033 -0.05524 0.00625 1.0 -0.185464 0.00179 0.000782 0.982649
-0.00033 -0.0566 0.00383 1.0 -0.186493 0.00179 0.000782 0.982454
-0.00077 -0.0516 0.00392 1.0 -0.185193 0.00179 0.000782 0.9827
-0.00086 -0.05627 0.00025 1.0 0.005002 0.006988 0.461003 0.887357


##### Pose: 11 #############################################

0.0 0.0 0.0 1.0 0.0 0.0 0.707107 0.707107
0.0 0.0 0.6234 1.0 0.0 0.0 0.0 1.0
0.0 0.0 0.0 1.0 0.0 0.0 0.0 1.0
-0.03415 -0.01359 -0.16823 1.0 -0.003124 -0.179049 -0.065591 0.981646
0.0 0.0 -0.6234 1.0 0.0 0.0 0.0 1.0
0.00313 0.12307 0.0005 1.0 -0.016794 0.073121 0.06327 0.995173
0.00313 -0.12307 0.0005 1.0 0.0313 -0.937437 0.086097 0.335886
0.00295 0.0 0.10781 1.0 -0.007526 0.193762 0.048415 0.979824
0.00295 0.0 0.10781 1.0 -0.006458 0.097835 0.024794 0.994873
0.0 0.0 0.12763 1.0 -0.000503 0.129736 0.027791 0.991159
-0.00406 0.00155 -0.20992 1.0 -0.001786 0.560335 0.005262 0.828247
0.00399 -0.00155 0.20992 1.0 -0.001354 0.322277 0.004355 0.946634
-0.00509 0.00195 -0.15497 1.0 -0.000854 -0.000323 -0.03079 0.999525
-0.00604 0.00231 -0.184 1.0 0.046764 -0.525065 -0.033346 0.849122
-0.02319 0.09435 0.08792 1.0 0.000423 0.000173 0.000546 1.0
-0.02727 0.0 0.12737 1.0 -0.057439 0.167083 -0.058715 0.982515
0.00511 -0.0019 0.155 1.0 -0.000173 0.0 0.020911 0.999781
0.00604 -0.00231 0.184 1.0 -0.125852 -0.496175 0.016542 0.858894
-0.02319 -0.09435 0.08792 1.0 0.000488 0.999998 0.0 0.001953
0.01955 0.0 0.11236 1.0 0.073551 -0.050298 0.05072 0.99473
-0.0012 0.0935 -0.00094 1.0 -0.33149 -0.00822 0.109549 0.937041
0.13669 0.00103 -0.07411 1.0 0.000405 -0.00969 0.001043 0.999952
0.0012 -0.0935 0.00094 1.0 -0.39369 -0.100869 -0.027582 0.913276
-0.1367 -0.00103 0.07411 1.0 0.0 0.008865 -0.000345 0.999961
0.04184 0.0 0.29363 1.0 0.0 0.0 0.0 1.0
0.0 0.17528 0.00003 1.0 -0.017616 -0.0299 -0.496414 0.867392
0.21175 -0.00194 0.03537 1.0 0.0 0.0 0.0 1.0
0.01545 -0.00217 0.03772 1.0 0.0 0.112511 0.0 0.99365
0.20253 -0.00433 0.07298 1.0 0.0 0.0 0.0 1.0
0.0 -0.17528 -0.00003 1.0 -0.013974 -0.034152 -0.336027 0.941129
0.21133 -0.00375 0.03157 1.0 0.0 0.0 0.0 1.0
0.00301 0.17235 -0.00006 1.0 -0.000992 -0.05224 0.00088 0.998634
0.00296 0.18335 0.00118 1.0 -0.000977 -0.0522 0.0 0.998636
-0.00301 -0.17235 0.00004 1.0 0.02195 -0.05055 -0.008079 0.998448
-0.00298 -0.18335 -0.00121 1.0 -0.000712 -0.051019 0.0 0.998697
0.05434 0.14794 0.03756 1.0 0.127254 -0.011857 -0.074423 0.989003
0.01196 0.15393 0.04553 1.0 -0.190723 0.006743 -0.018649 0.981444
-0.03124 0.14728 0.04113 1.0 -0.44939 -0.008325 0.032701 0.892698
-0.07001 0.1413 0.02956 1.0 -0.704298 -0.052514 0.064968 0.704972
0.09958 0.09391 -0.02147 1.0 -0.107583 0.018839 -0.136267 0.984633
-0.05434 -0.14794 -0.03756 1.0 0.008734 -0.001274 -0.048754 0.998772
-0.01195 -0.15393 -0.04554 1.0 -0.154875 0.003305 -0.01384 0.987832
0.03124 -0.14728 -0.04113 1.0 -0.293725 -0.005057 0.026741 0.955503
0.07002 -0.14131 -0.02957 1.0 -0.44601 -0.02609 0.062434 0.892466
-0.00243 -0.14825 0.01593 1.0 0.707107 0.0 0.0 0.707107
-0.09957 -0.0939 0.02146 1.0 -0.108859 0.050229 -0.084036 0.989224
0.00074 0.05825 -0.00249 1.0 -0.307119 0.00547 -0.000977 0.951655
0.00034 0.05524 -0.00625 1.0 -0.309228 0.005467 -0.000992 0.950972
0.00033 0.0566 -0.00383 1.0 -0.306191 0.005471 -0.000969 0.951954
0.00078 0.0516 -0.00392 1.0 -0.309275 0.005582 -0.001029 0.950956
0.00086 0.05627 -0.00025 1.0 0.021774 0.012668 0.611845 0.790576
-0.00074 -0.05825 0.00249 1.0 -0.22519 0.003157 0.000405 0.97431
-0.00033 -0.05524 0.00625 1.0 -0.222647 0.002149 0.000646 0.974897
-0.00033 -0.0566 0.00383 1.0 -0.224972 0.002153 0.000634 0.974363
-0.00077 -0.0516 0.00392 1.0 -0.222276 0.002149 0.000646 0.974981
-0.00086 -0.05627 0.00025 1.0 0.004717 0.006859 0.492633 0.870197


##### Pose: 12 #############################################

0.0 0.0 0.0 1.0 0.0 0.0 0.707107 0.707107
0.0 0.0 0.6234 1.0 0.0 0.0 0.0 1.0
0.0 0.0 0.0 1.0 0.0 0.0 0.0 1.0
-0.02867 -0.01452 -0.17144 1.0 0.003967 -0.191124 -0.065154 0.979393
0.0 0.0 -0.6234 1.0 0.0 0.0 0.0 1.0
0.00313 0.12307 0.0005 1.0 -0.028295 0.098275 0.053634 0.99331
0.00313 -0.12307 0.0005 1.0 0.011044 -0.919613 0.100396 0.379619
0.00295 0.0 0.10781 1.0 -0.014804 0.178257 0.043121 0.982927
0.00295 0.0 0.10781 1.0 -0.009391 0.089306 0.02183 0.995721
0.0 0.0 0.12763 1.0 -0.004962 0.119374 0.022978 0.992571
-0.00406 0.00155 -0.20992 1.0 -0.001879 0.559466 0.005198 0.828835
0.00399 -0.00155 0.20992 1.0 -0.00166 0.288762 0.004262 0.95739
-0.00509 0.00195 -0.15497 1.0 -0.000386 -0.000299 -0.012474 0.999922
-0.00604 0.00231 -0.184 1.0 0.044124 -0.53224 -0.01855 0.845239
-0.02319 0.09435 0.08792 1.0 0.000423 0.000173 0.000546 1.0
-0.02727 0.0 0.12737 1.0 -0.064625 0.18221 -0.049311 0.979894
0.00511 -0.0019 0.155 1.0 -0.000173 0.0 0.010749 0.999942
0.00604 -0.00231 0.184 1.0 -0.115955 -0.502626 0.006658 0.856666
-0.02319 -0.09435 0.08792 1.0 0.0 0.999998 0.0 0.002013
0.01955 0.0 0.11236 1.0 0.076786 -0.074022 0.05216 0.992927
-0.0012 0.0935 -0.00094 1.0 -0.363445 -0.043828 -0.006815 0.930559
0.13669 0.00103 -0.07411 1.0 0.000386 0.0 0.00105 0.999999
0.0012 -0.0935 0.00094 1.0 -0.373762 -0.092745 0.007578 0.922845
-0.1367 -0.00103 0.07411 1.0 0.0 -0.001945 0.0 0.999998
0.04184 0.0 0.29363 1.0 0.0 0.0 0.0 1.0
0.0 0.17528 0.00003 1.0 -0.012713 -0.032571 -0.345854 0.937637
0.21175 -0.00194 0.03537 1.0 0.0 0.0 0.0 1.0
0.01545 -0.00217 0.03772 1.0 0.0 0.121842 0.0 0.99255
0.20253 -0.00433 0.07298 1.0 0.0 0.0 0.0 1.0
0.0 -0.17528 -0.00003 1.0 -0.015123 -0.034759 -0.359505 0.932373
0.21133 -0.00375 0.03157 1.0 0.0 0.0 0.0 1.0
0.00301 0.17235 -0.00006 1.0 -0.000992 -0.05224 0.00088 0.998634
0.00296 0.18335 0.00118 1.0 -0.000977 -0.0522 0.0 0.998636
-0.00301 -0.17235 0.00004 1.0 -0.000173 -0.051651 0.000345 0.998665
-0.00298 -0.18335 -0.00121 1.0 -0.000712 -0.051615 0.0 0.998667
0.05434 0.14794 0.03756 1.0 0.123429 -0.010905 -0.068231 0.989945
0.01196 0.15393 0.04553 1.0 -0.222426 0.007949 -0.017019 0.974769
-0.03124 0.14728 0.04113 1.0 -0.499941 -0.007856 0.029323 0.865527
-0.07001 0.1413 0.02956 1.0 -0.764265 -0.051561 0.054665 0.640509
0.09958 0.09391 -0.02147 1.0 -0.111234 0.03662 -0.117507 0.986143
-0.05434 -0.14794 -0.03756 1.0 -0.004664 -0.000244 -0.049327 0.998772
-0.01195 -0.15393 -0.04554 1.0 -0.181248 0.00403 -0.013913 0.983331
0.03124 -0.14728 -0.04113 1.0 -0.327151 -0.006027 0.026695 0.944576
0.07002 -0.14131 -0.02957 1.0 -0.487858 -0.029376 0.061782 0.870238
-0.00243 -0.14825 0.01593 1.0 0.707107 0.0 0.0 0.707107
-0.09957 -0.0939 0.02146 1.0 -0.108859 0.050229 -0.084036 0.989224
0.00074 0.05825 -0.00249 1.0 -0.351286 0.006142 -0.001505 0.936247
0.00034 0.05524 -0.00625 1.0 -0.351286 0.006142 -0.001505 0.936247
0.00033 0.0566 -0.00383 1.0 -0.351286 0.006142 -0.001505 0.936247
0.00078 0.0516 -0.00392 1.0 -0.351286 0.006138 -0.001505 0.936247
0.00086 0.05627 -0.00025 1.0 0.023201 0.013782 0.646223 0.762671
-0.00074 -0.05825 0.00249 1.0 -0.254325 0.003167 0.000323 0.967114
-0.00033 -0.05524 0.00625 1.0 -0.254549 0.002432 0.000503 0.967057
-0.00033 -0.0566 0.00383 1.0 -0.255047 0.002432 0.000503 0.966926
-0.00077 -0.0516 0.00392 1.0 -0.255379 0.002432 0.000503 0.966838
-0.00086 -0.05627 0.00025 1.0 0.004299 0.006599 0.523623 0.851914