0.0 -0.09342 0.26226 0.0 0.911367 -0.411595 0.0 1.0 1.0 1.0
0.12323 0.06752 0.10591 -0.04182 -0.595621 -0.797104 0.09007 1.0 1.0 1.0
-0.12323 0.06752 0.10591 -0.041819 0.59562 0.797104 0.090071 1.0 1.0 1.0
0.0 0.14486 0.0 -0.314414 0.0 0.0 0.949286 1.0 1.0 1.0
0.0 0.18215 0.0 -0.244368 0.0 0.0 0.969683 1.0 1.0 1.0
0.0 0.13548 0.0 -0.35112 0.013027 -0.093267 0.931583 1.0 1.0 1.0
0.0 0.13548 0.0 -0.351118 -0.013027 0.093267 0.931584 1.0 1.0 1.0
0.01404 0.14058 0.11438 -0.102084 0.305636 -0.512038 0.79623 1.0 1.0 1.0
-0.01404 0.14058 0.11438 -0.102084 -0.305636 0.512038 0.796231 1.0 1.0 1.0
0.0 0.07781 0.0 0.274335 -0.012598 -0.001822 0.96155 1.0 1.0 1.0
0.0 0.07781 0.0 0.274334 0.012598 0.001822 0.96155 1.0 1.0 1.0
0.0 0.19938 0.0 -0.253461 0.0 0.0 0.967346 1.0 1.0 1.0
0.03132 0.17842 0.0228 -0.225165 -0.40591 -0.63502 0.617485 1.0 1.0 1.0
-0.03132 0.17842 0.0228 -0.225165 0.40591 0.63502 0.617485 1.0 1.0 1.0
0.0 0.08174 0.0 -0.283979 0.0 0.0 0.958831 1.0 1.0 1.0
0.0 0.12188 0.0 -0.006631 0.00153 0.002473 0.999974 1.0 1.0 1.0
0.0 0.12188 0.0 -0.006631 -0.00153 -0.002473 0.999974 1.0 1.0 1.0
0.0 0.21801 0.0 -0.037739 0.074743 -0.060505 0.99465 1.0 1.0 1.0
0.0 0.21801 0.0 -0.037738 -0.074743 0.060504 0.99465 1.0 1.0 1.0
0.0 0.15461 0.0 -0.087388 -0.088912 -0.024655 0.991892 1.0 1.0 1.0
0.0 0.15461 0.0 -0.087388 0.088912 0.024655 0.991892 1.0 1.0 1.0
