0.0 -0.09342 0.24424 0.0 0.936053 0.351858 0.0 1.0 1.0 1.0
0.13256 0.0675 0.06473 -0.033319 -0.425642 -0.902467 0.057192 1.0 1.0 1.0
-0.13256 0.0675 0.06473 -0.033315 0.425641 0.902468 0.057195 1.0 1.0 1.0
0.0 0.14486 0.0 -0.314414 0.0 0.0 0.949286 1.0 1.0 1.0
0.0 0.18215 0.0 -0.298688 0.0 0.0 0.954351 1.0 1.0 1.0
0.0 0.13548 0.0 -0.237873 0.013552 -0.063186 0.969144 1.0 1.0 1.0
0.0 0.13548 0.0 -0.23787 -0.013552 0.063185 0.969145 1.0 1.0 1.0
0.01404 0.14058 0.11438 -0.102084 0.305636 -0.512038 0.79623 1.0 1.0 1.0
-0.01404 0.14058 0.11438 -0.102084 -0.305636 0.512038 0.796231 1.0 1.0 1.0
0.0 0.07781 0.0 0.797336 0.006311 -0.00448 0.603487 1.0 1.0 1.0
0.0 0.07781 0.0 0.797334 -0.00631 0.004481 0.603489 1.0 1.0 1.0
0.0 0.19938 0.0 0.288958 0.0 0.0 0.957342 1.0 1.0 1.0
0.03294 0.18631 0.01195 -0.235744 -0.434441 -0.490719 0.717552 1.0 1.0 1.0
-0.03294 0.18631 0.01195 -0.233655 0.436846 0.466143 0.732995 1.0 1.0 1.0
0.0 0.08174 0.0 0.002873 0.0 0.0 0.999996 1.0 1.0 1.0
0.0 0.12188 0.0 0.087708 0.0 0.0 0.996146 1.0 1.0 1.0
0.0 0.12188 0.0 0.087708 0.0 0.0 0.996146 1.0 1.0 1.0
0.0 0.21801 0.0 -0.142014 0.070943 -0.218734 0.962785 1.0 1.0 1.0
0.0 0.21801 0.0 -0.18017 -0.069437 0.27701 0.941266 1.0 1.0 1.0
0.0 0.15461 0.0 -0.087822 -0.048611 0.083127 0.991471 1.0 1.0 1.0
0.0 0.15461 0.0 -0.089235 0.053454 -0.100556 0.989479 1.0 1.0 1.0
