# SQEE Animation Format


################################################################################

SECTION Header

BoneCount 64
PoseCount 5
TotalTime 32

Times 8 3 13 8 0


################################################################################

SECTION Poses


##### Pose: 0 ##############################################

0.0 0.01 0.847 1.0 0.0 0.793353 0.608761 0.0
0.10345 0.03281 0.02718 1.0 0.967975 0.007848 -0.017553 0.250309
-0.10345 0.03281 0.02718 1.0 0.967975 -0.007846 0.017553 0.250309
0.0 0.11713 0.0 1.0 0.215576 0.0 0.0 0.976487
0.0 0.40298 0.0 1.0 0.32594 -0.000386 -0.053395 0.943881
0.0 0.40298 0.0 1.0 0.32594 0.000386 0.053395 0.943881
0.0 0.11353 0.0 1.0 -0.165255 0.000001 0.0 0.986251
0.0 0.40596 0.0 1.0 -0.7045 -0.031773 0.053393 0.70698
0.0 0.40596 0.0 1.0 -0.7045 0.031774 -0.053394 0.706979
0.0 0.14148 0.0 1.0 -0.114778 -0.000001 0.0 0.993391
0.0 0.1733 0.0 1.0 -0.179058 0.005342 0.021538 0.983588
0.0 0.1733 0.0 1.0 -0.179058 -0.005343 -0.021538 0.983588
0.0 0.24687 0.0 1.0 0.093815 0.0 0.0 0.99559
0.05 0.20606 -0.00339 1.0 -0.528919 -0.380009 -0.586868 0.481065
-0.05 0.20606 -0.00339 1.0 -0.528919 0.380009 0.586868 0.481065
0.0 0.11937 0.0 1.0 -0.440122 0.075712 0.017303 0.894573
0.0 0.11937 0.0 1.0 -0.440122 -0.075712 -0.017304 0.894573
0.0 0.09951 0.0 1.0 -0.126431 0.0 0.0 0.991975
0.0 0.1329 0.0 1.0 0.0 0.05358 0.0 0.998564
0.0 0.1329 0.0 1.0 0.0 -0.053581 0.0 0.998564
0.054 0.12356 0.10523 1.0 -0.000163 0.730707 0.682691 0.000152
-0.054 0.12356 0.10523 1.0 0.000163 0.730707 0.682691 -0.000152
0.0 0.1329 0.0 1.0 -0.061742 0.001488 -0.494882 0.866762
0.0 0.1329 0.0 1.0 -0.061742 -0.001488 0.494882 0.866762
-0.03957 0.16679 -0.00162 1.0 0.045378 -0.470755 0.530796 0.703269
0.03957 0.16679 -0.00162 1.0 0.045379 0.470754 -0.530796 0.703269
0.0 0.2624 0.0 1.0 0.026244 -0.144828 0.271384 0.95115
0.0 0.2624 0.0 1.0 0.026243 0.144828 -0.271383 0.95115
0.0 0.13077 0.0 1.0 0.063649 -0.143436 -0.173516 0.972249
0.0 0.13077 0.0 1.0 0.063649 0.143435 0.173515 0.972249
0.00718 0.07562 -0.04315 1.0 -0.020939 -0.012473 0.023005 0.999438
-0.00718 0.07562 -0.04315 1.0 -0.020939 0.012473 -0.023005 0.999438
0.04641 0.1142 -0.0041 1.0 -0.456847 0.113912 -0.1146 0.874747
-0.04641 0.1142 -0.00409 1.0 -0.456851 -0.113908 0.1146 0.874745
0.0198 0.12271 0.00007 1.0 -0.46925 0.030331 -0.02733 0.882121
-0.0198 0.12271 0.00007 1.0 -0.469251 -0.030332 0.02733 0.882121
-0.02942 0.11104 -0.00169 1.0 -0.49447 -0.124062 0.101447 0.854293
0.02942 0.11104 -0.00169 1.0 -0.49447 0.124062 -0.101447 0.854293
-0.00705 0.12057 -0.00087 1.0 -0.461468 -0.024078 0.02697 0.88642
0.00705 0.12057 -0.00087 1.0 -0.46147 0.024081 -0.026969 0.886419
0.03234 0.03392 -0.01127 1.0 0.095514 0.527999 -0.364666 0.760994
-0.03234 0.03392 -0.01127 1.0 0.095513 -0.527999 0.364666 0.760994
0.0 0.13612 0.0 1.0 -0.054659 0.212186 0.135062 0.966306
0.0 0.13612 0.0 1.0 -0.054659 -0.212185 -0.135061 0.966306
0.0 0.03329 0.0 1.0 -0.493059 -0.000004 -0.000002 0.869996
0.0 0.03329 0.0 1.0 -0.493056 0.0 0.0 0.869998
0.0 0.03781 0.0 1.0 -0.493057 -0.000001 0.0 0.869997
0.0 0.03781 0.0 1.0 -0.493057 0.000001 0.0 0.869997
0.0 0.0258 0.0 1.0 -0.463182 0.0 0.0 0.886263
0.0 0.0258 0.0 1.0 -0.463182 0.0 0.0 0.886263
0.0 0.03416 0.0 1.0 -0.493059 -0.000003 -0.000002 0.869996
0.0 0.03416 0.0 1.0 -0.493056 0.0 0.0 0.869997
0.0 0.03794 0.0 1.0 -0.169596 0.031306 0.044558 0.984008
0.0 0.03794 0.0 1.0 -0.169596 -0.031306 -0.044558 0.984008
0.0 0.02674 0.0 1.0 -0.384418 0.000001 0.000001 0.923159
0.0 0.02674 0.0 1.0 -0.384418 -0.000001 -0.000001 0.923159
0.0 0.03015 0.0 1.0 -0.384417 0.000001 0.0 0.92316
0.0 0.03015 0.0 1.0 -0.384417 -0.000001 0.0 0.92316
0.0 0.02184 0.0 1.0 -0.364807 -0.000001 -0.000001 0.931083
0.0 0.02184 0.0 1.0 -0.364807 0.000001 0.0 0.931083
0.0 0.02809 0.0 1.0 -0.384418 0.0 0.0 0.923159
0.0 0.0281 0.0 1.0 -0.384418 0.0 0.0 0.923159
0.0 0.03551 0.0 1.0 -0.104374 -0.002458 0.029913 0.994085
0.0 0.03551 0.0 1.0 -0.104374 0.002458 -0.029913 0.994085


##### Pose: 1 ##############################################

0.0 -0.2 0.847 1.0 0.0 0.866025 0.5 0.0
0.10315 0.05923 0.06752 1.0 0.87917 0.005991 -0.00962 0.476374
-0.10315 0.05923 0.06752 1.0 0.87917 -0.00599 0.00962 0.476374
0.0 0.11713 0.0 1.0 0.215576 0.0 0.0 0.976487
0.0 0.40298 0.0 1.0 0.344274 -0.000507 -0.05249 0.937401
0.0 0.40298 0.0 1.0 0.344274 0.000507 0.05249 0.937401
0.0 0.11353 0.0 1.0 -0.165255 0.000001 0.0 0.986251
0.0 0.40596 0.0 1.0 -0.635478 -0.032668 0.048902 0.769876
0.0 0.40596 0.0 1.0 -0.635478 0.032668 -0.048902 0.769876
0.0 0.14148 0.0 1.0 0.300574 -0.000001 0.0 0.953759
0.0 0.1733 0.0 1.0 -0.179058 0.005342 0.021538 0.983588
0.0 0.1733 0.0 1.0 -0.179058 -0.005343 -0.021538 0.983588
0.0 0.24687 0.0 1.0 -0.123894 0.0 0.0 0.992295
0.05 0.20606 -0.00339 1.0 -0.524043 -0.400378 -0.585748 0.471143
-0.05 0.20606 -0.00339 1.0 -0.524043 0.400378 0.585748 0.471143
0.0 0.11937 0.0 1.0 0.540505 -0.017767 -0.343679 0.767739
0.0 0.11937 0.0 1.0 0.540505 0.017767 0.343678 0.767739
0.0 0.09951 0.0 1.0 -0.039494 0.0 0.0 0.99922
0.0 0.1329 0.0 1.0 0.0 -0.164707 0.0 0.986342
0.0 0.1329 0.0 1.0 0.0 0.164708 0.0 0.986342
0.054 0.12356 0.10523 1.0 -0.000163 0.730707 0.682691 0.000152
-0.054 0.12356 0.10523 1.0 0.000163 0.730707 0.682691 -0.000152
0.0 0.1329 0.0 1.0 0.03824 -0.000408 -0.48741 0.872335
0.0 0.1329 0.0 1.0 0.03824 0.000408 0.48741 0.872336
-0.03957 0.16679 -0.00162 1.0 -0.438984 -0.549142 0.510339 0.495268
0.03957 0.16679 -0.00162 1.0 -0.438983 0.549142 -0.51034 0.495268
0.0 0.2624 0.0 1.0 0.668767 0.077363 0.225681 0.704155
0.0 0.2624 0.0 1.0 0.668767 -0.077363 -0.225681 0.704155
0.0 0.13077 0.0 1.0 -0.260241 -0.006163 0.02801 0.965118
0.0 0.13077 0.0 1.0 -0.260241 0.006163 -0.02801 0.965118
0.00718 0.07562 -0.04315 1.0 -0.020939 -0.012473 0.023005 0.999438
-0.00718 0.07562 -0.04315 1.0 -0.020939 0.012473 -0.023005 0.999438
0.04641 0.1142 -0.0041 1.0 -0.204134 0.119044 -0.170366 0.956626
-0.04641 0.1142 -0.00409 1.0 -0.204196 -0.11904 0.170355 0.956615
0.0198 0.12271 0.00007 1.0 -0.218046 0.028183 -0.037696 0.974803
-0.0198 0.12271 0.00007 1.0 -0.218046 -0.028183 0.037696 0.974803
-0.02942 0.11104 -0.00169 1.0 -0.253481 -0.123201 0.15182 0.947375
0.02942 0.11104 -0.00169 1.0 -0.253489 0.123201 -0.151819 0.947373
-0.00705 0.12057 -0.00087 1.0 -0.202766 -0.025162 0.037353 0.978191
0.00705 0.12057 -0.00087 1.0 -0.202768 0.025164 -0.037353 0.978191
0.03234 0.03392 -0.01127 1.0 0.098112 0.517672 -0.381191 0.75966
-0.03234 0.03392 -0.01127 1.0 0.098115 -0.51766 0.381211 0.759658
0.0 0.13612 0.0 1.0 0.060038 0.000707 0.016037 0.998067
0.0 0.13612 0.0 1.0 0.060038 -0.000707 -0.016037 0.998067
0.0 0.03329 0.0 1.0 -0.211691 -0.000004 -0.000001 0.977337
0.0 0.03329 0.0 1.0 -0.211688 0.0 0.0 0.977337
0.0 0.03781 0.0 1.0 -0.211689 -0.000001 0.0 0.977337
0.0 0.03781 0.0 1.0 -0.211689 0.000001 0.0 0.977337
0.0 0.0258 0.0 1.0 -0.200541 0.0 0.0 0.979685
0.0 0.0258 0.0 1.0 -0.200211 0.0 0.0 0.979753
0.0 0.03416 0.0 1.0 -0.211691 -0.000003 -0.000001 0.977337
0.0 0.03416 0.0 1.0 -0.211688 0.000001 0.0 0.977337
0.0 0.03794 0.0 1.0 -0.155787 0.026005 0.038257 0.986707
0.0 0.03794 0.0 1.0 -0.155783 -0.026004 -0.038256 0.986708
0.0 0.02674 0.0 1.0 -0.160466 0.000001 0.000001 0.987041
0.0 0.02674 0.0 1.0 -0.159728 -0.000001 -0.000001 0.987161
0.0 0.03015 0.0 1.0 -0.160466 0.000001 0.0 0.987042
0.0 0.03015 0.0 1.0 -0.159727 -0.000001 0.0 0.987161
0.0 0.02184 0.0 1.0 -0.153471 -0.000001 0.0 0.988153
0.0 0.02184 0.0 1.0 -0.153506 0.000001 0.0 0.988148
0.0 0.0281 0.0 1.0 -0.160467 0.0 0.0 0.987041
0.0 0.02809 0.0 1.0 -0.159728 0.0 0.0 0.987161
0.0 0.03551 0.0 1.0 -0.091791 -0.002931 0.029253 0.995344
0.0 0.03551 0.0 1.0 -0.091791 0.00293 -0.029253 0.995344


##### Pose: 2 ##############################################

0.0 -0.19375 0.8495 1.0 0.0 0.863288 0.504711 0.0
0.10315 0.05791 0.06636 1.0 0.885152 0.006408 -0.010048 0.46515
-0.10315 0.05791 0.06636 1.0 0.885152 -0.006407 0.010047 0.46515
0.0 0.11713 0.0 1.0 0.210253 0.0 0.0 0.977647
0.0 0.40298 0.0 1.0 0.33645 -0.000504 -0.051417 0.940297
0.0 0.40298 0.0 1.0 0.33645 0.000504 0.051417 0.940296
0.0 0.11353 0.0 1.0 -0.162568 0.000001 0.0 0.986697
0.0 0.40596 0.0 1.0 -0.634684 -0.032502 0.048329 0.770574
0.0 0.40596 0.0 1.0 -0.634684 0.032502 -0.048329 0.770574
0.0 0.14148 0.0 1.0 0.286462 -0.000001 0.0 0.958092
0.0 0.1733 0.0 1.0 -0.179058 0.005342 0.021538 0.983588
0.0 0.1733 0.0 1.0 -0.179058 -0.005343 -0.021538 0.983588
0.0 0.24687 0.0 1.0 -0.115186 0.0 0.0 0.993344
0.05 0.20606 -0.00339 1.0 -0.527497 -0.396511 -0.585358 0.471043
-0.05 0.20606 -0.00339 1.0 -0.527497 0.396511 0.585358 0.471043
0.0 0.11937 0.0 1.0 0.493722 -0.027157 -0.323893 0.806594
0.0 0.11937 0.0 1.0 0.493722 0.027158 0.323893 0.806594
0.0 0.09951 0.0 1.0 -0.039494 0.0 0.0 0.99922
0.0 0.1329 0.0 1.0 0.0 -0.151192 0.0 0.988504
0.0 0.1329 0.0 1.0 0.0 0.151193 0.0 0.988504
0.054 0.12356 0.10523 1.0 -0.000163 0.730707 0.682691 0.000152
-0.054 0.12356 0.10523 1.0 0.000163 0.730707 0.682691 -0.000152
0.0 0.1329 0.0 1.0 0.033638 -0.001128 -0.545881 0.837187
0.0 0.1329 0.0 1.0 0.033638 0.001128 0.545881 0.837187
-0.03957 0.16679 -0.00162 1.0 -0.363218 -0.553728 0.513762 0.545442
0.03957 0.16679 -0.00162 1.0 -0.363218 0.553728 -0.513763 0.545441
0.0 0.2624 0.0 1.0 0.641352 0.096034 0.255022 0.717223
0.0 0.2624 0.0 1.0 0.641352 -0.096033 -0.255021 0.717223
0.0 0.13077 0.0 1.0 -0.206977 -0.012094 -0.009301 0.978227
0.0 0.13077 0.0 1.0 -0.206977 0.012094 0.009301 0.978227
0.00718 0.07562 -0.04315 1.0 -0.020939 -0.012473 0.023005 0.999438
-0.00718 0.07562 -0.04315 1.0 -0.020939 0.012473 -0.023005 0.999438
0.04642 0.1142 -0.0041 1.0 -0.204134 0.119044 -0.170366 0.956626
-0.04641 0.1142 -0.00409 1.0 -0.204196 -0.11904 0.170355 0.956615
0.0198 0.12271 0.00007 1.0 -0.218046 0.028183 -0.037696 0.974803
-0.0198 0.12271 0.00007 1.0 -0.218046 -0.028183 0.037696 0.974803
-0.02942 0.11104 -0.00169 1.0 -0.253481 -0.123201 0.15182 0.947375
0.02942 0.11104 -0.00169 1.0 -0.253489 0.123201 -0.151819 0.947373
-0.00705 0.12057 -0.00087 1.0 -0.202766 -0.025162 0.037353 0.978191
0.00705 0.12057 -0.00087 1.0 -0.202768 0.025164 -0.037353 0.978191
0.03234 0.03392 -0.01127 1.0 0.098112 0.517672 -0.381191 0.75966
-0.03234 0.03392 -0.01127 1.0 0.098115 -0.51766 0.381211 0.759658
0.0 0.13612 0.0 1.0 -0.025249 0.053946 0.027922 0.997834
0.0 0.13612 0.0 1.0 -0.025249 -0.053946 -0.027922 0.997834
0.0 0.03329 0.0 1.0 -0.211691 -0.000004 -0.000001 0.977337
0.0 0.03329 0.0 1.0 -0.211688 0.0 0.0 0.977337
0.0 0.03781 0.0 1.0 -0.211689 -0.000001 0.0 0.977337
0.0 0.03781 0.0 1.0 -0.211689 0.000001 0.0 0.977337
0.0 0.0258 0.0 1.0 -0.200541 0.0 0.0 0.979685
0.0 0.0258 0.0 1.0 -0.200211 0.0 0.0 0.979753
0.0 0.03416 0.0 1.0 -0.211691 -0.000003 -0.000001 0.977337
0.0 0.03416 0.0 1.0 -0.211688 0.000001 0.0 0.977337
0.0 0.03794 0.0 1.0 -0.155787 0.026005 0.038258 0.986707
0.0 0.03794 0.0 1.0 -0.155783 -0.026004 -0.038256 0.986708
0.0 0.02674 0.0 1.0 -0.160466 0.000001 0.000001 0.987041
0.0 0.02674 0.0 1.0 -0.159728 -0.000001 -0.000001 0.987161
0.0 0.03015 0.0 1.0 -0.160466 0.000001 0.0 0.987042
0.0 0.03015 0.0 1.0 -0.159727 -0.000001 0.0 0.987161
0.0 0.02184 0.0 1.0 -0.153471 -0.000001 0.0 0.988153
0.0 0.02184 0.0 1.0 -0.153506 0.000001 0.0 0.988148
0.0 0.0281 0.0 1.0 -0.160467 0.0 0.0 0.987041
0.0 0.02809 0.0 1.0 -0.159728 0.0 0.0 0.987161
0.0 0.03551 0.0 1.0 -0.091791 -0.002931 0.029253 0.995344
0.0 0.03551 0.0 1.0 -0.091791 0.00293 -0.029253 0.995344


##### Pose: 3 ##############################################

0.0 -0.1 0.887 1.0 0.0 0.819152 0.573576 0.0
0.10304 0.04125 0.04664 1.0 0.964754 0.017715 -0.017255 0.26199
-0.10304 0.04125 0.04664 1.0 0.964754 -0.017714 0.017254 0.261991
0.0 0.11713 0.0 1.0 0.129649 0.0 0.0 0.99156
0.0 0.40298 0.0 1.0 0.157188 -0.000459 -0.024947 0.987253
0.0 0.40298 0.0 1.0 0.157189 0.000459 0.024947 0.987253
0.0 0.11353 0.0 1.0 -0.122118 0.000001 0.0 0.992516
0.0 0.40596 0.0 1.0 -0.596895 -0.027586 0.035019 0.80108
0.0 0.40596 0.0 1.0 -0.596896 0.027587 -0.035019 0.801079
0.0 0.14148 0.0 1.0 0.067203 -0.000002 0.0 0.997739
0.0 0.1733 0.0 1.0 -0.179058 0.005342 0.021538 0.983588
0.0 0.1733 0.0 1.0 -0.179058 -0.005343 -0.021538 0.983588
0.0 0.24687 0.0 1.0 0.016509 0.0 0.0 0.999864
0.05 0.20606 -0.00339 1.0 -0.524852 -0.394264 -0.591833 0.467782
-0.05 0.20606 -0.00339 1.0 -0.524852 0.394264 0.591833 0.467782
0.0 0.11937 0.0 1.0 0.131908 -0.000022 -0.139793 0.981355
0.0 0.11937 0.0 1.0 0.131908 0.000022 0.139794 0.981355
0.0 0.09951 0.0 1.0 -0.039494 0.0 0.0 0.99922
0.0 0.1329 0.0 1.0 0.0 -0.007956 0.0 0.999968
0.0 0.1329 0.0 1.0 0.0 0.007956 0.0 0.999968
0.054 0.12356 0.10523 1.0 -0.000163 0.730707 0.682691 0.000152
-0.054 0.12356 0.10523 1.0 0.000163 0.730707 0.682691 -0.000152
0.0 0.1329 0.0 1.0 0.000049 0.005366 -0.072085 0.997384
0.0 0.1329 0.0 1.0 0.000049 -0.005366 0.072083 0.997384
-0.03957 0.16679 -0.00162 1.0 -0.421693 -0.590432 0.444537 0.52531
0.03957 0.16679 -0.00162 1.0 -0.421693 0.590433 -0.444538 0.52531
0.0 0.2624 0.0 1.0 -0.045482 0.380546 0.14218 0.912634
0.0 0.2624 0.0 1.0 -0.045482 -0.380546 -0.142178 0.912635
0.0 0.13077 0.0 1.0 -0.243102 0.100436 0.001562 0.964786
0.0 0.13077 0.0 1.0 -0.243102 -0.100436 -0.001562 0.964786
0.00718 0.07562 -0.04315 1.0 -0.020939 -0.012473 0.023005 0.999438
-0.00718 0.07562 -0.04315 1.0 -0.020939 0.012473 -0.023005 0.999438
0.04641 0.1142 -0.0041 1.0 -0.204134 0.119044 -0.170366 0.956626
-0.04641 0.1142 -0.00409 1.0 -0.204196 -0.11904 0.170355 0.956615
0.0198 0.12271 0.00007 1.0 -0.218046 0.028183 -0.037696 0.974803
-0.0198 0.12271 0.00007 1.0 -0.218046 -0.028183 0.037696 0.974803
-0.02942 0.11104 -0.00169 1.0 -0.253481 -0.123201 0.15182 0.947375
0.02942 0.11104 -0.00169 1.0 -0.253489 0.123201 -0.151819 0.947373
-0.00705 0.12057 -0.00087 1.0 -0.202766 -0.025162 0.037353 0.978191
0.00705 0.12057 -0.00087 1.0 -0.202768 0.025164 -0.037353 0.978191
0.03234 0.03392 -0.01127 1.0 0.098112 0.517672 -0.381191 0.75966
-0.03234 0.03392 -0.01127 1.0 0.098115 -0.51766 0.381211 0.759658
0.0 0.13612 0.0 1.0 -0.355296 0.116027 -0.031742 0.926982
0.0 0.13612 0.0 1.0 -0.355296 -0.116027 0.031742 0.926982
0.0 0.03329 0.0 1.0 -0.211691 -0.000004 -0.000001 0.977337
0.0 0.03329 0.0 1.0 -0.211688 0.0 0.0 0.977337
0.0 0.03781 0.0 1.0 -0.211689 -0.000001 0.0 0.977337
0.0 0.03781 0.0 1.0 -0.211689 0.000001 0.0 0.977337
0.0 0.0258 0.0 1.0 -0.200541 0.0 0.0 0.979685
0.0 0.0258 0.0 1.0 -0.200211 0.0 0.0 0.979753
0.0 0.03416 0.0 1.0 -0.211691 -0.000003 -0.000001 0.977337
0.0 0.03416 0.0 1.0 -0.211688 0.000001 0.0 0.977337
0.0 0.03794 0.0 1.0 -0.155787 0.026005 0.038257 0.986707
0.0 0.03794 0.0 1.0 -0.155783 -0.026004 -0.038256 0.986708
0.0 0.02674 0.0 1.0 -0.160466 0.000001 0.000001 0.987041
0.0 0.02674 0.0 1.0 -0.159728 -0.000001 -0.000001 0.987161
0.0 0.03015 0.0 1.0 -0.160466 0.000001 0.0 0.987042
0.0 0.03015 0.0 1.0 -0.159727 -0.000001 0.0 0.987161
0.0 0.02184 0.0 1.0 -0.153471 -0.000001 0.0 0.988153
0.0 0.02184 0.0 1.0 -0.153506 0.000001 0.0 0.988148
0.0 0.0281 0.0 1.0 -0.160467 0.0 0.0 0.987041
0.0 0.0281 0.0 1.0 -0.159728 0.0 0.0 0.987161
0.0 0.03551 0.0 1.0 -0.091791 -0.002931 0.029253 0.995344
0.0 0.03551 0.0 1.0 -0.091791 0.00293 -0.029253 0.995344


##### Pose: 4 ##############################################

0.0 -0.01 0.882 1.0 0.0 0.707107 0.707107 0.0
0.10411 0.02982 0.00943 1.0 0.998172 0.027249 -0.011262 0.052759
-0.10411 0.02982 0.00943 1.0 0.998172 -0.027241 0.011262 0.052761
0.0 0.11713 0.0 1.0 0.103649 0.0 0.0 0.994614
0.0 0.40298 0.0 1.0 0.133932 -0.000378 -0.022347 0.990738
0.0 0.40298 0.0 1.0 0.133933 0.000377 0.022347 0.990738
0.0 0.11353 0.0 1.0 -0.122118 0.000001 0.0 0.992516
0.0 0.40596 0.0 1.0 -0.605396 -0.071556 0.017038 0.792518
0.0 0.40596 0.0 1.0 -0.605396 0.071557 -0.017038 0.792518
0.0 0.14148 0.0 1.0 -0.053932 -0.000001 0.0 0.998545
0.0 0.1733 0.0 1.0 -0.179058 0.005342 0.021538 0.983588
0.0 0.1733 0.0 1.0 -0.179058 -0.005343 -0.021538 0.983588
0.0 0.24687 0.0 1.0 0.154416 0.0 0.0 0.988006
0.05 0.20606 -0.00339 1.0 -0.546052 -0.322049 -0.630769 0.447483
-0.05 0.20606 -0.00339 1.0 -0.546052 0.322049 0.630769 0.447483
0.0 0.11937 0.0 1.0 -0.422075 0.043928 0.082207 0.901757
0.0 0.11937 0.0 1.0 -0.422075 -0.043928 -0.082207 0.901757
0.0 0.09951 0.0 1.0 -0.048212 0.0 0.0 0.998837
0.0 0.1329 0.0 1.0 0.0 0.026045 0.0 0.999661
0.0 0.1329 0.0 1.0 0.0 -0.026045 0.0 0.999661
0.054 0.12356 0.10523 1.0 -0.000163 0.730707 0.682691 0.000152
-0.054 0.12356 0.10523 1.0 0.000163 0.730707 0.682691 -0.000152
0.0 0.1329 0.0 1.0 -0.064486 0.004428 -0.268924 0.96099
0.0 0.1329 0.0 1.0 -0.064487 -0.004428 0.268924 0.96099
-0.03957 0.16679 -0.00162 1.0 0.142105 -0.604417 0.285538 0.730037
0.03957 0.16679 -0.00162 1.0 0.142106 0.604417 -0.285538 0.730037
0.0 0.2624 0.0 1.0 0.003612 -0.031556 0.12238 0.991975
0.0 0.2624 0.0 1.0 0.003612 0.031557 -0.12238 0.991975
0.0 0.13077 0.0 1.0 -0.04751 0.087077 0.024633 0.994763
0.0 0.13077 0.0 1.0 -0.04751 -0.087077 -0.024633 0.994763
0.00718 0.07562 -0.04315 1.0 -0.020939 -0.012473 0.023005 0.999438
-0.00718 0.07562 -0.04315 1.0 -0.020939 0.012473 -0.023005 0.999438
0.04641 0.1142 -0.0041 1.0 -0.069963 0.118305 -0.193917 0.971342
-0.04641 0.1142 -0.00409 1.0 -0.069967 -0.118302 0.193917 0.971342
0.0198 0.12271 0.00007 1.0 -0.084441 0.026319 -0.04193 0.995198
-0.0198 0.12271 0.00007 1.0 -0.084441 -0.026319 0.04193 0.995198
-0.02942 0.11104 -0.00169 1.0 -0.124381 -0.119509 0.173396 0.969629
0.02942 0.11104 -0.00169 1.0 -0.124381 0.119509 -0.173396 0.969629
-0.00705 0.12057 -0.00087 1.0 -0.065424 -0.024988 0.041556 0.996679
0.00705 0.12057 -0.00087 1.0 -0.065427 0.024991 -0.041556 0.996678
0.03234 0.03392 -0.01127 1.0 0.110514 0.463106 -0.46147 0.748575
-0.03234 0.03392 -0.01127 1.0 0.110514 -0.463106 0.46147 0.748575
0.0 0.13612 0.0 1.0 -0.054525 0.085912 0.011305 0.994745
0.0 0.13612 0.0 1.0 -0.054525 -0.085912 -0.011305 0.994745
0.0 0.03329 0.0 1.0 -0.061051 -0.000004 -0.000001 0.998135
0.0 0.03329 0.0 1.0 -0.061048 0.0 0.0 0.998135
0.0 0.03781 0.0 1.0 -0.061049 -0.000001 0.0 0.998135
0.0 0.03781 0.0 1.0 -0.061049 0.000001 0.0 0.998135
0.0 0.0258 0.0 1.0 -0.06105 0.0 0.0 0.998135
0.0 0.0258 0.0 1.0 -0.06105 0.0 0.0 0.998135
0.0 0.03416 0.0 1.0 -0.061052 -0.000003 0.0 0.998135
0.0 0.03416 0.0 1.0 -0.061049 0.000001 0.0 0.998135
0.0 0.03794 0.0 1.0 -0.086195 -0.000574 0.006638 0.996256
0.0 0.03794 0.0 1.0 -0.086195 0.000575 -0.006638 0.996256
0.0 0.02674 0.0 1.0 -0.043619 0.000001 0.000001 0.999048
0.0 0.02674 0.0 1.0 -0.043619 -0.000001 -0.000001 0.999048
0.0 0.03015 0.0 1.0 -0.043618 0.000001 0.0 0.999048
0.0 0.03015 0.0 1.0 -0.043618 -0.000001 0.0 0.999048
0.0 0.02184 0.0 1.0 -0.04362 -0.000001 0.0 0.999048
0.0 0.02184 0.0 1.0 -0.04362 0.000001 0.0 0.999048
0.0 0.02809 0.0 1.0 -0.043619 0.0 0.0 0.999048
0.0 0.02809 0.0 1.0 -0.04362 0.0 0.0 0.999048
0.0 0.03551 0.0 1.0 -0.028693 -0.005283 0.025885 0.999239
0.0 0.03551 0.0 1.0 -0.028693 0.005283 -0.025885 0.999239