# SQEE Animation Format


################################################################################

SECTION Header

BoneCount 65
PoseCount 11
TotalTime 36

Times 4 4 4 4 4 4 4 2 2 4 0


################################################################################

SECTION Poses


##### Pose: 0 ##############################################

0.0 0.0 0.0 1.0 0.0 0.707107 0.707107 0.0
0.0 0.732 -0.01 1.0 -0.043619 0.0 0.0 0.999048
0.10594 0.03348 -0.0182 1.0 0.955304 0.033021 -0.093317 0.278561
-0.10594 0.03348 -0.0182 1.0 0.955304 -0.03302 0.093318 0.278561
0.0 0.11713 0.0 1.0 0.120992 0.0 0.0 0.992654
0.0 0.40298 0.0 1.0 0.582426 -0.000394 -0.091317 0.807738
0.0 0.40298 0.0 1.0 0.582426 0.000394 0.091317 0.807738
0.0 0.11353 0.0 1.0 -0.070006 0.000001 0.0 0.997547
0.0 0.40596 0.0 1.0 -0.76362 0.009166 0.094256 0.638683
0.0 0.40596 0.0 1.0 -0.76362 -0.009165 -0.094256 0.638683
0.0 0.14148 0.0 1.0 0.015855 -0.000001 0.0 0.999874
0.0 0.1733 0.0 1.0 -0.179058 0.005342 0.021538 0.983588
0.0 0.1733 0.0 1.0 -0.179058 -0.005343 -0.021538 0.983588
0.0 0.24687 0.0 1.0 0.205912 0.0 0.0 0.97857
0.05 0.20606 -0.00339 1.0 -0.57837 -0.371388 -0.623782 0.372096
-0.05 0.20606 -0.00339 1.0 -0.57837 0.371388 0.623782 0.372096
0.0 0.11937 0.0 1.0 -0.046791 0.043779 -0.497476 0.865108
0.0 0.11937 0.0 1.0 -0.046792 -0.043779 0.497474 0.865109
0.0 0.09951 0.0 1.0 0.012856 0.0 0.0 0.999917
0.0 0.1329 0.0 1.0 0.0 -0.311731 0.0 0.950171
0.0 0.1329 0.0 1.0 0.0 0.31173 0.0 0.950171
0.054 0.12356 0.10523 1.0 -0.000163 0.730707 0.682691 0.000152
-0.054 0.12356 0.10523 1.0 0.000163 0.730707 0.682691 -0.000152
0.0 0.1329 0.0 1.0 -0.05753 -0.002211 -0.734541 0.676118
0.0 0.1329 0.0 1.0 -0.05753 0.002211 0.734541 0.676118
-0.03957 0.16679 -0.00162 1.0 -0.321946 -0.28416 0.775363 0.463051
0.03957 0.16679 -0.00162 1.0 -0.321945 0.28416 -0.775364 0.46305
0.0 0.2624 0.0 1.0 0.016697 -0.664932 -0.041991 0.745536
0.0 0.2624 0.0 1.0 0.016696 0.664932 0.041992 0.745536
0.0 0.13077 0.0 1.0 0.011115 0.111904 0.209319 0.97136
0.0 0.13077 0.0 1.0 0.011115 -0.111905 -0.209319 0.97136
0.00718 0.07562 -0.04315 1.0 -0.020939 -0.012473 0.023005 0.999438
-0.00718 0.07562 -0.04315 1.0 -0.020939 0.012473 -0.023005 0.999438
0.03979 0.11633 -0.003 1.0 -0.693809 0.098743 -0.044199 0.711987
-0.03979 0.11633 -0.003 1.0 -0.693812 -0.09874 0.0442 0.711984
0.01699 0.12287 0.00015 1.0 -0.704997 0.030186 -0.013765 0.708434
-0.01699 0.12287 0.00015 1.0 -0.704997 -0.030186 0.013765 0.708434
-0.02507 0.11212 -0.00149 1.0 -0.718373 -0.115172 0.038415 0.684981
0.02507 0.11212 -0.00149 1.0 -0.718373 0.115172 -0.038415 0.684981
-0.00485 0.12068 -0.00081 1.0 -0.704084 -0.020816 0.013304 0.709686
0.00485 0.12068 -0.00081 1.0 -0.704086 0.020818 -0.013302 0.709685
0.03234 0.03392 -0.01127 1.0 0.083697 0.570801 -0.290637 0.763355
-0.03234 0.03392 -0.01127 1.0 0.083697 -0.570801 0.290637 0.763355
0.0 0.13612 0.0 1.0 -0.063376 0.090307 0.164863 0.980127
0.0 0.13612 0.0 1.0 -0.063376 -0.090307 -0.164862 0.980127
0.0 0.03329 0.0 1.0 -0.748958 -0.000003 -0.000003 0.662618
0.0 0.03329 0.0 1.0 -0.748956 0.0 0.0 0.66262
0.0 0.03781 0.0 1.0 -0.748956 -0.000001 -0.000001 0.662619
0.0 0.03781 0.0 1.0 -0.748956 0.000001 0.000001 0.662619
0.0 0.0258 0.0 1.0 -0.711223 0.0 0.0 0.702967
0.0 0.0258 0.0 1.0 -0.711223 0.0 0.0 0.702967
0.0 0.03416 0.0 1.0 -0.748958 -0.000002 -0.000002 0.662618
0.0 0.03416 0.0 1.0 -0.748956 0.0 0.0 0.66262
0.0 0.03794 0.0 1.0 -0.229381 0.054361 0.071936 0.969151
0.0 0.03794 0.0 1.0 -0.229382 -0.054361 -0.071936 0.969151
0.0 0.02674 0.0 1.0 -0.61176 0.0 0.000001 0.791043
0.0 0.02674 0.0 1.0 -0.61176 0.0 -0.000001 0.791043
0.0 0.03015 0.0 1.0 -0.611759 0.000001 0.000001 0.791044
0.0 0.03015 0.0 1.0 -0.61176 -0.000001 -0.000001 0.791044
0.0 0.02184 0.0 1.0 -0.575438 0.0 -0.000001 0.817845
0.0 0.02184 0.0 1.0 -0.575438 0.0 0.000001 0.817845
0.0 0.0281 0.0 1.0 -0.611761 0.0 0.0 0.791043
0.0 0.02809 0.0 1.0 -0.611761 0.0 0.0 0.791043
0.0 0.03551 0.0 1.0 -0.159114 -0.000392 0.032737 0.986717
0.0 0.03551 0.0 1.0 -0.159114 0.000392 -0.032737 0.986717


##### Pose: 1 ##############################################

0.0 0.0 0.0 1.0 0.0 0.707107 0.707107 0.0
0.03456 0.66196 -0.10442 1.0 -0.042799 0.192818 0.008419 0.980265
0.11584 0.04629 0.01062 1.0 0.958695 0.000288 0.152045 0.240386
-0.10161 0.04548 -0.0556 1.0 0.871899 -0.174528 0.260072 0.376425
0.0 0.11713 0.0 1.0 0.120992 0.0 0.0 0.992654
0.0 0.40298 0.0 1.0 0.765572 -0.000563 -0.100078 0.635519
0.0 0.40298 0.0 1.0 0.665768 0.001118 0.038016 0.745189
0.0 0.11353 0.0 1.0 -0.070006 0.000001 0.0 0.997547
0.0 0.40596 0.0 1.0 -0.874355 -0.140175 0.090593 0.455683
0.0 0.40596 0.0 1.0 -0.74536 -0.041232 -0.081733 0.660347
0.0 0.14148 0.0 1.0 0.015855 -0.000001 0.0 0.999874
0.0 0.1733 0.0 1.0 -0.179058 0.005342 0.021538 0.983588
0.0 0.1733 0.0 1.0 -0.179058 -0.005343 -0.021538 0.983588
0.0 0.24687 0.0 1.0 0.115427 0.172329 -0.040102 0.977431
0.05 0.20606 -0.00339 1.0 -0.584644 -0.364199 -0.619867 0.37592
-0.05 0.20606 -0.00339 1.0 -0.578352 0.37624 0.62131 0.371384
0.0 0.11937 0.0 1.0 -0.093071 0.052165 -0.277323 0.954834
0.0 0.11937 0.0 1.0 0.029579 -0.018319 0.328457 0.943878
0.0 0.09951 0.0 1.0 -0.025399 0.133976 -0.064314 0.988569
0.0 0.1329 0.0 1.0 0.0 -0.397961 0.0 0.917402
0.0 0.1329 0.0 1.0 0.0 0.414517 0.0 0.910042
0.054 0.12356 0.10523 1.0 -0.000163 0.730707 0.682691 0.000152
-0.054 0.12356 0.10523 1.0 0.000163 0.730707 0.682691 -0.000152
0.0 0.1329 0.0 1.0 -0.041298 -0.000976 -0.63757 0.769284
0.0 0.1329 0.0 1.0 -0.036113 -0.001977 0.420507 0.906568
-0.03957 0.16679 -0.00162 1.0 -0.321946 -0.28416 0.775363 0.463051
0.03957 0.16679 -0.00162 1.0 -0.321945 0.28416 -0.775364 0.46305
0.0 0.2624 0.0 1.0 -0.364023 -0.830033 0.218527 0.361632
0.0 0.2624 0.0 1.0 0.142296 0.555174 0.294791 0.764613
0.0 0.13077 0.0 1.0 0.011115 0.111904 0.209319 0.97136
0.0 0.13077 0.0 1.0 0.011115 -0.111905 -0.209319 0.97136
0.00718 0.07562 -0.04315 1.0 -0.020939 -0.012473 0.023005 0.999438
-0.00718 0.07562 -0.04315 1.0 -0.020939 0.012473 -0.023005 0.999438
0.03979 0.11633 -0.003 1.0 -0.693809 0.098743 -0.044199 0.711987
-0.03979 0.11633 -0.003 1.0 -0.693812 -0.09874 0.0442 0.711984
0.01699 0.12287 0.00015 1.0 -0.704997 0.030186 -0.013765 0.708434
-0.01699 0.12287 0.00015 1.0 -0.704997 -0.030186 0.013765 0.708434
-0.02507 0.11212 -0.00149 1.0 -0.718373 -0.115172 0.038415 0.684982
0.02507 0.11212 -0.00149 1.0 -0.718373 0.115172 -0.038415 0.684981
-0.00485 0.12068 -0.00081 1.0 -0.704084 -0.020816 0.013304 0.709686
0.00485 0.12068 -0.00081 1.0 -0.704086 0.020818 -0.013302 0.709684
0.03234 0.03392 -0.01127 1.0 0.083697 0.570801 -0.290637 0.763355
-0.03234 0.03392 -0.01127 1.0 0.083697 -0.570801 0.290637 0.763355
0.0 0.13612 0.0 1.0 -0.063376 0.090307 0.164863 0.980127
0.0 0.13612 0.0 1.0 -0.063376 -0.090307 -0.164862 0.980127
0.0 0.03329 0.0 1.0 -0.748958 -0.000003 -0.000003 0.662618
0.0 0.03329 0.0 1.0 -0.748956 0.0 0.0 0.66262
0.0 0.03781 0.0 1.0 -0.748956 -0.000001 -0.000001 0.662619
0.0 0.03781 0.0 1.0 -0.748956 0.000001 0.000001 0.662619
0.0 0.0258 0.0 1.0 -0.711223 0.0 0.0 0.702967
0.0 0.0258 0.0 1.0 -0.711223 0.0 0.0 0.702967
0.0 0.03416 0.0 1.0 -0.748958 -0.000002 -0.000002 0.662618
0.0 0.03416 0.0 1.0 -0.748956 0.0 0.0 0.66262
0.0 0.03794 0.0 1.0 -0.229381 0.054361 0.071936 0.969151
0.0 0.03794 0.0 1.0 -0.229382 -0.054361 -0.071936 0.969151
0.0 0.02674 0.0 1.0 -0.61176 0.0 0.000001 0.791043
0.0 0.02674 0.0 1.0 -0.61176 0.0 -0.000001 0.791043
0.0 0.03015 0.0 1.0 -0.611759 0.000001 0.000001 0.791044
0.0 0.03015 0.0 1.0 -0.61176 -0.000001 0.0 0.791044
0.0 0.02184 0.0 1.0 -0.575438 0.0 -0.000001 0.817845
0.0 0.02184 0.0 1.0 -0.575438 0.0 0.000001 0.817845
0.0 0.02809 0.0 1.0 -0.611761 0.0 0.0 0.791043
0.0 0.0281 0.0 1.0 -0.611761 0.0 0.0 0.791043
0.0 0.03551 0.0 1.0 -0.159114 -0.000392 0.032737 0.986717
0.0 0.03551 0.0 1.0 -0.159114 0.000392 -0.032737 0.986717


##### Pose: 2 ##############################################

0.0 0.0 0.0 1.0 0.0 0.707107 0.707107 0.0
0.03456 0.66196 -0.10442 1.0 -0.038613 0.464735 0.020291 0.884375
0.08726 0.01562 0.02515 1.0 -0.933269 0.123783 -0.335985 0.028301
-0.04979 0.05925 -0.11279 1.0 0.731759 -0.362074 0.515903 0.259374
0.0 0.11713 0.0 1.0 0.120992 0.0 0.0 0.992654
0.0 0.40298 0.0 1.0 0.613209 -0.000417 -0.09399 0.784309
0.0 0.40298 0.0 1.0 0.641685 0.002893 -0.127606 0.756273
0.0 0.11353 0.0 1.0 -0.069973 0.030771 -0.002629 0.997071
0.0 0.40596 0.0 1.0 -0.858368 -0.020238 -0.045537 0.510608
0.0 0.40596 0.0 1.0 -0.725128 -0.11068 0.0001 0.679661
0.0 0.14148 0.0 1.0 0.015767 0.105227 -0.003267 0.994318
0.0 0.1733 0.0 1.0 -0.314904 -0.018014 0.026371 0.948586
0.0 0.1733 0.0 1.0 -0.179058 -0.005343 -0.021538 0.983588
0.0 0.24687 0.0 1.0 0.111888 0.26333 -0.055151 0.956607
0.05 0.20606 -0.00339 1.0 -0.568082 -0.390508 -0.629496 0.358499
-0.05 0.20606 -0.00339 1.0 -0.589508 0.368877 0.625908 0.353057
0.0 0.11937 0.0 1.0 -0.03248 -0.009581 -0.559004 0.828473
0.0 0.11937 0.0 1.0 -0.015483 0.069701 -0.360406 0.930059
0.0 0.09951 0.0 1.0 -0.025399 0.133976 -0.064314 0.988569
0.0 0.1329 0.0 1.0 0.0 -0.380354 0.0 0.924841
0.0 0.1329 0.0 1.0 0.0 0.459165 0.0 0.888351
0.054 0.12356 0.10523 1.0 -0.000163 0.730707 0.682691 0.000152
-0.054 0.12356 0.10523 1.0 0.000163 0.730707 0.682691 -0.000152
0.0 0.1329 0.0 1.0 -0.051209 0.004631 -0.229496 0.97195
0.0 0.1329 0.0 1.0 0.014305 0.000986 0.56332 0.826114
-0.03957 0.16679 -0.00162 1.0 -0.321946 -0.28416 0.775363 0.463051
0.03957 0.16679 -0.00162 1.0 -0.321945 0.28416 -0.775364 0.46305
0.0 0.2624 0.0 1.0 -0.201636 -0.745641 -0.02509 0.634613
0.0 0.2624 0.0 1.0 -0.246234 0.86982 0.205723 0.374779
0.0 0.13077 0.0 1.0 0.011115 0.111904 0.209319 0.97136
0.0 0.13077 0.0 1.0 0.011115 -0.111905 -0.209319 0.97136
0.00718 0.07562 -0.04315 1.0 -0.020939 -0.012473 0.023005 0.999438
-0.00718 0.07562 -0.04315 1.0 -0.020939 0.012473 -0.023005 0.999438
0.03979 0.11633 -0.003 1.0 -0.693809 0.098743 -0.044199 0.711987
-0.03979 0.11633 -0.003 1.0 -0.693812 -0.09874 0.0442 0.711984
0.01699 0.12287 0.00015 1.0 -0.704997 0.030186 -0.013765 0.708434
-0.01699 0.12287 0.00015 1.0 -0.704997 -0.030186 0.013765 0.708434
-0.02507 0.11212 -0.00149 1.0 -0.718373 -0.115172 0.038415 0.684981
0.02507 0.11212 -0.00149 1.0 -0.718373 0.115172 -0.038415 0.684981
-0.00485 0.12068 -0.00081 1.0 -0.704084 -0.020816 0.013304 0.709686
0.00485 0.12068 -0.00081 1.0 -0.704086 0.020818 -0.013302 0.709685
0.03234 0.03392 -0.01127 1.0 0.083697 0.570801 -0.290637 0.763355
-0.03234 0.03392 -0.01127 1.0 0.083697 -0.570801 0.290637 0.763355
0.0 0.13612 0.0 1.0 -0.063376 0.090307 0.164863 0.980127
0.0 0.13612 0.0 1.0 -0.063376 -0.090307 -0.164862 0.980127
0.0 0.03329 0.0 1.0 -0.748958 -0.000003 -0.000003 0.662618
0.0 0.03329 0.0 1.0 -0.748956 0.0 0.0 0.66262
0.0 0.03781 0.0 1.0 -0.748956 -0.000001 -0.000001 0.662619
0.0 0.03781 0.0 1.0 -0.748956 0.000001 0.000001 0.662619
0.0 0.0258 0.0 1.0 -0.711223 0.0 0.0 0.702967
0.0 0.0258 0.0 1.0 -0.711223 0.0 0.0 0.702967
0.0 0.03416 0.0 1.0 -0.748958 -0.000002 -0.000002 0.662618
0.0 0.03416 0.0 1.0 -0.748956 0.0 0.0 0.66262
0.0 0.03794 0.0 1.0 -0.229382 0.054361 0.071936 0.969151
0.0 0.03794 0.0 1.0 -0.229382 -0.054361 -0.071936 0.969151
0.0 0.02674 0.0 1.0 -0.61176 0.0 0.000001 0.791043
0.0 0.02674 0.0 1.0 -0.61176 0.0 -0.000001 0.791043
0.0 0.03015 0.0 1.0 -0.611759 0.000001 0.000001 0.791044
0.0 0.03015 0.0 1.0 -0.61176 -0.000001 -0.000001 0.791044
0.0 0.02184 0.0 1.0 -0.575438 0.0 -0.000001 0.817845
0.0 0.02184 0.0 1.0 -0.575438 0.0 0.000001 0.817845
0.0 0.02809 0.0 1.0 -0.611761 0.0 0.0 0.791043
0.0 0.02809 0.0 1.0 -0.611761 0.0 0.0 0.791043
0.0 0.03551 0.0 1.0 -0.159114 -0.000392 0.032737 0.986717
0.0 0.03551 0.0 1.0 -0.159114 0.000392 -0.032737 0.986717


##### Pose: 3 ##############################################

0.0 -0.17487 0.0 1.0 0.0 0.707107 0.707107 0.0
-0.01749 0.70443 -0.04437 1.0 -0.03168 0.428126 0.018692 0.90297
0.10151 0.02734 0.0136 1.0 0.976255 -0.060554 0.185335 0.094398
-0.08135 0.029 -0.06455 1.0 0.768408 -0.192638 0.427189 0.435832
0.0 0.11713 0.0 1.0 0.119477 0.0 0.0 0.992837
0.0 0.40298 0.0 1.0 0.609569 -0.000274 -0.102706 0.786052
0.0 0.40298 0.0 1.0 0.631683 0.00142 0.011171 0.775145
0.0 0.11353 0.0 1.0 -0.074587 0.028085 -0.0024 0.996816
0.0 0.40596 0.0 1.0 -0.814247 0.121921 0.0281 0.566875
0.0 0.40596 0.0 1.0 -0.659289 -0.177613 -0.011175 0.730525
0.0 0.14148 0.0 1.0 0.008995 0.096092 -0.002984 0.995327
0.0 0.1733 0.0 1.0 -0.314904 -0.018014 0.026371 0.948586
0.0 0.1733 0.0 1.0 -0.179058 -0.005343 -0.021538 0.983588
0.0 0.24687 0.0 1.0 0.115955 0.24103 -0.050481 0.962243
0.05 0.20606 -0.00339 1.0 -0.573773 -0.372977 -0.626058 0.373797
-0.05 0.20606 -0.00339 1.0 -0.584351 0.368184 0.635148 0.345777
0.0 0.11937 0.0 1.0 -0.100342 0.023988 -0.453666 0.88518
0.0 0.11937 0.0 1.0 -0.126526 0.086459 -0.4508 0.879372
0.0 0.09951 0.0 1.0 -0.027418 0.122373 -0.058744 0.990365
0.0 0.1329 0.0 1.0 0.0 -0.347987 0.0 0.937499
0.0 0.1329 0.0 1.0 0.0 0.421653 0.0 0.906757
0.054 0.12356 0.10523 1.0 -0.000163 0.730707 0.682691 0.000152
-0.054 0.12356 0.10523 1.0 0.000163 0.730707 0.682691 -0.000152
0.0 0.1329 0.0 1.0 -0.051235 0.002442 -0.407779 0.911639
0.0 0.1329 0.0 1.0 0.012298 0.002813 0.686649 0.726879
-0.03957 0.16679 -0.00162 1.0 -0.288712 -0.320303 0.751644 0.499081
0.03957 0.16679 -0.00162 1.0 -0.288711 0.320303 -0.751645 0.499081
0.0 0.2624 0.0 1.0 -0.197941 -0.693215 0.049295 0.691261
0.0 0.2624 0.0 1.0 -0.281328 0.862275 0.390842 0.156777
0.0 0.13077 0.0 1.0 0.005999 0.109904 0.19347 0.974913
0.0 0.13077 0.0 1.0 0.005999 -0.109904 -0.19347 0.974913
0.00718 0.07562 -0.04315 1.0 -0.020939 -0.012473 0.023005 0.999438
-0.00718 0.07562 -0.04315 1.0 -0.020939 0.012473 -0.023005 0.999438
0.04037 0.11615 -0.00309 1.0 -0.651849 0.102431 -0.058417 0.749125
-0.04037 0.11615 -0.00309 1.0 -0.651929 -0.102421 0.058393 0.749058
0.01724 0.12285 0.00014 1.0 -0.663245 0.030421 -0.016539 0.747601
-0.01724 0.12285 0.00014 1.0 -0.663244 -0.030421 0.016539 0.747602
-0.02545 0.11202 -0.00151 1.0 -0.678794 -0.117693 0.051148 0.723029
0.02545 0.11202 -0.00151 1.0 -0.678805 0.117692 -0.051145 0.723019
-0.00504 0.12067 -0.00081 1.0 -0.66133 -0.021608 0.016093 0.749611
0.00504 0.12067 -0.00081 1.0 -0.661331 0.021611 -0.016091 0.74961
0.03234 0.03392 -0.01127 1.0 0.086186 0.562321 -0.306083 0.763335
-0.03234 0.03392 -0.01127 1.0 0.086193 -0.562294 0.306132 0.763334
0.0 0.13612 0.0 1.0 -0.062662 0.090009 0.151581 0.982342
0.0 0.13612 0.0 1.0 -0.062662 -0.090009 -0.151581 0.982342
0.0 0.03329 0.0 1.0 -0.705496 -0.000003 -0.000003 0.708714
0.0 0.03329 0.0 1.0 -0.705494 0.0 0.0 0.708716
0.0 0.03781 0.0 1.0 -0.705495 -0.000001 -0.000001 0.708715
0.0 0.03781 0.0 1.0 -0.705495 0.000001 0.000001 0.708715
0.0 0.0258 0.0 1.0 -0.668107 0.0 0.0 0.744066
0.0 0.0258 0.0 1.0 -0.66767 0.0 0.0 0.744457
0.0 0.03416 0.0 1.0 -0.705496 -0.000002 -0.000002 0.708714
0.0 0.03416 0.0 1.0 -0.705494 0.0 0.0 0.708715
0.0 0.03794 0.0 1.0 -0.217109 0.049614 0.066303 0.972628
0.0 0.03794 0.0 1.0 -0.217101 -0.049611 -0.066299 0.972631
0.0 0.02674 0.0 1.0 -0.570479 0.0 0.000001 0.821313
0.0 0.02674 0.0 1.0 -0.569321 0.0 -0.000001 0.822115
0.0 0.03015 0.0 1.0 -0.570478 0.000001 0.000001 0.821313
0.0 0.03015 0.0 1.0 -0.569321 -0.000001 0.0 0.822115
0.0 0.02184 0.0 1.0 -0.535729 0.0 -0.000001 0.84439
0.0 0.02184 0.0 1.0 -0.535783 0.0 0.000001 0.844356
0.0 0.0281 0.0 1.0 -0.570479 0.0 0.0 0.821312
0.0 0.0281 0.0 1.0 -0.569322 0.0 0.0 0.822115
0.0 0.03551 0.0 1.0 -0.147813 -0.000821 0.03216 0.988492
0.0 0.03551 0.0 1.0 -0.147813 0.000821 -0.03216 0.988492


##### Pose: 4 ##############################################

0.0 -0.56498 0.0 1.0 0.0 0.707107 0.707107 0.0
-0.03127 0.73022 0.0254 1.0 -0.026632 0.621232 0.025372 0.782763
0.07881 0.00611 0.00365 1.0 0.935229 -0.142239 -0.04497 0.321079
-0.11475 0.0468 -0.02093 1.0 0.839789 -0.149811 0.242162 0.462243
0.0 0.11713 0.0 1.0 0.119477 0.0 0.0 0.992837
0.0 0.40298 0.0 1.0 0.657117 0.000269 -0.150315 0.738649
0.0 0.40298 0.0 1.0 0.556461 0.000997 0.050766 0.829321
0.0 0.11353 0.0 1.0 -0.074587 0.028085 -0.0024 0.996816
0.0 0.40596 0.0 1.0 -0.609105 0.536875 0.015522 0.583537
0.0 0.40596 0.0 1.0 -0.564065 0.220137 0.086025 0.791183
0.0 0.14148 0.0 1.0 0.008995 0.096092 -0.002984 0.995327
0.0 0.1733 0.0 1.0 -0.314904 -0.018014 0.026371 0.948586
0.0 0.1733 0.0 1.0 -0.179058 -0.005343 -0.021538 0.983588
0.0 0.24687 0.0 1.0 0.115955 0.24103 -0.050481 0.962243
0.05 0.20606 -0.00339 1.0 -0.56831 -0.382818 -0.629248 0.366772
-0.05 0.20606 -0.00339 1.0 -0.587488 0.359754 0.621942 0.372322
0.0 0.11937 0.0 1.0 -0.033583 -0.00443 -0.457666 0.888479
0.0 0.11937 0.0 1.0 -0.163304 0.020489 -0.254149 0.953058
0.0 0.09951 0.0 1.0 -0.027418 0.122373 -0.058744 0.990365
0.0 0.1329 0.0 1.0 0.0 -0.367829 0.0 0.929893
0.0 0.1329 0.0 1.0 0.0 0.406487 0.0 0.913657
0.054 0.12356 0.10523 1.0 -0.000163 0.730707 0.682691 0.000152
-0.054 0.12356 0.10523 1.0 0.000163 0.730707 0.682691 -0.000152
0.0 0.1329 0.0 1.0 -0.041902 0.004711 -0.206736 0.977488
0.0 0.1329 0.0 1.0 -0.010648 0.001182 0.610928 0.791614
-0.03957 0.16679 -0.00162 1.0 -0.288712 -0.320303 0.751644 0.499081
0.03957 0.16679 -0.00162 1.0 -0.11247 0.213036 -0.793257 0.559204
0.0 0.2624 0.0 1.0 -0.336287 -0.664009 -0.022142 0.667467
0.0 0.2624 0.0 1.0 -0.18271 0.827064 -0.08808 0.524237
0.0 0.13077 0.0 1.0 -0.072083 0.126197 -0.052026 0.988014
0.0 0.13077 0.0 1.0 0.183928 0.043498 -0.066791 0.979703
0.00718 0.07562 -0.04315 1.0 -0.020939 -0.012473 0.023005 0.999438
-0.00718 0.07562 -0.04315 1.0 -0.020939 0.012473 -0.023005 0.999438
0.04037 0.11615 -0.00309 1.0 -0.651849 0.102431 -0.058417 0.749125
-0.04037 0.11615 -0.00309 1.0 -0.651929 -0.102421 0.058393 0.749058
0.01724 0.12285 0.00014 1.0 -0.663245 0.030421 -0.016539 0.747601
-0.01724 0.12285 0.00014 1.0 -0.663244 -0.030421 0.016539 0.747601
-0.02545 0.11202 -0.00151 1.0 -0.678794 -0.117693 0.051148 0.723029
0.02545 0.11202 -0.00151 1.0 -0.678805 0.117692 -0.051145 0.723019
-0.00504 0.12067 -0.00081 1.0 -0.66133 -0.021608 0.016093 0.749611
0.00504 0.12067 -0.00081 1.0 -0.661331 0.021611 -0.016091 0.74961
0.03234 0.03392 -0.01127 1.0 0.086186 0.562321 -0.306083 0.763335
-0.03234 0.03392 -0.01127 1.0 0.086193 -0.562294 0.306132 0.763334
0.0 0.13612 0.0 1.0 -0.06928 0.108416 0.057826 0.990001
0.0 0.13612 0.0 1.0 0.041874 0.161428 -0.042843 0.985065
0.0 0.03329 0.0 1.0 -0.705496 -0.000003 -0.000003 0.708714
0.0 0.03329 0.0 1.0 -0.705494 0.0 0.0 0.708716
0.0 0.03781 0.0 1.0 -0.705495 -0.000001 -0.000001 0.708715
0.0 0.03781 0.0 1.0 -0.705495 0.000001 0.000001 0.708715
0.0 0.0258 0.0 1.0 -0.668107 0.0 0.0 0.744066
0.0 0.0258 0.0 1.0 -0.66767 0.0 0.0 0.744457
0.0 0.03416 0.0 1.0 -0.705496 -0.000002 -0.000002 0.708714
0.0 0.03416 0.0 1.0 -0.705494 0.0 0.0 0.708715
0.0 0.03794 0.0 1.0 -0.217109 0.049614 0.066303 0.972628
0.0 0.03794 0.0 1.0 -0.217101 -0.049611 -0.066299 0.972631
0.0 0.02674 0.0 1.0 -0.570479 0.0 0.000001 0.821313
0.0 0.02674 0.0 1.0 -0.569321 0.0 -0.000001 0.822115
0.0 0.03015 0.0 1.0 -0.570478 0.000001 0.000001 0.821313
0.0 0.03015 0.0 1.0 -0.569321 -0.000001 0.0 0.822115
0.0 0.02184 0.0 1.0 -0.535729 0.0 -0.000001 0.84439
0.0 0.02184 0.0 1.0 -0.535783 0.0 0.000001 0.844356
0.0 0.02809 0.0 1.0 -0.570479 0.0 0.0 0.821312
0.0 0.02809 0.0 1.0 -0.569322 0.0 0.0 0.822115
0.0 0.03551 0.0 1.0 -0.147813 -0.000821 0.03216 0.988492
0.0 0.03551 0.0 1.0 -0.147813 0.000821 -0.03216 0.988492


##### Pose: 5 ##############################################

0.0 -1.00414 0.0 1.0 0.0 0.707107 0.707107 0.0
-0.02695 0.7717 0.0205 1.0 -0.004387 0.914147 0.029517 0.404283
0.04981 -0.00733 0.02408 1.0 0.940738 -0.261623 0.137533 0.166283
-0.1017 0.06274 -0.07246 1.0 0.753037 -0.303626 0.413393 0.412132
0.0 0.11713 0.0 1.0 0.115472 -0.086988 0.005226 0.989481
0.0 0.40298 0.0 1.0 0.566304 0.000223 -0.12274 0.815006
0.0 0.40298 0.0 1.0 0.496688 0.002245 -0.022578 0.867632
0.0 0.11353 0.0 1.0 -0.081176 0.024205 -0.002068 0.996404
0.0 0.40596 0.0 1.0 -0.593029 0.511628 -0.053507 0.619427
0.0 0.40596 0.0 1.0 -0.524185 0.006655 -0.006416 0.851555
0.0 0.14148 0.0 1.0 0.000288 0.082861 -0.002573 0.996558
0.0 0.1733 0.0 1.0 -0.296476 -0.014802 0.025733 0.954579
0.0 0.1733 0.0 1.0 -0.179058 -0.005343 -0.021538 0.983588
0.0 0.24687 0.0 1.0 0.121744 0.208396 -0.043646 0.969456
0.05 0.20606 -0.00339 1.0 -0.575262 -0.356531 -0.623912 0.390759
-0.05 0.20606 -0.00339 1.0 -0.610233 0.313645 0.598702 0.413276
0.0 0.11937 0.0 1.0 -0.257109 0.060253 -0.327726 0.907117
0.0 0.11937 0.0 1.0 -0.090871 0.000457 -0.267897 0.959152
0.0 0.09951 0.0 1.0 -0.03033 0.105557 -0.050672 0.992658
0.0 0.1329 0.0 1.0 0.0 -0.294073 0.0 0.955783
0.0 0.1329 0.0 1.0 0.0 0.344331 0.0 0.938848
0.054 0.12356 0.10523 1.0 -0.000163 0.730707 0.682691 0.000152
-0.054 0.12356 0.10523 1.0 0.000163 0.730707 0.682691 -0.000152
0.0 0.1329 0.0 1.0 -0.055307 0.001065 -0.516353 0.854587
0.0 0.1329 0.0 1.0 -0.001616 -0.006096 0.005467 0.999965
-0.03957 0.16679 -0.00162 1.0 -0.23561 -0.372826 0.709249 0.549959
0.03957 0.16679 -0.00162 1.0 -0.235609 0.372827 -0.709249 0.549959
0.0 0.2624 0.0 1.0 -0.448982 -0.506529 0.132684 0.724043
0.0 0.2624 0.0 1.0 -0.643251 0.701536 0.234311 0.197923
0.0 0.13077 0.0 1.0 -0.001413 0.106949 0.17042 0.979549
0.0 0.13077 0.0 1.0 -0.001413 -0.106949 -0.17042 0.979549
0.00718 0.07562 -0.04315 1.0 -0.020939 -0.012473 0.023005 0.999438
-0.00718 0.07562 -0.04315 1.0 -0.020939 0.012473 -0.023005 0.999438
0.04121 0.11588 -0.00323 1.0 -0.584564 0.107333 -0.079448 0.800283
-0.04121 0.11588 -0.00323 1.0 -0.58475 -0.107318 0.079394 0.800154
0.01759 0.12283 0.00013 1.0 -0.596359 0.030587 -0.020609 0.80187
-0.01759 0.12283 0.00013 1.0 -0.596359 -0.030587 0.020609 0.80187
-0.026 0.11189 -0.00153 1.0 -0.615307 -0.120775 0.06996 0.775833
0.026 0.11189 -0.00153 1.0 -0.615334 0.120774 -0.069952 0.775812
-0.00532 0.12066 -0.00082 1.0 -0.59262 -0.022662 0.02019 0.804911
0.00532 0.12066 -0.00082 1.0 -0.59262 0.022665 -0.020189 0.80491
0.03234 0.03392 -0.01127 1.0 0.089741 0.549724 -0.328284 0.762876
-0.03234 0.03392 -0.01127 1.0 0.089757 -0.549665 0.328386 0.762873
0.0 0.13612 0.0 1.0 -0.061609 0.089548 0.132324 0.985229
0.0 0.13612 0.0 1.0 -0.061609 -0.089548 -0.132324 0.985229
0.0 0.03329 0.0 1.0 -0.634005 -0.000003 -0.000003 0.773329
0.0 0.03329 0.0 1.0 -0.634003 0.0 0.0 0.773331
0.0 0.03781 0.0 1.0 -0.634004 -0.000001 -0.000001 0.77333
0.0 0.03781 0.0 1.0 -0.634004 0.000001 0.000001 0.77333
0.0 0.0258 0.0 1.0 -0.598534 0.0 0.0 0.801097
0.0 0.0258 0.0 1.0 -0.597498 0.0 0.0 0.801871
0.0 0.03416 0.0 1.0 -0.634005 -0.000003 -0.000002 0.773329
0.0 0.03416 0.0 1.0 -0.634003 0.0 0.0 0.773331
0.0 0.03794 0.0 1.0 -0.199271 0.042728 0.058126 0.977285
0.0 0.03794 0.0 1.0 -0.199254 -0.042721 -0.058118 0.97729
0.0 0.02674 0.0 1.0 -0.506201 0.0 0.000001 0.862416
0.0 0.02674 0.0 1.0 -0.503563 0.0 -0.000001 0.863958
0.0 0.03015 0.0 1.0 -0.5062 0.000001 0.0 0.862416
0.0 0.03015 0.0 1.0 -0.503562 -0.000001 0.0 0.863959
0.0 0.02184 0.0 1.0 -0.474582 0.0 -0.000001 0.880211
0.0 0.02184 0.0 1.0 -0.474704 0.0 0.0 0.880145
0.0 0.02809 0.0 1.0 -0.506201 0.0 0.0 0.862415
0.0 0.02809 0.0 1.0 -0.503564 0.0 0.0 0.863958
0.0 0.03551 0.0 1.0 -0.131443 -0.001439 0.031319 0.990828
0.0 0.03551 0.0 1.0 -0.131443 0.001439 -0.031319 0.990828


##### Pose: 6 ##############################################

0.0 -1.44515 0.0 1.0 0.0 0.707107 0.707107 0.0
-0.04766 0.7717 0.17018 1.0 0.003402 0.987634 0.029646 0.153909
0.09444 0.02682 0.03842 1.0 0.927987 -0.081817 0.126199 0.34091
-0.1207 0.07045 -0.04247 1.0 0.781345 -0.2794 0.280155 0.482648
0.0 0.11713 0.0 1.0 0.11729 0.0 0.0 0.993098
0.0 0.40298 0.0 1.0 0.701024 -0.000286 -0.113828 0.703995
0.0 0.40298 0.0 1.0 0.575041 0.001798 0.002471 0.818119
0.0 0.11353 0.0 1.0 -0.081176 0.024205 -0.002068 0.996404
0.0 0.40596 0.0 1.0 -0.744204 0.247577 0.080175 0.615173
0.0 0.40596 0.0 1.0 -0.539315 0.135292 0.017228 0.830986
0.0 0.14148 0.0 1.0 0.000288 0.082861 -0.002573 0.996558
0.0 0.1733 0.0 1.0 -0.296476 -0.014802 0.025733 0.954579
0.0 0.1733 0.0 1.0 -0.179058 -0.005343 -0.021538 0.983588
0.0 0.24687 0.0 1.0 0.121744 0.208396 -0.043646 0.969456
0.05 0.20606 -0.00339 1.0 -0.58375 -0.351069 -0.619293 0.390464
-0.05 0.20606 -0.00339 1.0 -0.577702 0.360157 0.619652 0.390615
0.0 0.11937 0.0 1.0 -0.180439 0.004408 0.196806 0.963685
0.0 0.11937 0.0 1.0 -0.011014 -0.00086 -0.044911 0.99893
0.0 0.09951 0.0 1.0 -0.03033 0.105557 -0.050672 0.992658
0.0 0.1329 0.0 1.0 0.0 -0.345231 0.0 0.938518
0.0 0.1329 0.0 1.0 0.0 0.349872 0.0 0.936798
0.054 0.12356 0.10523 1.0 -0.000163 0.730707 0.682691 0.000152
-0.054 0.12356 0.10523 1.0 0.000163 0.730707 0.682691 -0.000152
0.0 0.1329 0.0 1.0 -0.020841 -0.00082 -0.600213 0.799569
0.0 0.1329 0.0 1.0 -0.004141 -0.006194 0.000776 0.999972
-0.03957 0.16679 -0.00162 1.0 -0.23561 -0.372826 0.709249 0.549959
0.03957 0.16679 -0.00162 1.0 -0.235609 0.372827 -0.709249 0.549959
0.0 0.2624 0.0 1.0 -0.217987 -0.696156 -0.020988 0.683672
0.0 0.2624 0.0 1.0 0.00533 0.879826 0.307224 0.362617
0.0 0.13077 0.0 1.0 -0.001413 0.106949 0.17042 0.979549
0.0 0.13077 0.0 1.0 -0.001413 -0.106949 -0.17042 0.979549
0.00718 0.07562 -0.04315 1.0 -0.020939 -0.012473 0.023005 0.999438
-0.00718 0.07562 -0.04315 1.0 -0.020939 0.012473 -0.023005 0.999438
0.04121 0.11588 -0.00323 1.0 -0.584564 0.107333 -0.079448 0.800283
-0.04121 0.11588 -0.00323 1.0 -0.58475 -0.107318 0.079394 0.800154
0.01759 0.12283 0.00013 1.0 -0.596359 0.030587 -0.020609 0.80187
-0.01759 0.12283 0.00013 1.0 -0.596359 -0.030587 0.020609 0.80187
-0.026 0.11189 -0.00153 1.0 -0.615307 -0.120775 0.06996 0.775833
0.026 0.11189 -0.00153 1.0 -0.615334 0.120774 -0.069952 0.775812
-0.00532 0.12066 -0.00082 1.0 -0.59262 -0.022662 0.02019 0.804911
0.00532 0.12066 -0.00082 1.0 -0.59262 0.022665 -0.020189 0.80491
0.03234 0.03392 -0.01127 1.0 0.089741 0.549724 -0.328284 0.762876
-0.03234 0.03392 -0.01127 1.0 0.089757 -0.549665 0.328386 0.762873
0.0 0.13612 0.0 1.0 -0.061609 0.089548 0.132324 0.985229
0.0 0.13612 0.0 1.0 -0.061609 -0.089548 -0.132324 0.985229
0.0 0.03329 0.0 1.0 -0.634005 -0.000003 -0.000003 0.773329
0.0 0.03329 0.0 1.0 -0.634003 0.0 0.0 0.773331
0.0 0.03781 0.0 1.0 -0.634004 -0.000001 -0.000001 0.77333
0.0 0.03781 0.0 1.0 -0.634004 0.000001 0.000001 0.77333
0.0 0.0258 0.0 1.0 -0.598534 0.0 0.0 0.801097
0.0 0.0258 0.0 1.0 -0.597498 0.0 0.0 0.801871
0.0 0.03416 0.0 1.0 -0.634005 -0.000003 -0.000002 0.773329
0.0 0.03416 0.0 1.0 -0.634003 0.0 0.0 0.773331
0.0 0.03794 0.0 1.0 -0.199271 0.042728 0.058126 0.977285
0.0 0.03794 0.0 1.0 -0.199254 -0.042721 -0.058118 0.97729
0.0 0.02674 0.0 1.0 -0.506201 0.0 0.000001 0.862416
0.0 0.02674 0.0 1.0 -0.503563 0.0 -0.000001 0.863959
0.0 0.03015 0.0 1.0 -0.5062 0.000001 0.0 0.862416
0.0 0.03015 0.0 1.0 -0.503563 -0.000001 0.0 0.863959
0.0 0.02184 0.0 1.0 -0.474582 0.0 -0.000001 0.880211
0.0 0.02184 0.0 1.0 -0.474704 0.0 0.0 0.880145
0.0 0.0281 0.0 1.0 -0.506201 0.0 0.0 0.862415
0.0 0.02809 0.0 1.0 -0.503564 0.0 0.0 0.863958
0.0 0.03551 0.0 1.0 -0.131443 -0.001439 0.031319 0.990828
0.0 0.03551 0.0 1.0 -0.131443 0.001439 -0.031319 0.990828


##### Pose: 7 ##############################################

0.0 -1.82776 0.0 1.0 0.0 0.707107 0.707107 0.0
0.1735 0.7717 0.03357 1.0 -0.024109 -0.782377 -0.017585 0.62209
0.09444 0.02682 0.03842 1.0 0.927987 -0.081817 0.126199 0.34091
-0.1207 0.07045 -0.04247 1.0 0.781345 -0.2794 0.280155 0.482648
0.0 0.11713 0.0 1.0 0.11729 0.0 0.0 0.993098
0.0 0.40298 0.0 1.0 0.701024 -0.000286 -0.113828 0.703995
0.0 0.40298 0.0 1.0 0.575041 0.001798 0.002471 0.818119
0.0 0.11353 0.0 1.0 -0.081176 0.024205 -0.002068 0.996404
0.0 0.40596 0.0 1.0 -0.744204 0.247577 0.080175 0.615173
0.0 0.40596 0.0 1.0 -0.539315 0.135292 0.017228 0.830987
0.0 0.14148 0.0 1.0 0.000288 0.082861 -0.002573 0.996558
0.0 0.1733 0.0 1.0 -0.296476 -0.014802 0.025733 0.954579
0.0 0.1733 0.0 1.0 -0.179058 -0.005343 -0.021538 0.983588
0.0 0.24687 0.0 1.0 0.121744 0.208396 -0.043646 0.969456
0.05 0.20606 -0.00339 1.0 -0.58375 -0.351069 -0.619293 0.390464
-0.05 0.20606 -0.00339 1.0 -0.577702 0.360157 0.619652 0.390615
0.0 0.11937 0.0 1.0 -0.18044 0.004408 0.196807 0.963685
0.0 0.11937 0.0 1.0 -0.011014 -0.00086 -0.044911 0.99893
0.0 0.09951 0.0 1.0 -0.03033 0.105557 -0.050672 0.992658
0.0 0.1329 0.0 1.0 0.0 -0.345231 0.0 0.938518
0.0 0.1329 0.0 1.0 0.0 0.349872 0.0 0.936798
0.054 0.12356 0.10523 1.0 -0.000163 0.730707 0.682691 0.000152
-0.054 0.12356 0.10523 1.0 0.000163 0.730707 0.682691 -0.000152
0.0 0.1329 0.0 1.0 -0.020841 -0.00082 -0.600213 0.799568
0.0 0.1329 0.0 1.0 -0.004141 -0.006194 0.000776 0.999972
-0.03957 0.16679 -0.00162 1.0 -0.23561 -0.372826 0.709249 0.549959
0.03957 0.16679 -0.00162 1.0 -0.235609 0.372827 -0.709249 0.549959
0.0 0.2624 0.0 1.0 -0.217987 -0.696156 -0.020988 0.683672
0.0 0.2624 0.0 1.0 0.00533 0.879826 0.307224 0.362617
0.0 0.13077 0.0 1.0 -0.001413 0.106949 0.17042 0.979549
0.0 0.13077 0.0 1.0 -0.001413 -0.106949 -0.17042 0.979549
0.00718 0.07562 -0.04315 1.0 -0.020939 -0.012473 0.023005 0.999438
-0.00718 0.07562 -0.04315 1.0 -0.020939 0.012473 -0.023005 0.999438
0.04121 0.11588 -0.00323 1.0 -0.584564 0.107333 -0.079448 0.800283
-0.04121 0.11588 -0.00323 1.0 -0.58475 -0.107318 0.079394 0.800154
0.01759 0.12283 0.00013 1.0 -0.596359 0.030587 -0.020609 0.80187
-0.01759 0.12283 0.00013 1.0 -0.596359 -0.030587 0.020609 0.801871
-0.026 0.11189 -0.00153 1.0 -0.615307 -0.120775 0.06996 0.775833
0.026 0.11189 -0.00153 1.0 -0.615334 0.120774 -0.069952 0.775812
-0.00532 0.12066 -0.00082 1.0 -0.59262 -0.022662 0.02019 0.804911
0.00532 0.12066 -0.00082 1.0 -0.59262 0.022665 -0.020189 0.80491
0.03234 0.03392 -0.01127 1.0 0.089741 0.549724 -0.328284 0.762876
-0.03234 0.03392 -0.01127 1.0 0.089757 -0.549665 0.328386 0.762873
0.0 0.13612 0.0 1.0 -0.061609 0.089548 0.132324 0.985229
0.0 0.13612 0.0 1.0 -0.061609 -0.089548 -0.132324 0.985229
0.0 0.03329 0.0 1.0 -0.634005 -0.000003 -0.000003 0.773329
0.0 0.03329 0.0 1.0 -0.634003 0.0 0.0 0.773331
0.0 0.03781 0.0 1.0 -0.634004 -0.000001 -0.000001 0.77333
0.0 0.03781 0.0 1.0 -0.634004 0.000001 0.000001 0.77333
0.0 0.0258 0.0 1.0 -0.598534 0.0 0.0 0.801097
0.0 0.0258 0.0 1.0 -0.597498 0.0 0.0 0.801871
0.0 0.03416 0.0 1.0 -0.634005 -0.000003 -0.000002 0.773329
0.0 0.03416 0.0 1.0 -0.634003 0.0 0.0 0.773331
0.0 0.03794 0.0 1.0 -0.199271 0.042728 0.058126 0.977285
0.0 0.03794 0.0 1.0 -0.199254 -0.042721 -0.058118 0.97729
0.0 0.02674 0.0 1.0 -0.506201 0.0 0.000001 0.862416
0.0 0.02674 0.0 1.0 -0.503563 0.0 -0.000001 0.863959
0.0 0.03015 0.0 1.0 -0.5062 0.000001 0.0 0.862416
0.0 0.03015 0.0 1.0 -0.503562 -0.000001 0.0 0.863959
0.0 0.02184 0.0 1.0 -0.474582 0.0 -0.000001 0.880211
0.0 0.02184 0.0 1.0 -0.474704 0.0 0.0 0.880145
0.0 0.0281 0.0 1.0 -0.506201 0.0 0.0 0.862415
0.0 0.02809 0.0 1.0 -0.503564 0.0 0.0 0.863958
0.0 0.03551 0.0 1.0 -0.131443 -0.001439 0.031319 0.990828
0.0 0.03551 0.0 1.0 -0.131443 0.001439 -0.031319 0.990828


##### Pose: 8 ##############################################

0.0 -1.95449 0.0 1.0 0.5 -0.5 -0.5 0.5
0.08675 0.7889 0.01295 1.0 -0.012546 -0.946043 -0.006892 0.323724
0.09743 0.02562 0.02613 1.0 0.954174 -0.054268 0.072252 0.285284
-0.10271 0.02973 -0.01906 1.0 0.866366 -0.069412 0.2241 0.440875
0.0 0.11713 0.0 1.0 0.110472 0.0 0.0 0.993879
0.0 0.40298 0.0 1.0 0.594865 -0.000232 -0.1029 0.797212
0.0 0.40298 0.0 1.0 0.610655 0.000546 0.084004 0.787428
0.0 0.11353 0.0 1.0 -0.101679 0.012105 -0.001034 0.994743
0.0 0.40596 0.0 1.0 -0.754937 0.059609 0.089002 0.646989
0.0 0.40596 0.0 1.0 -0.692706 0.044613 -0.013132 0.719719
0.0 0.14148 0.0 1.0 -0.026873 0.041452 -0.001287 0.998778
0.0 0.1733 0.0 1.0 -0.23818 -0.004733 0.023679 0.970921
0.0 0.1733 0.0 1.0 -0.179058 -0.005343 -0.021538 0.983588
0.0 0.24687 0.0 1.0 0.138946 0.104479 -0.021882 0.98453
0.05 0.20606 -0.00339 1.0 -0.431722 -0.492007 -0.527799 0.54127
-0.05 0.20606 -0.00339 1.0 -0.556634 0.339929 0.614583 0.443728
0.0 0.11937 0.0 1.0 -0.268656 0.047092 0.100269 0.956845
0.0 0.11937 0.0 1.0 -0.400655 -0.111957 -0.202681 0.886489
0.0 0.09951 0.0 1.0 -0.039349 0.052821 -0.025356 0.997506
0.0 0.1329 0.0 1.0 0.0 -0.160273 0.0 0.987073
0.0 0.1329 0.0 1.0 0.0 0.132149 0.0 0.99123
0.054 0.12356 0.10523 1.0 -0.000163 0.730707 0.682691 0.000152
-0.054 0.12356 0.10523 1.0 0.000163 0.730707 0.682691 -0.000152
0.0 0.1329 0.0 1.0 -0.669232 0.018662 0.068795 0.739627
0.0 0.1329 0.0 1.0 -0.05915 0.00142 0.688368 0.722944
-0.03957 0.16679 -0.00162 1.0 -0.072983 -0.514419 0.477374 0.708633
0.03957 0.16679 -0.00162 1.0 0.017101 0.492397 -0.566142 0.66086
0.0 0.2624 0.0 1.0 0.023967 0.696442 0.544877 0.466373
0.0 0.2624 0.0 1.0 0.030534 0.509294 -0.226293 0.829746
0.0 0.13077 0.0 1.0 -0.024573 0.097289 0.097701 0.990144
0.0 0.13077 0.0 1.0 -0.024573 -0.097289 -0.097701 0.990144
0.00718 0.07562 -0.04315 1.0 -0.020939 -0.012473 0.023005 0.999438
-0.00718 0.07562 -0.04315 1.0 -0.020939 0.012473 -0.023005 0.999438
0.04381 0.11504 -0.00366 1.0 -0.334984 0.117537 -0.143504 0.923784
-0.04381 0.11504 -0.00366 1.0 -0.335302 -0.117527 0.143434 0.923681
0.0187 0.12277 0.0001 1.0 -0.348472 0.029538 -0.032738 0.936281
-0.0187 0.12277 0.0001 1.0 -0.348471 -0.029538 0.032739 0.936282
-0.02771 0.11146 -0.00161 1.0 -0.378951 -0.124722 0.12739 0.908082
0.02771 0.11146 -0.00161 1.0 -0.378998 0.124722 -0.12738 0.908063
-0.00618 0.12061 -0.00084 1.0 -0.336887 -0.024849 0.032405 0.940659
0.00618 0.12061 -0.00084 1.0 -0.336886 0.024851 -0.032405 0.940659
0.03234 0.03392 -0.01127 1.0 0.100471 0.507985 -0.396278 0.758169
-0.03234 0.03392 -0.01127 1.0 0.100493 -0.507894 0.396418 0.758154
0.0 0.13612 0.0 1.0 -0.058171 0.087891 0.071887 0.991828
0.0 0.13612 0.0 1.0 -0.058171 -0.087891 -0.071887 0.991828
0.0 0.03329 0.0 1.0 -0.357445 -0.000004 -0.000002 0.933934
0.0 0.03329 0.0 1.0 -0.357442 0.0 0.0 0.933935
0.0 0.03781 0.0 1.0 -0.357443 -0.000001 0.0 0.933935
0.0 0.03781 0.0 1.0 -0.357444 0.000001 0.0 0.933935
0.0 0.0258 0.0 1.0 -0.337908 0.0 0.0 0.941179
0.0 0.0258 0.0 1.0 -0.336115 0.0 0.0 0.941821
0.0 0.03416 0.0 1.0 -0.357446 -0.000003 -0.000001 0.933934
0.0 0.03416 0.0 1.0 -0.357443 0.000001 0.0 0.933935
0.0 0.03794 0.0 1.0 -0.142982 0.021097 0.032423 0.988969
0.0 0.03794 0.0 1.0 -0.142957 -0.021088 -0.032412 0.988973
0.0 0.02674 0.0 1.0 -0.279488 0.000001 0.000001 0.960149
0.0 0.02674 0.0 1.0 -0.275253 -0.000001 -0.000001 0.961372
0.0 0.03015 0.0 1.0 -0.279487 0.000001 0.0 0.96015
0.0 0.03015 0.0 1.0 -0.275252 -0.000001 0.0 0.961372
0.0 0.02184 0.0 1.0 -0.262814 0.0 -0.000001 0.964846
0.0 0.02184 0.0 1.0 -0.263009 0.000001 0.0 0.964793
0.0 0.0281 0.0 1.0 -0.279489 0.0 0.0 0.960149
0.0 0.0281 0.0 1.0 -0.275254 0.0 0.0 0.961372
0.0 0.03551 0.0 1.0 -0.080138 -0.003367 0.028638 0.996367
0.0 0.03551 0.0 1.0 -0.080139 0.003367 -0.028638 0.996367


##### Pose: 9 ##############################################

0.0 -2.0 0.0 1.0 0.707107 0.0 0.0 0.707107
0.0 0.82225 0.01 1.0 0.0 1.0 0.0 0.0
0.10417 0.03024 0.01221 1.0 0.983144 0.005821 0.009182 0.182508
-0.10484 0.03121 -0.01334 1.0 0.970937 -0.032934 0.116492 0.20646
0.0 0.11713 0.0 1.0 0.103649 0.0 0.0 0.994614
0.0 0.40298 0.0 1.0 0.391714 -0.000351 -0.065175 0.917776
0.0 0.40298 0.0 1.0 0.390884 0.000431 0.06201 0.918349
0.0 0.11353 0.0 1.0 -0.122118 0.000001 0.0 0.992516
0.0 0.40596 0.0 1.0 -0.705115 -0.097521 0.041062 0.701153
0.0 0.40596 0.0 1.0 -0.692996 -0.025018 -0.08526 0.715445
0.0 0.14148 0.0 1.0 -0.053932 -0.000001 0.0 0.998545
0.0 0.1733 0.0 1.0 -0.179058 0.005342 0.021538 0.983588
0.0 0.1733 0.0 1.0 -0.179058 -0.005343 -0.021538 0.983588
0.0 0.24687 0.0 1.0 0.154416 0.0 0.0 0.988006
0.05 0.20606 -0.00339 1.0 -0.54754 -0.318456 -0.628162 0.451883
-0.05 0.20606 -0.00339 1.0 -0.528468 0.343416 0.623612 0.462489
0.0 0.11937 0.0 1.0 -0.324848 0.056464 0.083359 0.940392
0.0 0.11937 0.0 1.0 -0.365567 -0.074163 -0.250397 0.893399
0.0 0.09951 0.0 1.0 -0.048212 0.0 0.0 0.998837
0.0 0.1329 0.0 1.0 0.0 0.02693 0.0 0.999637
0.0 0.1329 0.0 1.0 0.0 -0.027241 0.0 0.999629
0.054 0.12356 0.10523 1.0 -0.000163 0.730707 0.682691 0.000152
-0.054 0.12356 0.10523 1.0 0.000163 0.730707 0.682691 -0.000152
0.0 0.1329 0.0 1.0 -0.052575 0.002131 -0.433602 0.899567
0.0 0.1329 0.0 1.0 -0.08337 -0.003111 0.404805 0.910589
-0.03957 0.16679 -0.00162 1.0 0.110935 -0.607268 0.206722 0.759069
0.03957 0.16679 -0.00162 1.0 0.261493 0.555015 -0.356402 0.704668
0.0 0.2624 0.0 1.0 -0.088826 -0.095527 0.273519 0.95298
0.0 0.2624 0.0 1.0 -0.06484 0.002608 -0.104356 0.992421
0.0 0.13077 0.0 1.0 -0.04751 0.087076 0.024633 0.994763
0.0 0.13077 0.0 1.0 -0.04751 -0.087077 -0.024633 0.994763
0.00718 0.07562 -0.04315 1.0 -0.020939 -0.012473 0.023005 0.999438
-0.00718 0.07562 -0.04315 1.0 -0.020939 0.012473 -0.023005 0.999438
0.04642 0.1142 -0.0041 1.0 -0.069963 0.118305 -0.193917 0.971342
-0.04642 0.1142 -0.00409 1.0 -0.069967 -0.118302 0.193917 0.971342
0.0198 0.12271 0.00007 1.0 -0.084441 0.026319 -0.04193 0.995198
-0.0198 0.12271 0.00007 1.0 -0.084441 -0.026319 0.04193 0.995198
-0.02942 0.11104 -0.00169 1.0 -0.124381 -0.119509 0.173396 0.969629
0.02942 0.11104 -0.00169 1.0 -0.124381 0.119509 -0.173396 0.969629
-0.00705 0.12057 -0.00087 1.0 -0.065424 -0.024988 0.041556 0.996679
0.00705 0.12057 -0.00087 1.0 -0.065427 0.024991 -0.041556 0.996678
0.03234 0.03392 -0.01127 1.0 0.110514 0.463106 -0.46147 0.748575
-0.03234 0.03392 -0.01127 1.0 0.110514 -0.463106 0.46147 0.748575
0.0 0.13612 0.0 1.0 -0.054525 0.085912 0.011305 0.994745
0.0 0.13612 0.0 1.0 -0.054525 -0.085912 -0.011305 0.994745
0.0 0.03329 0.0 1.0 -0.061051 -0.000004 -0.000001 0.998135
0.0 0.03329 0.0 1.0 -0.061048 0.0 0.0 0.998135
0.0 0.03781 0.0 1.0 -0.061049 -0.000001 0.0 0.998135
0.0 0.03781 0.0 1.0 -0.061049 0.000001 0.0 0.998135
0.0 0.0258 0.0 1.0 -0.061049 0.0 0.0 0.998135
0.0 0.0258 0.0 1.0 -0.06105 0.0 0.0 0.998135
0.0 0.03416 0.0 1.0 -0.061051 -0.000003 0.0 0.998135
0.0 0.03416 0.0 1.0 -0.061049 0.000001 0.0 0.998135
0.0 0.03794 0.0 1.0 -0.086195 -0.000574 0.006638 0.996256
0.0 0.03794 0.0 1.0 -0.086196 0.000574 -0.006638 0.996256
0.0 0.02674 0.0 1.0 -0.043619 0.000001 0.000001 0.999048
0.0 0.02674 0.0 1.0 -0.043619 -0.000001 -0.000001 0.999048
0.0 0.03015 0.0 1.0 -0.043618 0.000001 0.0 0.999048
0.0 0.03015 0.0 1.0 -0.043618 -0.000001 0.0 0.999048
0.0 0.02184 0.0 1.0 -0.04362 -0.000001 0.0 0.999048
0.0 0.02184 0.0 1.0 -0.04362 0.000001 0.0 0.999048
0.0 0.02809 0.0 1.0 -0.04362 0.0 0.0 0.999048
0.0 0.0281 0.0 1.0 -0.04362 0.0 0.0 0.999048
0.0 0.03551 0.0 1.0 -0.028693 -0.005283 0.025885 0.999239
0.0 0.03551 0.0 1.0 -0.028693 0.005283 -0.025885 0.999239


##### Pose: 10 #############################################

0.0 -2.0 0.0 1.0 0.707107 0.0 0.0 0.707107
0.0 0.882 0.01 1.0 0.0 1.0 0.0 0.0
0.10411 0.02982 0.00943 1.0 0.998172 0.027249 -0.011262 0.05276
-0.10411 0.02982 0.00943 1.0 0.998172 -0.027241 0.011262 0.052761
0.0 0.11713 0.0 1.0 0.103649 0.0 0.0 0.994614
0.0 0.40298 0.0 1.0 0.133934 -0.000378 -0.022347 0.990738
0.0 0.40298 0.0 1.0 0.133934 0.000377 0.022347 0.990738
0.0 0.11353 0.0 1.0 -0.122118 0.000001 0.0 0.992516
0.0 0.40596 0.0 1.0 -0.605397 -0.071557 0.017038 0.792518
0.0 0.40596 0.0 1.0 -0.605397 0.071557 -0.017038 0.792517
0.0 0.14148 0.0 1.0 -0.053932 -0.000001 0.0 0.998545
0.0 0.1733 0.0 1.0 -0.179058 0.005342 0.021538 0.983588
0.0 0.1733 0.0 1.0 -0.179058 -0.005343 -0.021538 0.983588
0.0 0.24687 0.0 1.0 0.154416 0.0 0.0 0.988006
0.05 0.20606 -0.00339 1.0 -0.546052 -0.322049 -0.630769 0.447483
-0.05 0.20606 -0.00339 1.0 -0.546052 0.322049 0.630769 0.447483
0.0 0.11937 0.0 1.0 -0.422075 0.043928 0.082207 0.901757
0.0 0.11937 0.0 1.0 -0.422075 -0.043928 -0.082207 0.901757
0.0 0.09951 0.0 1.0 -0.048212 0.0 0.0 0.998837
0.0 0.1329 0.0 1.0 0.0 0.026045 0.0 0.999661
0.0 0.1329 0.0 1.0 0.0 -0.026045 0.0 0.999661
0.054 0.12356 0.10523 1.0 -0.000163 0.730707 0.682691 0.000152
-0.054 0.12356 0.10523 1.0 0.000163 0.730707 0.682691 -0.000152
0.0 0.1329 0.0 1.0 -0.064486 0.004428 -0.268925 0.96099
0.0 0.1329 0.0 1.0 -0.064487 -0.004428 0.268924 0.96099
-0.03957 0.16679 -0.00162 1.0 0.142105 -0.604417 0.285538 0.730037
0.03957 0.16679 -0.00162 1.0 0.142106 0.604417 -0.285538 0.730037
0.0 0.2624 0.0 1.0 0.003612 -0.031557 0.122381 0.991975
0.0 0.2624 0.0 1.0 0.003612 0.031557 -0.12238 0.991975
0.0 0.13077 0.0 1.0 -0.04751 0.087076 0.024633 0.994763
0.0 0.13077 0.0 1.0 -0.04751 -0.087077 -0.024633 0.994763
0.00718 0.07562 -0.04315 1.0 -0.020939 -0.012473 0.023005 0.999438
-0.00718 0.07562 -0.04315 1.0 -0.020939 0.012473 -0.023005 0.999438
0.04641 0.1142 -0.0041 1.0 -0.069963 0.118305 -0.193917 0.971342
-0.04641 0.1142 -0.00409 1.0 -0.069967 -0.118302 0.193917 0.971342
0.0198 0.12271 0.00007 1.0 -0.084441 0.026319 -0.04193 0.995198
-0.0198 0.12271 0.00007 1.0 -0.084441 -0.026319 0.04193 0.995198
-0.02942 0.11104 -0.00169 1.0 -0.124381 -0.119509 0.173396 0.969629
0.02942 0.11104 -0.00169 1.0 -0.124381 0.119509 -0.173396 0.969629
-0.00705 0.12057 -0.00087 1.0 -0.065424 -0.024988 0.041556 0.996679
0.00705 0.12057 -0.00087 1.0 -0.065427 0.024991 -0.041556 0.996678
0.03234 0.03392 -0.01127 1.0 0.110514 0.463106 -0.46147 0.748575
-0.03234 0.03392 -0.01127 1.0 0.110514 -0.463106 0.46147 0.748575
0.0 0.13612 0.0 1.0 -0.054525 0.085912 0.011305 0.994745
0.0 0.13612 0.0 1.0 -0.054525 -0.085912 -0.011305 0.994745
0.0 0.03329 0.0 1.0 -0.061051 -0.000004 -0.000001 0.998135
0.0 0.03329 0.0 1.0 -0.061048 0.0 0.0 0.998135
0.0 0.03781 0.0 1.0 -0.061049 -0.000001 0.0 0.998135
0.0 0.03781 0.0 1.0 -0.061049 0.000001 0.0 0.998135
0.0 0.0258 0.0 1.0 -0.061049 0.0 0.0 0.998135
0.0 0.0258 0.0 1.0 -0.06105 0.0 0.0 0.998135
0.0 0.03416 0.0 1.0 -0.061051 -0.000003 0.0 0.998135
0.0 0.03416 0.0 1.0 -0.061049 0.000001 0.0 0.998135
0.0 0.03794 0.0 1.0 -0.086195 -0.000574 0.006638 0.996256
0.0 0.03794 0.0 1.0 -0.086196 0.000574 -0.006638 0.996256
0.0 0.02674 0.0 1.0 -0.043619 0.000001 0.000001 0.999048
0.0 0.02674 0.0 1.0 -0.043619 -0.000001 -0.000001 0.999048
0.0 0.03015 0.0 1.0 -0.043618 0.000001 0.0 0.999048
0.0 0.03015 0.0 1.0 -0.043618 -0.000001 0.0 0.999048
0.0 0.02184 0.0 1.0 -0.04362 -0.000001 0.0 0.999048
0.0 0.02184 0.0 1.0 -0.04362 0.000001 0.0 0.999048
0.0 0.02809 0.0 1.0 -0.04362 0.0 0.0 0.999048
0.0 0.0281 0.0 1.0 -0.04362 0.0 0.0 0.999048
0.0 0.03551 0.0 1.0 -0.028694 -0.005283 0.025885 0.999239
0.0 0.03551 0.0 1.0 -0.028693 0.005283 -0.025885 0.999239