# SQEE Animation Format


################################################################################

SECTION Header

BoneCount 65
PoseCount 4
TotalTime 16

Times 4 4 4 4


################################################################################

SECTION Poses


##### Pose: 0 ##############################################

0.0 0.0 0.0 1.0 0.0 0.707107 0.707107 0.0
0.0 0.54271 -0.03373 1.0 0.0 0.0 0.0 1.0
0.11649 0.05259 -0.02855 1.0 0.948105 0.071859 -0.013553 0.309434
-0.11649 0.05259 -0.02855 1.0 0.948105 -0.071858 0.013554 0.309434
0.0 0.11713 0.0 1.0 0.18994 0.000204 -0.000204 0.981796
0.0 0.40298 0.0 1.0 0.786284 -0.000607 -0.096455 0.61029
0.0 0.40298 0.0 1.0 0.786284 0.000607 0.096455 0.61029
0.0 0.11353 0.0 1.0 -0.043869 0.000372 -0.0002 0.999037
0.0 0.40596 0.0 1.0 -0.805934 0.006227 0.132576 0.576936
0.0 0.40596 0.0 1.0 -0.805934 -0.006226 -0.132576 0.576937
0.0 0.14148 0.0 1.0 0.05074 0.000077 0.000122 0.998712
0.0 0.1733 0.0 1.0 -0.179058 0.005342 0.021538 0.983588
0.0 0.1733 0.0 1.0 -0.179058 -0.005343 -0.021538 0.983588
0.0 0.24687 0.0 1.0 0.111172 -0.000038 -0.000047 0.993801
0.05731 0.21959 0.00028 1.0 -0.536134 -0.414769 -0.545539 0.492864
-0.05731 0.21959 0.00028 1.0 -0.536101 0.414775 0.545648 0.492774
0.0 0.11937 0.0 1.0 0.231508 -0.087073 0.334913 0.909206
0.0 0.11937 0.0 1.0 0.230609 0.086642 -0.336302 0.908963
0.0 0.09951 0.0 1.0 -0.065637 -0.000017 -0.000017 0.997844
0.0 0.1329 0.0 1.0 0.0 -0.016104 0.0 0.99987
0.0 0.1329 0.0 1.0 0.0 0.015766 0.0 0.999876
0.054 0.12356 0.10523 1.0 -0.000159 0.668426 0.743778 0.000045
-0.054 0.12356 0.10523 1.0 0.000139 0.668426 0.743778 -0.000286
0.0 0.1329 0.0 1.0 -0.004178 0.003406 -0.761654 0.647962
0.0 0.1329 0.0 1.0 -0.00434 -0.00343 0.760946 0.648792
-0.03957 0.16679 -0.00162 1.0 0.307528 0.164934 0.720431 0.599335
0.03957 0.16679 -0.00162 1.0 0.307528 -0.164934 -0.720431 0.599335
0.0 0.2624 0.0 1.0 0.308529 -0.300035 -0.305914 0.849239
0.0 0.2624 0.0 1.0 0.308553 0.299869 0.307276 0.848796
0.0 0.13077 0.0 1.0 -0.001383 0.001302 0.02865 0.999588
0.0 0.13077 0.0 1.0 -0.001383 -0.001303 -0.028651 0.999588
0.00718 0.07562 -0.04315 1.0 -0.020939 -0.012473 0.023005 0.999438
-0.00718 0.07562 -0.04315 1.0 -0.020939 0.012473 -0.023005 0.999438
0.04641 0.1142 -0.0041 1.0 -0.204134 0.119044 -0.170366 0.956626
-0.04641 0.1142 -0.00409 1.0 -0.204196 -0.11904 0.170355 0.956615
0.0198 0.12271 0.00007 1.0 -0.218046 0.028183 -0.037696 0.974803
-0.0198 0.12271 0.00007 1.0 -0.218046 -0.028183 0.037696 0.974803
-0.02942 0.11104 -0.00169 1.0 -0.253481 -0.123201 0.15182 0.947375
0.02942 0.11104 -0.00169 1.0 -0.253489 0.123201 -0.151819 0.947373
-0.00705 0.12057 -0.00087 1.0 -0.202766 -0.025162 0.037353 0.978191
0.00705 0.12057 -0.00087 1.0 -0.202768 0.025164 -0.037353 0.978191
0.03234 0.03392 -0.01127 1.0 0.098112 0.517672 -0.381191 0.75966
-0.03234 0.03392 -0.01127 1.0 0.098115 -0.51766 0.381211 0.759658
0.0 0.13612 0.0 1.0 0.011369 -0.000074 0.016053 0.999807
0.0 0.13612 0.0 1.0 0.011368 0.000075 -0.016053 0.999807
0.0 0.03329 0.0 1.0 -0.211691 -0.000004 -0.000001 0.977337
0.0 0.03329 0.0 1.0 -0.211688 0.0 0.0 0.977337
0.0 0.03781 0.0 1.0 -0.211689 -0.000001 0.0 0.977337
0.0 0.03781 0.0 1.0 -0.211689 0.000001 0.0 0.977337
0.0 0.0258 0.0 1.0 -0.200541 0.0 0.0 0.979685
0.0 0.0258 0.0 1.0 -0.200211 0.0 0.0 0.979753
0.0 0.03416 0.0 1.0 -0.211691 -0.000003 -0.000001 0.977337
0.0 0.03416 0.0 1.0 -0.211688 0.000001 0.0 0.977337
0.0 0.03794 0.0 1.0 -0.155787 0.026005 0.038258 0.986707
0.0 0.03794 0.0 1.0 -0.155783 -0.026004 -0.038256 0.986708
0.0 0.02674 0.0 1.0 -0.160466 0.000001 0.000001 0.987041
0.0 0.02674 0.0 1.0 -0.159727 -0.000001 -0.000001 0.987161
0.0 0.03015 0.0 1.0 -0.160466 0.000001 0.0 0.987042
0.0 0.03015 0.0 1.0 -0.159727 -0.000001 0.0 0.987161
0.0 0.02184 0.0 1.0 -0.153471 -0.000001 0.0 0.988153
0.0 0.02184 0.0 1.0 -0.153506 0.000001 0.0 0.988148
0.0 0.02809 0.0 1.0 -0.160467 0.0 0.0 0.987041
0.0 0.02809 0.0 1.0 -0.159728 0.0 0.0 0.987161
0.0 0.03551 0.0 1.0 -0.091791 -0.002931 0.029253 0.995344
0.0 0.03551 0.0 1.0 -0.091791 0.00293 -0.029253 0.995344


##### Pose: 1 ##############################################

0.0 0.0 0.0 1.0 0.0 0.707107 0.707107 0.0
0.0 0.54271 -0.03373 1.0 0.0 0.0 0.0 1.0
0.11507 0.05029 -0.029 1.0 0.948176 0.060926 -0.01722 0.311375
-0.11785 0.0549 -0.02808 1.0 0.947968 -0.082697 0.009961 0.307276
0.0 0.11713 0.0 1.0 0.189908 0.003519 0.01693 0.98165
0.0 0.40298 0.0 1.0 0.789196 -0.00054 -0.102598 0.60551
0.0 0.40298 0.0 1.0 0.783094 0.000674 0.09032 0.615309
0.0 0.11353 0.0 1.0 -0.043859 -0.002525 -0.008432 0.998999
0.0 0.40596 0.0 1.0 -0.80876 0.003568 0.127455 0.574152
0.0 0.40596 0.0 1.0 -0.802958 -0.008759 -0.137635 0.579861
0.0 0.14148 0.0 1.0 0.05075 -0.002876 -0.00809 0.998675
0.0 0.1733 0.0 1.0 -0.179058 0.005342 0.021538 0.983588
0.0 0.1733 0.0 1.0 -0.179058 -0.005343 -0.021538 0.983588
0.0 0.24687 0.0 1.0 0.111172 -0.000038 -0.000047 0.993801
0.05731 0.21959 0.00028 1.0 -0.536165 -0.414588 -0.544105 0.494564
-0.05731 0.21959 0.00028 1.0 -0.53719 0.414325 0.547778 0.489593
0.0 0.11937 0.0 1.0 0.222335 -0.086977 0.341719 0.908973
0.0 0.11937 0.0 1.0 0.253853 0.093696 -0.339884 0.900699
0.0 0.09951 0.0 1.0 -0.065637 -0.000017 -0.000017 0.997844
0.0 0.1329 0.0 1.0 0.0 -0.017222 0.0 0.999852
0.0 0.1329 0.0 1.0 0.0 0.016691 0.0 0.999861
0.054 0.12356 0.10523 1.0 -0.000159 0.668426 0.743778 0.000045
-0.054 0.12356 0.10523 1.0 0.000139 0.668426 0.743778 -0.000286
0.0 0.1329 0.0 1.0 -0.004603 0.002675 -0.785784 0.618478
0.0 0.1329 0.0 1.0 -0.002332 -0.00385 0.745244 0.666777
-0.03957 0.16679 -0.00162 1.0 0.383126 0.257558 0.692739 0.554067
0.03957 0.16679 -0.00162 1.0 0.198783 -0.037327 -0.738127 0.643631
0.0 0.2624 0.0 1.0 0.316625 -0.284324 -0.283522 0.859374
0.0 0.2624 0.0 1.0 0.295881 0.329772 0.320295 0.837327
0.0 0.13077 0.0 1.0 -0.260049 -0.006157 0.028011 0.96517
0.0 0.13077 0.0 1.0 0.257376 -0.008674 -0.027337 0.965886
0.00718 0.07562 -0.04315 1.0 -0.020939 -0.012473 0.023005 0.999438
-0.00718 0.07562 -0.04315 1.0 -0.020939 0.012473 -0.023005 0.999438
0.04641 0.1142 -0.00409 1.0 -0.204134 0.119044 -0.170366 0.956626
-0.04641 0.1142 -0.00409 1.0 -0.204196 -0.11904 0.170355 0.956615
0.0198 0.12271 0.00007 1.0 -0.218046 0.028183 -0.037696 0.974803
-0.0198 0.12271 0.00007 1.0 -0.218046 -0.028183 0.037696 0.974803
-0.02942 0.11104 -0.00169 1.0 -0.253481 -0.123201 0.15182 0.947375
0.02942 0.11104 -0.00169 1.0 -0.253489 0.123201 -0.151819 0.947373
-0.00705 0.12057 -0.00087 1.0 -0.202766 -0.025162 0.037353 0.978191
0.00705 0.12057 -0.00087 1.0 -0.202768 0.025164 -0.037353 0.978191
0.03234 0.03392 -0.01127 1.0 0.098112 0.517672 -0.381191 0.75966
-0.03234 0.03392 -0.01127 1.0 0.098115 -0.51766 0.381211 0.759658
0.0 0.13612 0.0 1.0 0.26975 0.004083 0.015525 0.962797
0.0 0.13612 0.0 1.0 -0.247788 0.004227 -0.015486 0.968681
0.0 0.03329 0.0 1.0 -0.211691 -0.000004 -0.000001 0.977337
0.0 0.03329 0.0 1.0 -0.211688 0.0 0.0 0.977337
0.0 0.03781 0.0 1.0 -0.211689 -0.000001 0.0 0.977337
0.0 0.03781 0.0 1.0 -0.211689 0.000001 0.0 0.977337
0.0 0.0258 0.0 1.0 -0.200541 0.0 0.0 0.979685
0.0 0.0258 0.0 1.0 -0.200211 0.0 0.0 0.979753
0.0 0.03416 0.0 1.0 -0.211691 -0.000003 -0.000001 0.977337
0.0 0.03416 0.0 1.0 -0.211688 0.000001 0.0 0.977337
0.0 0.03794 0.0 1.0 -0.155787 0.026005 0.038258 0.986707
0.0 0.03794 0.0 1.0 -0.155783 -0.026004 -0.038256 0.986708
0.0 0.02674 0.0 1.0 -0.160466 0.000001 0.000001 0.987041
0.0 0.02674 0.0 1.0 -0.159727 -0.000001 -0.000001 0.987161
0.0 0.03015 0.0 1.0 -0.160466 0.000001 0.0 0.987042
0.0 0.03015 0.0 1.0 -0.159727 -0.000001 0.0 0.987161
0.0 0.02184 0.0 1.0 -0.153471 -0.000001 0.0 0.988153
0.0 0.02184 0.0 1.0 -0.153506 0.000001 0.0 0.988148
0.0 0.02809 0.0 1.0 -0.160467 0.0 0.0 0.987041
0.0 0.0281 0.0 1.0 -0.159728 0.0 0.0 0.987161
0.0 0.03551 0.0 1.0 -0.091791 -0.002931 0.029253 0.995344
0.0 0.03551 0.0 1.0 -0.091791 0.002931 -0.029253 0.995344


##### Pose: 2 ##############################################

0.0 0.0 0.0 1.0 0.0 0.707107 0.707107 0.0
0.0 0.54271 -0.03373 1.0 0.0 0.0 0.0 1.0
0.11649 0.05259 -0.02855 1.0 0.948105 0.071859 -0.013553 0.309434
-0.11649 0.05259 -0.02855 1.0 0.948105 -0.071858 0.013554 0.309434
0.0 0.11713 0.0 1.0 0.18994 0.000204 -0.000204 0.981796
0.0 0.40298 0.0 1.0 0.786284 -0.000607 -0.096455 0.61029
0.0 0.40298 0.0 1.0 0.786284 0.000607 0.096455 0.61029
0.0 0.11353 0.0 1.0 -0.043869 0.000372 -0.0002 0.999037
0.0 0.40596 0.0 1.0 -0.805934 0.006227 0.132576 0.576936
0.0 0.40596 0.0 1.0 -0.805934 -0.006226 -0.132576 0.576937
0.0 0.14148 0.0 1.0 0.05074 0.000077 0.000122 0.998712
0.0 0.1733 0.0 1.0 -0.179058 0.005342 0.021538 0.983588
0.0 0.1733 0.0 1.0 -0.179058 -0.005343 -0.021538 0.983588
0.0 0.24687 0.0 1.0 0.111172 -0.000038 -0.000047 0.993801
0.05731 0.21959 0.00028 1.0 -0.536134 -0.414769 -0.545539 0.492864
-0.05731 0.21959 0.00028 1.0 -0.536101 0.414775 0.545648 0.492774
0.0 0.11937 0.0 1.0 0.231508 -0.087073 0.334913 0.909206
0.0 0.11937 0.0 1.0 0.230609 0.086642 -0.336302 0.908963
0.0 0.09951 0.0 1.0 -0.065637 -0.000017 -0.000017 0.997844
0.0 0.1329 0.0 1.0 0.0 -0.016104 0.0 0.99987
0.0 0.1329 0.0 1.0 0.0 0.015766 0.0 0.999876
0.054 0.12356 0.10523 1.0 -0.000159 0.668426 0.743778 0.000045
-0.054 0.12356 0.10523 1.0 0.000139 0.668426 0.743778 -0.000286
0.0 0.1329 0.0 1.0 -0.004178 0.003406 -0.761654 0.647962
0.0 0.1329 0.0 1.0 -0.00434 -0.00343 0.760946 0.648792
-0.03957 0.16679 -0.00162 1.0 0.307528 0.164934 0.720431 0.599335
0.03957 0.16679 -0.00162 1.0 0.307528 -0.164934 -0.720431 0.599335
0.0 0.2624 0.0 1.0 0.308529 -0.300035 -0.305914 0.849239
0.0 0.2624 0.0 1.0 0.308553 0.299869 0.307276 0.848796
0.0 0.13077 0.0 1.0 -0.001383 0.001302 0.02865 0.999588
0.0 0.13077 0.0 1.0 -0.001383 -0.001303 -0.028651 0.999588
0.00718 0.07562 -0.04315 1.0 -0.020939 -0.012473 0.023005 0.999438
-0.00718 0.07562 -0.04315 1.0 -0.020939 0.012473 -0.023005 0.999438
0.04641 0.1142 -0.0041 1.0 -0.204134 0.119044 -0.170366 0.956626
-0.04641 0.1142 -0.00409 1.0 -0.204196 -0.11904 0.170355 0.956615
0.0198 0.12271 0.00007 1.0 -0.218046 0.028183 -0.037696 0.974803
-0.0198 0.12271 0.00007 1.0 -0.218046 -0.028183 0.037696 0.974803
-0.02942 0.11104 -0.00169 1.0 -0.253481 -0.123201 0.15182 0.947375
0.02942 0.11104 -0.00169 1.0 -0.253489 0.123201 -0.151819 0.947373
-0.00705 0.12057 -0.00087 1.0 -0.202766 -0.025162 0.037353 0.978191
0.00705 0.12057 -0.00087 1.0 -0.202768 0.025164 -0.037353 0.978191
0.03234 0.03392 -0.01127 1.0 0.098112 0.517672 -0.381191 0.75966
-0.03234 0.03392 -0.01127 1.0 0.098115 -0.51766 0.381211 0.759658
0.0 0.13612 0.0 1.0 0.011369 -0.000074 0.016053 0.999807
0.0 0.13612 0.0 1.0 0.011368 0.000075 -0.016053 0.999807
0.0 0.03329 0.0 1.0 -0.211691 -0.000004 -0.000001 0.977337
0.0 0.03329 0.0 1.0 -0.211688 0.0 0.0 0.977337
0.0 0.03781 0.0 1.0 -0.211689 -0.000001 0.0 0.977337
0.0 0.03781 0.0 1.0 -0.211689 0.000001 0.0 0.977337
0.0 0.0258 0.0 1.0 -0.200541 0.0 0.0 0.979685
0.0 0.0258 0.0 1.0 -0.200211 0.0 0.0 0.979753
0.0 0.03416 0.0 1.0 -0.211691 -0.000003 -0.000001 0.977337
0.0 0.03416 0.0 1.0 -0.211688 0.000001 0.0 0.977337
0.0 0.03794 0.0 1.0 -0.155787 0.026005 0.038258 0.986707
0.0 0.03794 0.0 1.0 -0.155783 -0.026004 -0.038256 0.986708
0.0 0.02674 0.0 1.0 -0.160466 0.000001 0.000001 0.987041
0.0 0.02674 0.0 1.0 -0.159727 -0.000001 -0.000001 0.987161
0.0 0.03015 0.0 1.0 -0.160466 0.000001 0.0 0.987042
0.0 0.03015 0.0 1.0 -0.159727 -0.000001 0.0 0.987161
0.0 0.02184 0.0 1.0 -0.153471 -0.000001 0.0 0.988153
0.0 0.02184 0.0 1.0 -0.153506 0.000001 0.0 0.988148
0.0 0.02809 0.0 1.0 -0.160467 0.0 0.0 0.987041
0.0 0.02809 0.0 1.0 -0.159728 0.0 0.0 0.987161
0.0 0.03551 0.0 1.0 -0.091791 -0.002931 0.029253 0.995344
0.0 0.03551 0.0 1.0 -0.091791 0.00293 -0.029253 0.995344


##### Pose: 3 ##############################################

0.0 0.0 0.0 1.0 0.0 0.707107 0.707107 0.0
0.0 0.54271 -0.03373 1.0 0.0 0.0 0.0 1.0
0.11785 0.0549 -0.02808 1.0 0.947968 0.082698 -0.00996 0.307276
-0.11507 0.05029 -0.029 1.0 0.948176 -0.060925 0.01722 0.311375
0.0 0.11713 0.0 1.0 0.189908 -0.003519 -0.01693 0.98165
0.0 0.40298 0.0 1.0 0.783094 -0.000674 -0.09032 0.615309
0.0 0.40298 0.0 1.0 0.789196 0.00054 0.102598 0.60551
0.0 0.11353 0.0 1.0 -0.043859 0.002528 0.008431 0.998999
0.0 0.40596 0.0 1.0 -0.802958 0.00876 0.137635 0.579861
0.0 0.40596 0.0 1.0 -0.80876 -0.003568 -0.127455 0.574152
0.0 0.14148 0.0 1.0 0.05075 0.002873 0.00809 0.998675
0.0 0.1733 0.0 1.0 -0.179058 0.005342 0.021538 0.983588
0.0 0.1733 0.0 1.0 -0.179058 -0.005343 -0.021538 0.983588
0.0 0.24687 0.0 1.0 0.111172 0.000038 0.000047 0.993801
0.05731 0.21959 0.00028 1.0 -0.53719 -0.414325 -0.547778 0.489593
-0.05731 0.21959 0.00028 1.0 -0.536165 0.414588 0.544105 0.494563
0.0 0.11937 0.0 1.0 0.253854 -0.093696 0.339883 0.900699
0.0 0.11937 0.0 1.0 0.222334 0.086977 -0.34172 0.908972
0.0 0.09951 0.0 1.0 -0.065637 0.000017 0.000017 0.997844
0.0 0.1329 0.0 1.0 0.0 -0.016691 0.0 0.999861
0.0 0.1329 0.0 1.0 0.0 0.017222 0.0 0.999852
0.054 0.12356 0.10523 1.0 -0.000139 0.668426 0.743778 0.000286
-0.054 0.12356 0.10523 1.0 0.000159 0.668426 0.743778 -0.000045
0.0 0.1329 0.0 1.0 -0.002332 0.00385 -0.745244 0.666776
0.0 0.1329 0.0 1.0 -0.004603 -0.002675 0.785784 0.618478
-0.03957 0.16679 -0.00162 1.0 0.198782 0.037327 0.738126 0.643632
0.03957 0.16679 -0.00162 1.0 0.383126 -0.257558 -0.69274 0.554067
0.0 0.2624 0.0 1.0 0.295881 -0.329771 -0.320294 0.837327
0.0 0.2624 0.0 1.0 0.316624 0.284325 0.283524 0.859373
0.0 0.13077 0.0 1.0 0.257376 0.008673 0.027337 0.965886
0.0 0.13077 0.0 1.0 -0.260049 0.006157 -0.028011 0.965169
0.00718 0.07562 -0.04315 1.0 -0.020939 -0.012473 0.023005 0.999438
-0.00718 0.07562 -0.04315 1.0 -0.020939 0.012473 -0.023005 0.999438
0.04641 0.1142 -0.0041 1.0 -0.204192 0.119044 -0.170355 0.956616
-0.04641 0.1142 -0.00409 1.0 -0.204138 -0.11904 0.170366 0.956626
0.0198 0.12271 0.00007 1.0 -0.218046 0.028183 -0.037696 0.974803
-0.0198 0.12271 0.00007 1.0 -0.218046 -0.028183 0.037696 0.974803
-0.02942 0.11104 -0.00169 1.0 -0.253489 -0.123201 0.151819 0.947373
0.02942 0.11104 -0.00169 1.0 -0.253481 0.123201 -0.15182 0.947375
-0.00705 0.12057 -0.00087 1.0 -0.202765 -0.025162 0.037353 0.978191
0.00705 0.12057 -0.00087 1.0 -0.202769 0.025164 -0.037353 0.97819
0.03234 0.03392 -0.01127 1.0 0.098115 0.51766 -0.381211 0.759658
-0.03234 0.03392 -0.01127 1.0 0.098112 -0.517672 0.381191 0.75966
0.0 0.13612 0.0 1.0 -0.247788 -0.004227 0.015487 0.968681
0.0 0.13612 0.0 1.0 0.26975 -0.004083 -0.015525 0.962797
0.0 0.03329 0.0 1.0 -0.211691 -0.000004 -0.000001 0.977337
0.0 0.03329 0.0 1.0 -0.211688 0.0 0.0 0.977337
0.0 0.03781 0.0 1.0 -0.211689 -0.000001 0.0 0.977337
0.0 0.03781 0.0 1.0 -0.211689 0.000001 0.0 0.977337
0.0 0.0258 0.0 1.0 -0.200211 0.0 0.0 0.979753
0.0 0.0258 0.0 1.0 -0.200541 0.0 0.0 0.979685
0.0 0.03416 0.0 1.0 -0.211691 -0.000003 -0.000001 0.977337
0.0 0.03416 0.0 1.0 -0.211688 0.000001 0.0 0.977337
0.0 0.03794 0.0 1.0 -0.155783 0.026004 0.038256 0.986708
0.0 0.03794 0.0 1.0 -0.155787 -0.026005 -0.038258 0.986707
0.0 0.02674 0.0 1.0 -0.159727 0.000001 0.000001 0.987161
0.0 0.02674 0.0 1.0 -0.160466 -0.000001 -0.000001 0.987041
0.0 0.03015 0.0 1.0 -0.159727 0.000001 0.0 0.987161
0.0 0.03015 0.0 1.0 -0.160466 -0.000001 0.0 0.987042
0.0 0.02184 0.0 1.0 -0.153506 -0.000001 0.0 0.988148
0.0 0.02184 0.0 1.0 -0.153471 0.000001 0.0 0.988153
0.0 0.02809 0.0 1.0 -0.159728 0.0 0.0 0.987161
0.0 0.0281 0.0 1.0 -0.160467 0.0 0.0 0.987041
0.0 0.03551 0.0 1.0 -0.091791 -0.002931 0.029253 0.995344
0.0 0.03551 0.0 1.0 -0.091791 0.00293 -0.029253 0.995344