# SQEE Animation Format


################################################################################

SECTION Header

BoneCount 64
PoseCount 5
TotalTime 10

Times 2 1 1 6 0


################################################################################

SECTION Poses


##### Pose: 0 ##############################################

0.0 -0.03 0.522 1.0 0.0 0.707107 0.707107 0.0
0.11131 0.03873 -0.00391 1.0 0.873042 0.036081 -0.045003 0.484222
-0.11131 0.03873 -0.00391 1.0 0.873042 -0.036081 0.045003 0.484222
0.0 0.11713 0.0 1.0 0.18994 0.000204 -0.000204 0.981796
0.0 0.40298 0.0 1.0 0.820887 -0.000433 -0.116484 0.559085
0.0 0.40298 0.0 1.0 0.820887 0.000433 0.116483 0.559085
0.0 0.11353 0.0 1.0 -0.208156 0.000257 -0.000315 0.978096
0.0 0.40596 0.0 1.0 -0.854676 -0.018879 0.124685 0.503613
0.0 0.40596 0.0 1.0 -0.854676 0.01888 -0.124686 0.503613
0.0 0.14148 0.0 1.0 -0.053932 -0.000001 0.0 0.998545
0.0 0.1733 0.0 1.0 -0.179058 0.005342 0.021538 0.983588
0.0 0.1733 0.0 1.0 -0.179058 -0.005343 -0.021538 0.983588
0.0 0.24687 0.0 1.0 0.154416 0.0 0.0 0.988006
0.05731 0.21959 0.00028 1.0 -0.493559 -0.442044 -0.537023 0.522114
-0.05731 0.21959 0.00028 1.0 -0.493426 0.442211 0.536999 0.522123
0.0 0.11937 0.0 1.0 -0.413524 0.148209 0.325561 0.837283
0.0 0.11937 0.0 1.0 -0.413962 -0.148167 -0.325995 0.836905
0.0 0.09951 0.0 1.0 -0.048212 0.0 0.0 0.998837
0.0 0.1329 0.0 1.0 0.0 0.057402 0.0 0.998351
0.0 0.1329 0.0 1.0 0.0 -0.057284 0.0 0.998358
0.054 0.12356 0.10523 1.0 -0.000163 0.730707 0.682691 0.000152
-0.054 0.12356 0.10523 1.0 0.000163 0.730707 0.682691 -0.000152
0.0 0.1329 0.0 1.0 -0.072964 -0.001095 -0.684901 0.724973
0.0 0.1329 0.0 1.0 -0.0732 0.001072 0.683729 0.726055
-0.06415 0.18454 -0.01748 1.0 -0.297543 -0.389186 0.716327 0.496869
0.06408 0.18461 -0.01751 1.0 -0.297577 0.38953 -0.716178 0.496793
0.0 0.2624 0.0 1.0 -0.107555 -0.044535 0.357271 0.926718
0.0 0.2624 0.0 1.0 -0.107822 0.044965 -0.355896 0.927195
0.0 0.13077 0.0 1.0 0.269687 0.17786 0.269649 0.907152
0.0 0.13077 0.0 1.0 0.270066 -0.177605 -0.268386 0.907464
0.00718 0.07562 -0.04315 1.0 -0.020939 -0.012473 0.023005 0.999438
-0.00718 0.07562 -0.04315 1.0 -0.020939 0.012473 -0.023005 0.999438
0.04641 0.1142 -0.0041 1.0 -0.456847 0.113912 -0.1146 0.874747
-0.04641 0.1142 -0.00409 1.0 -0.456851 -0.113908 0.1146 0.874745
0.0198 0.12271 0.00007 1.0 -0.469251 0.030331 -0.02733 0.882121
-0.0198 0.12271 0.00007 1.0 -0.469251 -0.030332 0.02733 0.882121
-0.02942 0.11104 -0.00169 1.0 -0.49447 -0.124062 0.101447 0.854293
0.02942 0.11104 -0.00169 1.0 -0.49447 0.124062 -0.101447 0.854293
-0.00705 0.12057 -0.00087 1.0 -0.461468 -0.024078 0.02697 0.88642
0.00705 0.12057 -0.00087 1.0 -0.46147 0.024081 -0.026969 0.886419
0.03234 0.03392 -0.01127 1.0 0.095514 0.527999 -0.364666 0.760994
-0.03234 0.03392 -0.01127 1.0 0.095514 -0.527999 0.364666 0.760994
0.0 0.13612 0.0 1.0 0.12773 0.004778 -0.071131 0.989244
0.0 0.13612 0.0 1.0 0.127729 -0.004778 0.071131 0.989244
0.0 0.03329 0.0 1.0 -0.493059 -0.000004 -0.000002 0.869996
0.0 0.03329 0.0 1.0 -0.493056 0.0 0.0 0.869998
0.0 0.03781 0.0 1.0 -0.493057 -0.000001 0.0 0.869997
0.0 0.03781 0.0 1.0 -0.493057 0.000001 0.0 0.869997
0.0 0.0258 0.0 1.0 -0.463182 0.0 0.0 0.886263
0.0 0.0258 0.0 1.0 -0.463182 0.0 0.0 0.886263
0.0 0.03416 0.0 1.0 -0.493059 -0.000003 -0.000002 0.869996
0.0 0.03416 0.0 1.0 -0.493057 0.0 0.0 0.869997
0.0 0.03794 0.0 1.0 -0.169596 0.031306 0.044558 0.984008
0.0 0.03794 0.0 1.0 -0.169596 -0.031306 -0.044558 0.984008
0.0 0.02674 0.0 1.0 -0.384418 0.000001 0.000001 0.923159
0.0 0.02674 0.0 1.0 -0.384418 -0.000001 -0.000001 0.923159
0.0 0.03015 0.0 1.0 -0.384417 0.000001 0.0 0.92316
0.0 0.03015 0.0 1.0 -0.384417 -0.000001 0.0 0.92316
0.0 0.02184 0.0 1.0 -0.364807 0.0 -0.000001 0.931083
0.0 0.02184 0.0 1.0 -0.364807 0.000001 0.0 0.931083
0.0 0.02809 0.0 1.0 -0.384418 0.0 0.0 0.923159
0.0 0.02809 0.0 1.0 -0.384418 0.0 0.0 0.923159
0.0 0.03551 0.0 1.0 -0.104374 -0.002458 0.029913 0.994085
0.0 0.03551 0.0 1.0 -0.104374 0.002458 -0.029913 0.994085


##### Pose: 1 ##############################################

0.0 -0.03 0.522 1.0 0.0 0.707107 0.707107 0.0
0.11131 0.03873 -0.00391 1.0 0.873042 0.036081 -0.045003 0.484222
-0.11131 0.03873 -0.00391 1.0 0.873042 -0.036081 0.045003 0.484222
0.0 0.11713 0.0 1.0 0.18994 0.000204 -0.000204 0.981796
0.0 0.40298 0.0 1.0 0.820887 -0.000433 -0.116484 0.559085
0.0 0.40298 0.0 1.0 0.820887 0.000433 0.116483 0.559085
0.0 0.11353 0.0 1.0 -0.208156 0.000257 -0.000315 0.978096
0.0 0.40596 0.0 1.0 -0.854676 -0.018879 0.124685 0.503613
0.0 0.40596 0.0 1.0 -0.854676 0.01888 -0.124686 0.503613
0.0 0.14148 0.0 1.0 -0.053932 -0.000001 0.0 0.998545
0.0 0.1733 0.0 1.0 -0.179058 0.005342 0.021538 0.983588
0.0 0.1733 0.0 1.0 -0.179058 -0.005343 -0.021538 0.983588
0.0 0.24687 0.0 1.0 0.154416 0.0 0.0 0.988006
0.05731 0.21959 0.00028 1.0 -0.493559 -0.442044 -0.537023 0.522114
-0.05731 0.21959 0.00028 1.0 -0.493426 0.442211 0.536999 0.522123
0.0 0.11937 0.0 1.0 -0.413524 0.148209 0.325561 0.837283
0.0 0.11937 0.0 1.0 -0.413962 -0.148167 -0.325995 0.836905
0.0 0.09951 0.0 1.0 -0.048212 0.0 0.0 0.998837
0.0 0.1329 0.0 1.0 0.0 0.057402 0.0 0.998351
0.0 0.1329 0.0 1.0 0.0 -0.057284 0.0 0.998358
0.054 0.12356 0.10523 1.0 -0.000163 0.730707 0.682691 0.000152
-0.054 0.12356 0.10523 1.0 0.000163 0.730707 0.682691 -0.000152
0.0 0.1329 0.0 1.0 -0.072964 -0.001095 -0.684901 0.724973
0.0 0.1329 0.0 1.0 -0.0732 0.001072 0.683729 0.726055
-0.06415 0.18454 -0.01748 1.0 -0.297543 -0.389186 0.716327 0.496869
0.06408 0.18461 -0.01751 1.0 -0.297577 0.38953 -0.716178 0.496793
0.0 0.2624 0.0 1.0 -0.107555 -0.044535 0.357271 0.926718
0.0 0.2624 0.0 1.0 -0.107822 0.044965 -0.355896 0.927195
0.0 0.13077 0.0 1.0 0.269687 0.17786 0.269649 0.907152
0.0 0.13077 0.0 1.0 0.270066 -0.177605 -0.268386 0.907464
0.00718 0.07562 -0.04315 1.0 -0.020939 -0.012473 0.023005 0.999438
-0.00718 0.07562 -0.04315 1.0 -0.020939 0.012473 -0.023005 0.999438
0.04641 0.1142 -0.0041 1.0 -0.456847 0.113912 -0.1146 0.874747
-0.04641 0.1142 -0.00409 1.0 -0.456851 -0.113908 0.1146 0.874745
0.0198 0.12271 0.00007 1.0 -0.469251 0.030331 -0.02733 0.882121
-0.0198 0.12271 0.00007 1.0 -0.469251 -0.030332 0.02733 0.882121
-0.02942 0.11104 -0.00169 1.0 -0.49447 -0.124062 0.101447 0.854293
0.02942 0.11104 -0.00169 1.0 -0.49447 0.124062 -0.101447 0.854293
-0.00705 0.12057 -0.00087 1.0 -0.461468 -0.024078 0.02697 0.88642
0.00705 0.12057 -0.00087 1.0 -0.46147 0.024081 -0.026969 0.886419
0.03234 0.03392 -0.01127 1.0 0.095514 0.527999 -0.364666 0.760994
-0.03234 0.03392 -0.01127 1.0 0.095514 -0.527999 0.364666 0.760994
0.0 0.13612 0.0 1.0 0.12773 0.004778 -0.071131 0.989244
0.0 0.13612 0.0 1.0 0.127729 -0.004778 0.071131 0.989244
0.0 0.03329 0.0 1.0 -0.493059 -0.000004 -0.000002 0.869996
0.0 0.03329 0.0 1.0 -0.493056 0.0 0.0 0.869998
0.0 0.03781 0.0 1.0 -0.493057 -0.000001 0.0 0.869997
0.0 0.03781 0.0 1.0 -0.493057 0.000001 0.0 0.869997
0.0 0.0258 0.0 1.0 -0.463182 0.0 0.0 0.886263
0.0 0.0258 0.0 1.0 -0.463182 0.0 0.0 0.886263
0.0 0.03416 0.0 1.0 -0.493059 -0.000003 -0.000002 0.869996
0.0 0.03416 0.0 1.0 -0.493057 0.0 0.0 0.869997
0.0 0.03794 0.0 1.0 -0.169596 0.031306 0.044558 0.984008
0.0 0.03794 0.0 1.0 -0.169596 -0.031306 -0.044558 0.984008
0.0 0.02674 0.0 1.0 -0.384418 0.000001 0.000001 0.923159
0.0 0.02674 0.0 1.0 -0.384418 -0.000001 -0.000001 0.923159
0.0 0.03015 0.0 1.0 -0.384417 0.000001 0.0 0.92316
0.0 0.03015 0.0 1.0 -0.384417 -0.000001 0.0 0.92316
0.0 0.02184 0.0 1.0 -0.364807 0.0 -0.000001 0.931083
0.0 0.02184 0.0 1.0 -0.364807 0.000001 0.0 0.931083
0.0 0.02809 0.0 1.0 -0.384418 0.0 0.0 0.923159
0.0 0.02809 0.0 1.0 -0.384418 0.0 0.0 0.923159
0.0 0.03551 0.0 1.0 -0.104374 -0.002458 0.029913 0.994085
0.0 0.03551 0.0 1.0 -0.104374 0.002458 -0.029913 0.994085


##### Pose: 2 ##############################################

0.0 -0.03 0.522 1.0 0.0 0.707107 0.707107 0.0
0.10888 0.03549 -0.00559 1.0 0.978479 0.041331 -0.059961 0.19307
-0.10888 0.03549 -0.00559 1.0 0.978479 -0.041329 0.059961 0.19307
0.0 0.11713 0.0 1.0 0.18994 0.000204 -0.000204 0.981796
0.0 0.40298 0.0 1.0 0.408518 -0.000468 -0.063034 0.910571
0.0 0.40298 0.0 1.0 0.408518 0.000468 0.063034 0.910571
0.0 0.11353 0.0 1.0 -0.208156 0.000257 -0.000315 0.978096
0.0 0.40596 0.0 1.0 -0.675316 -0.007467 0.050898 0.735732
0.0 0.40596 0.0 1.0 -0.675316 0.007468 -0.050898 0.735732
0.0 0.14148 0.0 1.0 -0.053932 -0.000001 0.0 0.998545
0.0 0.1733 0.0 1.0 -0.179058 0.005342 0.021538 0.983588
0.0 0.1733 0.0 1.0 -0.179058 -0.005343 -0.021538 0.983588
0.0 0.24687 0.0 1.0 0.111172 -0.000038 -0.000047 0.993801
0.05731 0.21959 0.00028 1.0 -0.504557 -0.432627 -0.539758 0.516641
-0.05731 0.21959 0.00028 1.0 -0.504476 0.432728 0.539748 0.516645
0.0 0.11937 0.0 1.0 -0.362385 0.10804 0.208862 0.901877
0.0 0.11937 0.0 1.0 -0.362843 -0.108049 -0.209491 0.901546
0.0 0.09951 0.0 1.0 -0.091735 -0.000043 -0.000043 0.995784
0.0 0.1329 0.0 1.0 0.0 0.046065 0.0 0.998939
0.0 0.1329 0.0 1.0 0.0 -0.045952 0.0 0.998944
0.054 0.12356 0.10523 1.0 -0.000163 0.742511 0.669834 0.000173
-0.054 0.12356 0.10523 1.0 0.000167 0.742511 0.669834 -0.000125
0.0 0.1329 0.0 1.0 -0.058991 -0.000692 -0.641766 0.764628
0.0 0.1329 0.0 1.0 -0.059133 0.000671 0.640592 0.765601
-0.05596 0.17862 -0.01219 1.0 -0.351406 -0.365498 0.725488 0.465396
0.05591 0.17867 -0.01221 1.0 -0.351468 0.365689 -0.725393 0.465346
0.0 0.2624 0.0 1.0 -0.0265 0.050649 0.149411 0.987121
0.0 0.2624 0.0 1.0 -0.026423 -0.050132 -0.147945 0.987371
0.0 0.13077 0.0 1.0 0.125822 0.128727 0.246791 0.952204
0.0 0.13077 0.0 1.0 0.126081 -0.128552 -0.245926 0.952417
0.00718 0.07562 -0.04315 1.0 -0.020939 -0.012473 0.023005 0.999438
-0.00718 0.07562 -0.04315 1.0 -0.020939 0.012473 -0.023005 0.999438
0.04641 0.1142 -0.0041 1.0 -0.456847 0.113912 -0.114599 0.874747
-0.04641 0.1142 -0.00409 1.0 -0.456851 -0.113908 0.1146 0.874745
0.0198 0.12271 0.00007 1.0 -0.469251 0.030331 -0.02733 0.882121
-0.0198 0.12271 0.00007 1.0 -0.469251 -0.030331 0.02733 0.882121
-0.02942 0.11104 -0.00169 1.0 -0.49447 -0.124062 0.101447 0.854293
0.02942 0.11104 -0.00169 1.0 -0.49447 0.124062 -0.101447 0.854293
-0.00705 0.12057 -0.00087 1.0 -0.461468 -0.024078 0.02697 0.88642
0.00705 0.12057 -0.00087 1.0 -0.46147 0.024081 -0.026969 0.886419
0.03234 0.03392 -0.01127 1.0 0.095514 0.527999 -0.364666 0.760994
-0.03234 0.03392 -0.01127 1.0 0.095513 -0.527999 0.364666 0.760994
0.0 0.13612 0.0 1.0 0.12773 0.004778 -0.071131 0.989244
0.0 0.13612 0.0 1.0 0.12773 -0.004778 0.071131 0.989244
0.0 0.03329 0.0 1.0 -0.493059 -0.000003 -0.000002 0.869996
0.0 0.03329 0.0 1.0 -0.493056 0.0 0.0 0.869998
0.0 0.03781 0.0 1.0 -0.493057 -0.000001 0.0 0.869997
0.0 0.03781 0.0 1.0 -0.493057 0.000001 0.0 0.869997
0.0 0.0258 0.0 1.0 -0.463182 0.0 0.0 0.886263
0.0 0.0258 0.0 1.0 -0.463182 0.0 0.0 0.886263
0.0 0.03416 0.0 1.0 -0.493059 -0.000003 -0.000002 0.869996
0.0 0.03416 0.0 1.0 -0.493057 0.0 0.0 0.869997
0.0 0.03794 0.0 1.0 -0.169596 0.031306 0.044558 0.984008
0.0 0.03794 0.0 1.0 -0.169596 -0.031306 -0.044558 0.984008
0.0 0.02674 0.0 1.0 -0.384418 0.000001 0.000001 0.923159
0.0 0.02674 0.0 1.0 -0.384418 -0.000001 -0.000001 0.923159
0.0 0.03015 0.0 1.0 -0.384417 0.000001 0.0 0.92316
0.0 0.03015 0.0 1.0 -0.384417 -0.000001 0.0 0.92316
0.0 0.02184 0.0 1.0 -0.364807 0.0 -0.000001 0.931083
0.0 0.02184 0.0 1.0 -0.364807 0.000001 0.0 0.931083
0.0 0.0281 0.0 1.0 -0.384418 0.0 0.0 0.923159
0.0 0.02809 0.0 1.0 -0.384418 0.0 0.0 0.923159
0.0 0.03551 0.0 1.0 -0.104374 -0.002458 0.029913 0.994085
0.0 0.03551 0.0 1.0 -0.104374 0.002458 -0.029913 0.994085


##### Pose: 3 ##############################################

0.0 -0.03 0.522 1.0 0.0 0.707107 0.707107 0.0
0.10888 0.03549 -0.00559 1.0 0.978479 0.041331 -0.059961 0.19307
-0.10888 0.03549 -0.00559 1.0 0.978479 -0.041329 0.059961 0.19307
0.0 0.11713 0.0 1.0 0.18994 0.000204 -0.000204 0.981796
0.0 0.40298 0.0 1.0 0.408518 -0.000468 -0.063034 0.910571
0.0 0.40298 0.0 1.0 0.408518 0.000468 0.063034 0.910571
0.0 0.11353 0.0 1.0 -0.208156 0.000257 -0.000315 0.978096
0.0 0.40596 0.0 1.0 -0.675316 -0.007467 0.050898 0.735732
0.0 0.40596 0.0 1.0 -0.675316 0.007468 -0.050898 0.735732
0.0 0.14148 0.0 1.0 -0.053932 -0.000001 0.0 0.998545
0.0 0.1733 0.0 1.0 -0.179058 0.005342 0.021538 0.983588
0.0 0.1733 0.0 1.0 -0.179058 -0.005343 -0.021538 0.983588
0.0 0.24687 0.0 1.0 0.111172 -0.000038 -0.000047 0.993801
0.05731 0.21959 0.00028 1.0 -0.504557 -0.432627 -0.539758 0.516641
-0.05731 0.21959 0.00028 1.0 -0.504476 0.432728 0.539748 0.516645
0.0 0.11937 0.0 1.0 -0.362385 0.10804 0.208862 0.901877
0.0 0.11937 0.0 1.0 -0.362843 -0.108049 -0.209491 0.901546
0.0 0.09951 0.0 1.0 -0.091735 -0.000043 -0.000043 0.995784
0.0 0.1329 0.0 1.0 0.0 0.046065 0.0 0.998939
0.0 0.1329 0.0 1.0 0.0 -0.045952 0.0 0.998944
0.054 0.12356 0.10523 1.0 -0.000163 0.742511 0.669834 0.000173
-0.054 0.12356 0.10523 1.0 0.000167 0.742511 0.669834 -0.000125
0.0 0.1329 0.0 1.0 -0.058991 -0.000692 -0.641766 0.764628
0.0 0.1329 0.0 1.0 -0.059133 0.000671 0.640592 0.765601
-0.05596 0.17862 -0.01219 1.0 -0.351406 -0.365498 0.725488 0.465396
0.05591 0.17867 -0.01221 1.0 -0.351468 0.365689 -0.725393 0.465346
0.0 0.2624 0.0 1.0 -0.0265 0.050649 0.149411 0.987121
0.0 0.2624 0.0 1.0 -0.026423 -0.050132 -0.147945 0.987371
0.0 0.13077 0.0 1.0 0.125822 0.128727 0.246791 0.952204
0.0 0.13077 0.0 1.0 0.126081 -0.128552 -0.245926 0.952417
0.00718 0.07562 -0.04315 1.0 -0.020939 -0.012473 0.023005 0.999438
-0.00718 0.07562 -0.04315 1.0 -0.020939 0.012473 -0.023005 0.999438
0.04641 0.1142 -0.0041 1.0 -0.456847 0.113912 -0.114599 0.874747
-0.04641 0.1142 -0.00409 1.0 -0.456851 -0.113908 0.1146 0.874745
0.0198 0.12271 0.00007 1.0 -0.469251 0.030331 -0.02733 0.882121
-0.0198 0.12271 0.00007 1.0 -0.469251 -0.030331 0.02733 0.882121
-0.02942 0.11104 -0.00169 1.0 -0.49447 -0.124062 0.101447 0.854293
0.02942 0.11104 -0.00169 1.0 -0.49447 0.124062 -0.101447 0.854293
-0.00705 0.12057 -0.00087 1.0 -0.461468 -0.024078 0.02697 0.88642
0.00705 0.12057 -0.00087 1.0 -0.46147 0.024081 -0.026969 0.886419
0.03234 0.03392 -0.01127 1.0 0.095514 0.527999 -0.364666 0.760994
-0.03234 0.03392 -0.01127 1.0 0.095513 -0.527999 0.364666 0.760994
0.0 0.13612 0.0 1.0 0.12773 0.004778 -0.071131 0.989244
0.0 0.13612 0.0 1.0 0.12773 -0.004778 0.071131 0.989244
0.0 0.03329 0.0 1.0 -0.493059 -0.000003 -0.000002 0.869996
0.0 0.03329 0.0 1.0 -0.493056 0.0 0.0 0.869998
0.0 0.03781 0.0 1.0 -0.493057 -0.000001 0.0 0.869997
0.0 0.03781 0.0 1.0 -0.493057 0.000001 0.0 0.869997
0.0 0.0258 0.0 1.0 -0.463182 0.0 0.0 0.886263
0.0 0.0258 0.0 1.0 -0.463182 0.0 0.0 0.886263
0.0 0.03416 0.0 1.0 -0.493059 -0.000003 -0.000002 0.869996
0.0 0.03416 0.0 1.0 -0.493057 0.0 0.0 0.869997
0.0 0.03794 0.0 1.0 -0.169596 0.031306 0.044558 0.984008
0.0 0.03794 0.0 1.0 -0.169596 -0.031306 -0.044558 0.984008
0.0 0.02674 0.0 1.0 -0.384418 0.000001 0.000001 0.923159
0.0 0.02674 0.0 1.0 -0.384418 -0.000001 -0.000001 0.923159
0.0 0.03015 0.0 1.0 -0.384417 0.000001 0.0 0.92316
0.0 0.03015 0.0 1.0 -0.384417 -0.000001 0.0 0.92316
0.0 0.02184 0.0 1.0 -0.364807 0.0 -0.000001 0.931083
0.0 0.02184 0.0 1.0 -0.364807 0.000001 0.0 0.931083
0.0 0.0281 0.0 1.0 -0.384418 0.0 0.0 0.923159
0.0 0.02809 0.0 1.0 -0.384418 0.0 0.0 0.923159
0.0 0.03551 0.0 1.0 -0.104374 -0.002458 0.029913 0.994085
0.0 0.03551 0.0 1.0 -0.104374 0.002458 -0.029913 0.994085


##### Pose: 4 ##############################################

0.0 -0.03 0.477 1.0 0.0 0.707107 0.707107 0.0
0.11726 0.05095 -0.02051 1.0 0.931583 0.068949 -0.005103 0.356893
-0.11726 0.05095 -0.02051 1.0 0.931583 -0.068948 0.005104 0.356893
0.0 0.11713 0.0 1.0 0.18994 0.000204 -0.000204 0.981796
0.0 0.40298 0.0 1.0 0.804188 -0.000645 -0.096394 0.586506
0.0 0.40298 0.0 1.0 0.804188 0.000645 0.096394 0.586506
0.0 0.11353 0.0 1.0 -0.191054 0.000269 -0.000303 0.981579
0.0 0.40596 0.0 1.0 -0.82421 -0.007228 0.040549 0.564785
0.0 0.40596 0.0 1.0 -0.82421 0.007228 -0.04055 0.564785
0.0 0.14148 0.0 1.0 -0.027774 0.000018 0.00003 0.999614
0.0 0.1733 0.0 1.0 -0.179058 0.005342 0.021538 0.983588
0.0 0.1733 0.0 1.0 -0.179058 -0.005343 -0.021538 0.983588
0.0 0.24687 0.0 1.0 0.024134 -0.000113 -0.000141 0.999709
0.05731 0.21959 0.00028 1.0 -0.526094 -0.425422 -0.544313 0.495948
-0.05731 0.21959 0.00028 1.0 -0.526137 0.425354 0.544324 0.495949
0.0 0.11937 0.0 1.0 0.29684 -0.065164 0.021563 0.952457
0.0 0.11937 0.0 1.0 0.295868 0.065047 -0.023109 0.952731
0.0 0.09951 0.0 1.0 -0.135083 -0.000085 -0.000086 0.990834
0.0 0.1329 0.0 1.0 0.0 -0.037731 0.0 0.999288
0.0 0.1329 0.0 1.0 0.0 0.037396 0.0 0.999301
0.054 0.12356 0.10523 1.0 -0.000165 0.776549 0.630056 0.000237
-0.054 0.12356 0.10523 1.0 0.000181 0.776549 0.630056 -0.000044
0.0 0.1329 0.0 1.0 0.013257 -0.001189 -0.578798 0.815362
0.0 0.1329 0.0 1.0 0.013175 0.001181 0.578408 0.81564
-0.03957 0.16679 -0.00162 1.0 -0.408235 -0.364314 0.717076 0.431765
0.03957 0.16679 -0.00162 1.0 -0.408234 0.364315 -0.717077 0.431765
0.0 0.2624 0.0 1.0 0.014532 -0.315808 -0.240549 0.917709
0.0 0.2624 0.0 1.0 0.014706 0.315537 0.241596 0.917525
0.0 0.13077 0.0 1.0 -0.171727 0.020415 0.181817 0.968006
0.0 0.13077 0.0 1.0 -0.171727 -0.020415 -0.181818 0.968006
0.00718 0.07562 -0.04315 1.0 -0.020939 -0.012473 0.023005 0.999438
-0.00718 0.07562 -0.04315 1.0 -0.020939 0.012473 -0.023005 0.999438
0.04641 0.1142 -0.00409 1.0 -0.456847 0.113912 -0.114599 0.874747
-0.04641 0.1142 -0.00409 1.0 -0.456851 -0.113908 0.1146 0.874745
0.0198 0.12271 0.00007 1.0 -0.469251 0.030331 -0.02733 0.882121
-0.0198 0.12271 0.00007 1.0 -0.469251 -0.030331 0.02733 0.882121
-0.02942 0.11104 -0.00169 1.0 -0.49447 -0.124062 0.101447 0.854293
0.02942 0.11104 -0.00169 1.0 -0.49447 0.124062 -0.101447 0.854293
-0.00705 0.12057 -0.00087 1.0 -0.461468 -0.024078 0.02697 0.88642
0.00705 0.12057 -0.00087 1.0 -0.46147 0.024081 -0.026969 0.886419
0.03234 0.03392 -0.01127 1.0 0.095514 0.527999 -0.364666 0.760994
-0.03234 0.03392 -0.01127 1.0 0.095513 -0.527999 0.364666 0.760994
0.0 0.13612 0.0 1.0 0.12773 0.004778 -0.071131 0.989244
0.0 0.13612 0.0 1.0 0.127729 -0.004778 0.071131 0.989244
0.0 0.03329 0.0 1.0 -0.493059 -0.000004 -0.000002 0.869996
0.0 0.03329 0.0 1.0 -0.493056 0.0 0.0 0.869998
0.0 0.03781 0.0 1.0 -0.493057 -0.000001 0.0 0.869997
0.0 0.03781 0.0 1.0 -0.493057 0.000001 0.0 0.869997
0.0 0.0258 0.0 1.0 -0.463182 0.0 0.0 0.886263
0.0 0.0258 0.0 1.0 -0.463182 0.0 0.0 0.886263
0.0 0.03416 0.0 1.0 -0.493059 -0.000003 -0.000002 0.869996
0.0 0.03416 0.0 1.0 -0.493057 0.0 0.0 0.869997
0.0 0.03794 0.0 1.0 -0.169596 0.031306 0.044558 0.984008
0.0 0.03794 0.0 1.0 -0.169596 -0.031306 -0.044558 0.984008
0.0 0.02674 0.0 1.0 -0.384418 0.000001 0.000001 0.923159
0.0 0.02674 0.0 1.0 -0.384418 -0.000001 -0.000001 0.923159
0.0 0.03015 0.0 1.0 -0.384417 0.000001 0.0 0.92316
0.0 0.03015 0.0 1.0 -0.384417 -0.000001 0.0 0.92316
0.0 0.02184 0.0 1.0 -0.364807 0.0 -0.000001 0.931083
0.0 0.02184 0.0 1.0 -0.364807 0.000001 0.0 0.931083
0.0 0.02809 0.0 1.0 -0.384418 0.0 0.0 0.923159
0.0 0.02809 0.0 1.0 -0.384418 0.0 0.0 0.923159
0.0 0.03551 0.0 1.0 -0.104374 -0.002458 0.029913 0.994085
0.0 0.03551 0.0 1.0 -0.104374 0.002458 -0.029913 0.994085
