# SQEE Animation Format


################################################################################

SECTION Header

BoneCount 64
PoseCount 4
TotalTime 16

Times 4 4 4 4


################################################################################

SECTION Poses


##### Pose: 0 ##############################################

0.0 -0.03 0.477 1.0 0.0 0.707107 0.707107 0.0
0.11726 0.05095 -0.02051 1.0 0.931583 0.068949 -0.005103 0.356893
-0.11726 0.05095 -0.02051 1.0 0.931583 -0.068948 0.005104 0.356893
0.0 0.11713 0.0 1.0 0.18994 0.000204 -0.000204 0.981796
0.0 0.40298 0.0 1.0 0.804188 -0.000645 -0.096394 0.586506
0.0 0.40298 0.0 1.0 0.804188 0.000645 0.096394 0.586506
0.0 0.11353 0.0 1.0 -0.191054 0.000269 -0.000303 0.981579
0.0 0.40596 0.0 1.0 -0.82421 -0.007228 0.040549 0.564785
0.0 0.40596 0.0 1.0 -0.82421 0.007228 -0.04055 0.564785
0.0 0.14148 0.0 1.0 -0.027774 0.000018 0.00003 0.999614
0.0 0.1733 0.0 1.0 -0.179058 0.005342 0.021538 0.983588
0.0 0.1733 0.0 1.0 -0.179058 -0.005343 -0.021538 0.983588
0.0 0.24687 0.0 1.0 0.024134 -0.000113 -0.000141 0.999709
0.05728 0.21969 -0.00151 1.0 -0.525938 -0.425565 -0.544338 0.495964
-0.05728 0.21949 0.00208 1.0 -0.526289 0.425213 0.544304 0.49593
0.0 0.11937 0.0 1.0 0.296529 -0.064594 0.018544 0.952657
0.0 0.11937 0.0 1.0 0.296163 0.065593 -0.026091 0.952525
0.0 0.09951 0.0 1.0 -0.135083 -0.000085 -0.000086 0.990834
0.0 0.1329 0.0 1.0 0.0 -0.037712 0.0 0.999289
0.0 0.1329 0.0 1.0 0.0 0.0374 0.0 0.9993
0.054 0.12356 0.10523 1.0 -0.000165 0.776549 0.630056 0.000237
-0.054 0.12356 0.10523 1.0 0.000181 0.776549 0.630056 -0.000044
0.0 0.1329 0.0 1.0 0.013233 -0.001156 -0.57654 0.816961
0.0 0.1329 0.0 1.0 0.013197 0.001213 0.580518 0.814139
-0.03957 0.16679 -0.00162 1.0 -0.42668 -0.395246 0.700503 0.413547
0.03957 0.16679 -0.00162 1.0 -0.426679 0.395246 -0.700503 0.413547
0.0 0.2624 0.0 1.0 0.014343 -0.315133 -0.240192 0.918038
0.0 0.2624 0.0 1.0 0.014882 0.316193 0.242087 0.917167
0.0 0.13077 0.0 1.0 -0.045183 0.000046 0.02868 0.998567
0.0 0.13077 0.0 1.0 -0.045183 -0.000046 -0.02868 0.998567
0.00718 0.07562 -0.04315 1.0 -0.020939 -0.012473 0.023005 0.999438
-0.00718 0.07562 -0.04315 1.0 -0.020939 0.012473 -0.023005 0.999438
0.04641 0.1142 -0.0041 1.0 -0.456847 0.113912 -0.114599 0.874747
-0.04641 0.1142 -0.00409 1.0 -0.456851 -0.113908 0.1146 0.874745
0.0198 0.12271 0.00007 1.0 -0.469251 0.030331 -0.02733 0.882121
-0.0198 0.12271 0.00007 1.0 -0.469251 -0.030331 0.02733 0.882121
-0.02942 0.11104 -0.00169 1.0 -0.49447 -0.124062 0.101447 0.854293
0.02942 0.11104 -0.00169 1.0 -0.49447 0.124062 -0.101447 0.854293
-0.00705 0.12057 -0.00087 1.0 -0.461468 -0.024078 0.02697 0.88642
0.00705 0.12057 -0.00087 1.0 -0.46147 0.024081 -0.026969 0.886419
0.03234 0.03392 -0.01127 1.0 0.095514 0.527999 -0.364666 0.760994
-0.03234 0.03392 -0.01127 1.0 0.095513 -0.527999 0.364666 0.760994
0.0 0.13612 0.0 1.0 -0.053332 -0.001113 0.016014 0.998448
0.0 0.13612 0.0 1.0 -0.053333 0.001113 -0.016014 0.998448
0.0 0.03329 0.0 1.0 -0.493059 -0.000004 -0.000002 0.869996
0.0 0.03329 0.0 1.0 -0.493056 0.0 0.0 0.869998
0.0 0.03781 0.0 1.0 -0.493057 -0.000001 0.0 0.869997
0.0 0.03781 0.0 1.0 -0.493057 0.000001 0.0 0.869997
0.0 0.0258 0.0 1.0 -0.463182 0.0 0.0 0.886263
0.0 0.0258 0.0 1.0 -0.463182 0.0 0.0 0.886263
0.0 0.03416 0.0 1.0 -0.493059 -0.000003 -0.000002 0.869996
0.0 0.03416 0.0 1.0 -0.493057 0.0 0.0 0.869997
0.0 0.03794 0.0 1.0 -0.169596 0.031306 0.044558 0.984008
0.0 0.03794 0.0 1.0 -0.169596 -0.031306 -0.044558 0.984008
0.0 0.02674 0.0 1.0 -0.384418 0.000001 0.000001 0.923159
0.0 0.02674 0.0 1.0 -0.384418 -0.000001 -0.000001 0.923159
0.0 0.03015 0.0 1.0 -0.384417 0.000001 0.0 0.92316
0.0 0.03015 0.0 1.0 -0.384417 -0.000001 0.0 0.92316
0.0 0.02184 0.0 1.0 -0.364807 0.0 -0.000001 0.931083
0.0 0.02184 0.0 1.0 -0.364807 0.000001 0.0 0.931083
0.0 0.02809 0.0 1.0 -0.384418 0.0 0.0 0.923159
0.0 0.0281 0.0 1.0 -0.384418 0.0 0.0 0.923159
0.0 0.03551 0.0 1.0 -0.104374 -0.002458 0.029913 0.994085
0.0 0.03551 0.0 1.0 -0.104374 0.002458 -0.029913 0.994085


##### Pose: 1 ##############################################

0.0 -0.03 0.477 1.0 0.0 0.707107 0.707107 0.0
0.11742 0.05132 -0.0208 1.0 0.930533 0.070043 -0.004565 0.359418
-0.11695 0.05023 -0.01997 1.0 0.93369 -0.066876 0.006171 0.351727
0.0 0.11713 0.0 1.0 0.18994 0.000204 -0.000204 0.981796
0.0 0.40298 0.0 1.0 0.808253 -0.000657 -0.09602 0.580953
0.0 0.40298 0.0 1.0 0.795847 0.000624 0.097018 0.597674
0.0 0.11353 0.0 1.0 -0.191054 0.000269 -0.000303 0.981579
0.0 0.40596 0.0 1.0 -0.826538 -0.006902 0.041305 0.561321
0.0 0.40596 0.0 1.0 -0.819477 0.007795 -0.039013 0.57173
0.0 0.14148 0.0 1.0 -0.027771 0.017464 -0.000454 0.999462
0.0 0.1733 0.0 1.0 -0.179058 0.005342 0.021538 0.983588
0.0 0.1733 0.0 1.0 -0.179058 -0.005343 -0.021538 0.983588
0.0 0.24687 0.0 1.0 0.024132 -0.008837 -0.000352 0.99967
0.05728 0.21969 -0.00151 1.0 -0.5171 -0.433583 -0.553249 0.488393
-0.05728 0.21949 0.00208 1.0 -0.534828 0.417108 0.535288 0.503434
0.0 0.11937 0.0 1.0 0.307095 -0.063911 0.008312 0.949494
0.0 0.11937 0.0 1.0 0.285324 0.065757 -0.03594 0.955497
0.0 0.09951 0.0 1.0 -0.135078 -0.008732 0.001093 0.990796
0.0 0.1329 0.0 1.0 0.0 -0.038572 0.0 0.999256
0.0 0.1329 0.0 1.0 0.0 0.036433 0.0 0.999336
0.054 0.12356 0.10523 1.0 -0.000165 0.776549 0.630056 0.000237
-0.054 0.12356 0.10523 1.0 0.000181 0.776549 0.630056 -0.000044
0.0 0.1329 0.0 1.0 0.014405 -0.000943 -0.560163 0.828257
0.0 0.1329 0.0 1.0 0.012019 0.001404 0.595207 0.803482
-0.03957 0.16679 -0.00162 1.0 -0.40085 -0.352095 0.723155 0.43863
0.03957 0.16679 -0.00162 1.0 -0.462458 0.457204 -0.661731 0.373107
0.0 0.2624 0.0 1.0 0.006694 -0.324386 -0.24628 0.913277
0.0 0.2624 0.0 1.0 0.022349 0.306561 0.23706 0.921588
0.0 0.13077 0.0 1.0 -0.165585 -0.003422 0.028475 0.985779
0.0 0.13077 0.0 1.0 0.075882 -0.003513 -0.028464 0.996704
0.00718 0.07562 -0.04315 1.0 -0.020939 -0.012473 0.023005 0.999438
-0.00718 0.07562 -0.04315 1.0 -0.020939 0.012473 -0.023005 0.999438
0.04641 0.1142 -0.0041 1.0 -0.456847 0.113912 -0.1146 0.874747
-0.04642 0.1142 -0.00409 1.0 -0.456851 -0.113908 0.1146 0.874745
0.0198 0.12271 0.00007 1.0 -0.469251 0.030331 -0.02733 0.882121
-0.0198 0.12271 0.00007 1.0 -0.469251 -0.030332 0.02733 0.882121
-0.02942 0.11104 -0.00169 1.0 -0.49447 -0.124062 0.101447 0.854293
0.02942 0.11104 -0.00169 1.0 -0.49447 0.124062 -0.101447 0.854293
-0.00705 0.12057 -0.00087 1.0 -0.461468 -0.024078 0.02697 0.88642
0.00705 0.12057 -0.00087 1.0 -0.46147 0.024081 -0.026969 0.886419
0.03234 0.03392 -0.01127 1.0 0.095514 0.527999 -0.364666 0.760994
-0.03234 0.03392 -0.01127 1.0 0.095513 -0.527999 0.364666 0.760994
0.0 0.13612 0.0 1.0 0.09797 0.001317 0.015999 0.99506
0.0 0.13612 0.0 1.0 -0.203413 0.003517 -0.015663 0.978961
0.0 0.03329 0.0 1.0 -0.493059 -0.000004 -0.000002 0.869996
0.0 0.03329 0.0 1.0 -0.493056 0.0 0.0 0.869998
0.0 0.03781 0.0 1.0 -0.493057 -0.000001 0.0 0.869997
0.0 0.03781 0.0 1.0 -0.493057 0.000001 0.0 0.869997
0.0 0.0258 0.0 1.0 -0.463182 0.0 0.0 0.886263
0.0 0.0258 0.0 1.0 -0.463182 0.0 0.0 0.886263
0.0 0.03416 0.0 1.0 -0.493059 -0.000003 -0.000002 0.869996
0.0 0.03416 0.0 1.0 -0.493057 0.0 0.0 0.869997
0.0 0.03794 0.0 1.0 -0.169596 0.031306 0.044558 0.984008
0.0 0.03794 0.0 1.0 -0.169596 -0.031306 -0.044558 0.984008
0.0 0.02674 0.0 1.0 -0.384418 0.000001 0.000001 0.923159
0.0 0.02674 0.0 1.0 -0.384418 -0.000001 -0.000001 0.923159
0.0 0.03015 0.0 1.0 -0.384417 0.000001 0.0 0.92316
0.0 0.03015 0.0 1.0 -0.384417 -0.000001 0.0 0.92316
0.0 0.02184 0.0 1.0 -0.364807 0.0 -0.000001 0.931083
0.0 0.02184 0.0 1.0 -0.364807 0.000001 0.0 0.931083
0.0 0.02809 0.0 1.0 -0.384418 0.0 0.0 0.923159
0.0 0.0281 0.0 1.0 -0.384418 0.0 0.0 0.923159
0.0 0.03551 0.0 1.0 -0.104374 -0.002458 0.029913 0.994085
0.0 0.03551 0.0 1.0 -0.104374 0.002458 -0.029913 0.994085


##### Pose: 2 ##############################################

0.0 -0.03 0.477 1.0 0.0 0.707107 0.707107 0.0
0.11726 0.05095 -0.02051 1.0 0.931583 0.068949 -0.005103 0.356893
-0.11726 0.05095 -0.02051 1.0 0.931583 -0.068948 0.005104 0.356893
0.0 0.11713 0.0 1.0 0.18994 0.000204 -0.000204 0.981796
0.0 0.40298 0.0 1.0 0.804188 -0.000645 -0.096394 0.586506
0.0 0.40298 0.0 1.0 0.804188 0.000645 0.096394 0.586506
0.0 0.11353 0.0 1.0 -0.191054 0.000269 -0.000303 0.981579
0.0 0.40596 0.0 1.0 -0.82421 -0.007228 0.040549 0.564785
0.0 0.40596 0.0 1.0 -0.82421 0.007228 -0.04055 0.564785
0.0 0.14148 0.0 1.0 -0.027774 0.000018 0.00003 0.999614
0.0 0.1733 0.0 1.0 -0.179058 0.005342 0.021538 0.983588
0.0 0.1733 0.0 1.0 -0.179058 -0.005343 -0.021538 0.983588
0.0 0.24687 0.0 1.0 0.024134 -0.000113 -0.000141 0.999709
0.05728 0.21969 -0.00151 1.0 -0.525938 -0.425565 -0.544338 0.495964
-0.05728 0.21949 0.00208 1.0 -0.526289 0.425213 0.544304 0.49593
0.0 0.11937 0.0 1.0 0.296529 -0.064594 0.018544 0.952657
0.0 0.11937 0.0 1.0 0.296163 0.065593 -0.026091 0.952525
0.0 0.09951 0.0 1.0 -0.135083 -0.000085 -0.000086 0.990834
0.0 0.1329 0.0 1.0 0.0 -0.037712 0.0 0.999289
0.0 0.1329 0.0 1.0 0.0 0.0374 0.0 0.9993
0.054 0.12356 0.10523 1.0 -0.000165 0.776549 0.630056 0.000237
-0.054 0.12356 0.10523 1.0 0.000181 0.776549 0.630056 -0.000044
0.0 0.1329 0.0 1.0 0.013233 -0.001156 -0.57654 0.816961
0.0 0.1329 0.0 1.0 0.013197 0.001213 0.580518 0.814139
-0.03957 0.16679 -0.00162 1.0 -0.42668 -0.395246 0.700503 0.413547
0.03957 0.16679 -0.00162 1.0 -0.426679 0.395246 -0.700503 0.413547
0.0 0.2624 0.0 1.0 0.014343 -0.315133 -0.240192 0.918038
0.0 0.2624 0.0 1.0 0.014882 0.316193 0.242087 0.917167
0.0 0.13077 0.0 1.0 -0.045183 0.000046 0.02868 0.998567
0.0 0.13077 0.0 1.0 -0.045183 -0.000046 -0.02868 0.998567
0.00718 0.07562 -0.04315 1.0 -0.020939 -0.012473 0.023005 0.999438
-0.00718 0.07562 -0.04315 1.0 -0.020939 0.012473 -0.023005 0.999438
0.04641 0.1142 -0.0041 1.0 -0.456847 0.113912 -0.114599 0.874747
-0.04641 0.1142 -0.00409 1.0 -0.456851 -0.113908 0.1146 0.874745
0.0198 0.12271 0.00007 1.0 -0.469251 0.030331 -0.02733 0.882121
-0.0198 0.12271 0.00007 1.0 -0.469251 -0.030331 0.02733 0.882121
-0.02942 0.11104 -0.00169 1.0 -0.49447 -0.124062 0.101447 0.854293
0.02942 0.11104 -0.00169 1.0 -0.49447 0.124062 -0.101447 0.854293
-0.00705 0.12057 -0.00087 1.0 -0.461468 -0.024078 0.02697 0.88642
0.00705 0.12057 -0.00087 1.0 -0.46147 0.024081 -0.026969 0.886419
0.03234 0.03392 -0.01127 1.0 0.095514 0.527999 -0.364666 0.760994
-0.03234 0.03392 -0.01127 1.0 0.095513 -0.527999 0.364666 0.760994
0.0 0.13612 0.0 1.0 -0.053332 -0.001113 0.016014 0.998448
0.0 0.13612 0.0 1.0 -0.053333 0.001113 -0.016014 0.998448
0.0 0.03329 0.0 1.0 -0.493059 -0.000004 -0.000002 0.869996
0.0 0.03329 0.0 1.0 -0.493056 0.0 0.0 0.869998
0.0 0.03781 0.0 1.0 -0.493057 -0.000001 0.0 0.869997
0.0 0.03781 0.0 1.0 -0.493057 0.000001 0.0 0.869997
0.0 0.0258 0.0 1.0 -0.463182 0.0 0.0 0.886263
0.0 0.0258 0.0 1.0 -0.463182 0.0 0.0 0.886263
0.0 0.03416 0.0 1.0 -0.493059 -0.000003 -0.000002 0.869996
0.0 0.03416 0.0 1.0 -0.493057 0.0 0.0 0.869997
0.0 0.03794 0.0 1.0 -0.169596 0.031306 0.044558 0.984008
0.0 0.03794 0.0 1.0 -0.169596 -0.031306 -0.044558 0.984008
0.0 0.02674 0.0 1.0 -0.384418 0.000001 0.000001 0.923159
0.0 0.02674 0.0 1.0 -0.384418 -0.000001 -0.000001 0.923159
0.0 0.03015 0.0 1.0 -0.384417 0.000001 0.0 0.92316
0.0 0.03015 0.0 1.0 -0.384417 -0.000001 0.0 0.92316
0.0 0.02184 0.0 1.0 -0.364807 0.0 -0.000001 0.931083
0.0 0.02184 0.0 1.0 -0.364807 0.000001 0.0 0.931083
0.0 0.02809 0.0 1.0 -0.384418 0.0 0.0 0.923159
0.0 0.0281 0.0 1.0 -0.384418 0.0 0.0 0.923159
0.0 0.03551 0.0 1.0 -0.104374 -0.002458 0.029913 0.994085
0.0 0.03551 0.0 1.0 -0.104374 0.002458 -0.029913 0.994085


##### Pose: 3 ##############################################

0.0 -0.03 0.477 1.0 0.0 0.707107 0.707107 0.0
0.11695 0.05023 -0.01997 1.0 0.93369 0.066877 -0.006171 0.351727
-0.11742 0.05132 -0.0208 1.0 0.930533 -0.070042 0.004565 0.359418
0.0 0.11713 0.0 1.0 0.18994 -0.000204 0.000204 0.981796
0.0 0.40298 0.0 1.0 0.795847 -0.000624 -0.097018 0.597674
0.0 0.40298 0.0 1.0 0.808253 0.000657 0.09602 0.580953
0.0 0.11353 0.0 1.0 -0.191054 -0.000266 0.000303 0.981579
0.0 0.40596 0.0 1.0 -0.819477 -0.007794 0.039013 0.57173
0.0 0.40596 0.0 1.0 -0.826538 0.006903 -0.041306 0.561321
0.0 0.14148 0.0 1.0 -0.027771 -0.017467 0.000454 0.999462
0.0 0.1733 0.0 1.0 -0.179058 0.005342 0.021538 0.983588
0.0 0.1733 0.0 1.0 -0.179058 -0.005343 -0.021538 0.983588
0.0 0.24687 0.0 1.0 0.024132 0.008837 0.000352 0.99967
0.05728 0.21969 -0.00151 1.0 -0.534556 -0.417359 -0.53533 0.503471
-0.05728 0.21949 0.00208 1.0 -0.517426 0.433292 0.553201 0.488362
0.0 0.11937 0.0 1.0 0.284806 -0.064736 0.030025 0.955925
0.0 0.11937 0.0 1.0 0.307742 0.065125 -0.014385 0.949129
0.0 0.09951 0.0 1.0 -0.135078 0.008732 -0.001093 0.990796
0.0 0.1329 0.0 1.0 0.0 -0.036439 0.0 0.999336
0.0 0.1329 0.0 1.0 0.0 0.038618 0.0 0.999254
0.054 0.12356 0.10523 1.0 -0.000181 0.776549 0.630056 0.000044
-0.054 0.12356 0.10523 1.0 0.000165 0.776549 0.630056 -0.000237
0.0 0.1329 0.0 1.0 0.011955 -0.001345 -0.591289 0.80637
0.0 0.1329 0.0 1.0 0.014467 0.001013 0.564954 0.824995
-0.03957 0.16679 -0.00162 1.0 -0.462459 -0.457204 0.661731 0.373107
0.03957 0.16679 -0.00162 1.0 -0.400849 0.352095 -0.723155 0.43863
0.0 0.2624 0.0 1.0 0.022054 -0.305302 -0.235857 0.922321
0.0 0.2624 0.0 1.0 0.007093 0.325781 0.246787 0.912641
0.0 0.13077 0.0 1.0 0.075882 0.003513 0.028464 0.996704
0.0 0.13077 0.0 1.0 -0.165585 0.003422 -0.028475 0.985779
0.00718 0.07562 -0.04315 1.0 -0.020939 -0.012473 0.023005 0.999438
-0.00718 0.07562 -0.04315 1.0 -0.020939 0.012473 -0.023005 0.999438
0.04641 0.1142 -0.0041 1.0 -0.456847 0.113912 -0.1146 0.874747
-0.04641 0.1142 -0.00409 1.0 -0.456851 -0.113908 0.1146 0.874745
0.0198 0.12271 0.00007 1.0 -0.469251 0.030331 -0.02733 0.882121
-0.0198 0.12271 0.00007 1.0 -0.469251 -0.030331 0.02733 0.882121
-0.02942 0.11104 -0.00169 1.0 -0.49447 -0.124062 0.101446 0.854293
0.02942 0.11104 -0.00169 1.0 -0.49447 0.124062 -0.101447 0.854293
-0.00705 0.12057 -0.00087 1.0 -0.461468 -0.024078 0.02697 0.88642
0.00705 0.12057 -0.00087 1.0 -0.46147 0.024081 -0.026969 0.886419
0.03234 0.03392 -0.01127 1.0 0.095514 0.527999 -0.364666 0.760994
-0.03234 0.03392 -0.01127 1.0 0.095513 -0.527999 0.364666 0.760994
0.0 0.13612 0.0 1.0 -0.203412 -0.003517 0.015663 0.978962
0.0 0.13612 0.0 1.0 0.097969 -0.001317 -0.015999 0.99506
0.0 0.03329 0.0 1.0 -0.493059 -0.000003 -0.000002 0.869996
0.0 0.03329 0.0 1.0 -0.493056 0.0 0.0 0.869998
0.0 0.03781 0.0 1.0 -0.493057 -0.000001 0.0 0.869997
0.0 0.03781 0.0 1.0 -0.493057 0.000001 0.0 0.869997
0.0 0.0258 0.0 1.0 -0.463182 0.0 0.0 0.886263
0.0 0.0258 0.0 1.0 -0.463182 0.0 0.0 0.886263
0.0 0.03416 0.0 1.0 -0.493059 -0.000003 -0.000002 0.869996
0.0 0.03416 0.0 1.0 -0.493057 0.0 0.0 0.869997
0.0 0.03794 0.0 1.0 -0.169596 0.031306 0.044558 0.984008
0.0 0.03794 0.0 1.0 -0.169596 -0.031306 -0.044558 0.984008
0.0 0.02674 0.0 1.0 -0.384418 0.000001 0.000001 0.923159
0.0 0.02674 0.0 1.0 -0.384418 -0.000001 -0.000001 0.923159
0.0 0.03015 0.0 1.0 -0.384417 0.000001 0.0 0.92316
0.0 0.03015 0.0 1.0 -0.384417 -0.000001 0.0 0.92316
0.0 0.02184 0.0 1.0 -0.364807 0.0 -0.000001 0.931083
0.0 0.02184 0.0 1.0 -0.364807 0.000001 0.0 0.931083
0.0 0.0281 0.0 1.0 -0.384418 0.0 0.0 0.923159
0.0 0.02809 0.0 1.0 -0.384418 0.0 0.0 0.923159
0.0 0.03551 0.0 1.0 -0.104374 -0.002458 0.029913 0.994085
0.0 0.03551 0.0 1.0 -0.104374 0.002458 -0.029913 0.994085