# SQEE Animation Format


################################################################################

SECTION Header

BoneCount 65
PoseCount 5
TotalTime 16

Times 4 4 4 4 0


################################################################################

SECTION Poses


##### Pose: 0 ##############################################

0.0 0.0 0.0 1.0 0.0 0.707107 0.707107 0.0
0.0 0.477 -0.03 1.0 0.0 0.0 0.0 1.0
0.11201 0.04057 -0.01192 1.0 0.976982 0.048378 -0.02593 0.206138
-0.11175 0.04012 -0.01151 1.0 0.979965 -0.04852 0.027311 0.19123
0.0 0.11713 0.0 1.0 0.18994 0.000204 -0.000204 0.981796
0.0 0.40298 0.0 1.0 0.540792 -0.000491 -0.079788 0.837363
0.0 0.40298 0.0 1.0 0.51287 0.000491 0.076208 0.855077
0.0 0.11353 0.0 1.0 -0.191054 0.000269 -0.000303 0.981579
0.0 0.40596 0.0 1.0 -0.690704 -0.001351 0.002357 0.723132
0.0 0.40596 0.0 1.0 -0.677738 -0.000253 0.000695 0.735303
0.0 0.14148 0.0 1.0 -0.027771 0.017464 -0.000454 0.999462
0.0 0.1733 0.0 1.0 -0.179058 0.005342 0.021538 0.983588
0.0 0.1733 0.0 1.0 -0.179058 -0.005343 -0.021538 0.983588
0.0 0.24687 0.0 1.0 0.024132 -0.008837 -0.000352 0.99967
0.05731 0.21959 0.00028 1.0 -0.5085 -0.435032 -0.554309 0.49489
-0.05731 0.21959 0.00028 1.0 -0.526335 0.418674 0.53526 0.511058
0.0 0.11937 0.0 1.0 -0.115763 0.018617 -0.049645 0.991861
0.0 0.11937 0.0 1.0 -0.075703 -0.014319 0.005844 0.997011
0.0 0.09951 0.0 1.0 -0.135078 -0.008732 0.001093 0.990796
0.0 0.1329 0.0 1.0 0.0 0.01094 0.0 0.99994
0.0 0.1329 0.0 1.0 0.0 -0.007542 0.0 0.999972
0.054 0.12356 0.10523 1.0 -0.000165 0.776549 0.630056 0.000237
-0.054 0.12356 0.10523 1.0 0.000181 0.776549 0.630056 -0.000044
0.0 0.1329 0.0 1.0 -0.026595 0.000727 -0.499716 0.865781
0.0 0.1329 0.0 1.0 -0.023211 -0.00002 0.545552 0.837756
-0.03957 0.16679 -0.00162 1.0 -0.40085 -0.352095 0.723155 0.43863
0.03957 0.16679 -0.00162 1.0 -0.462458 0.457204 -0.661731 0.373107
0.0 0.2624 0.0 1.0 0.20911 0.098474 -0.339206 0.911875
0.0 0.2624 0.0 1.0 0.190157 -0.059115 0.326648 0.92393
0.0 0.13077 0.0 1.0 -0.165585 -0.003422 0.028475 0.985779
0.0 0.13077 0.0 1.0 0.075882 -0.003513 -0.028464 0.996704
0.00718 0.07562 -0.04315 1.0 -0.020939 -0.012473 0.023005 0.999438
-0.00718 0.07562 -0.04315 1.0 -0.020939 0.012473 -0.023005 0.999438
0.04642 0.1142 -0.0041 1.0 -0.456847 0.113912 -0.114599 0.874747
-0.04642 0.1142 -0.00409 1.0 -0.456851 -0.113908 0.1146 0.874745
0.0198 0.12271 0.00007 1.0 -0.469251 0.030331 -0.02733 0.882121
-0.0198 0.12271 0.00007 1.0 -0.469251 -0.030332 0.02733 0.882121
-0.02942 0.11104 -0.00169 1.0 -0.49447 -0.124062 0.101447 0.854293
0.02942 0.11104 -0.00169 1.0 -0.49447 0.124062 -0.101447 0.854293
-0.00705 0.12057 -0.00087 1.0 -0.461468 -0.024078 0.02697 0.88642
0.00705 0.12057 -0.00087 1.0 -0.46147 0.024081 -0.026969 0.886419
0.03234 0.03392 -0.01127 1.0 0.095514 0.527999 -0.364666 0.760995
-0.03234 0.03392 -0.01127 1.0 0.095514 -0.527999 0.364666 0.760994
0.0 0.13612 0.0 1.0 0.09797 0.001317 0.015999 0.99506
0.0 0.13612 0.0 1.0 -0.203413 0.003517 -0.015663 0.978962
0.0 0.03329 0.0 1.0 -0.493059 -0.000003 -0.000002 0.869996
0.0 0.03329 0.0 1.0 -0.493056 0.0 0.0 0.869998
0.0 0.03781 0.0 1.0 -0.493057 -0.000001 0.0 0.869997
0.0 0.03781 0.0 1.0 -0.493057 0.000001 0.0 0.869997
0.0 0.0258 0.0 1.0 -0.463182 0.0 0.0 0.886264
0.0 0.0258 0.0 1.0 -0.463182 0.0 0.0 0.886263
0.0 0.03416 0.0 1.0 -0.493059 -0.000003 -0.000002 0.869996
0.0 0.03416 0.0 1.0 -0.493057 0.000001 0.0 0.869997
0.0 0.03794 0.0 1.0 -0.169596 0.031306 0.044558 0.984008
0.0 0.03794 0.0 1.0 -0.169596 -0.031306 -0.044558 0.984008
0.0 0.02674 0.0 1.0 -0.384418 0.000001 0.000001 0.923159
0.0 0.02674 0.0 1.0 -0.384418 -0.000001 -0.000001 0.923159
0.0 0.03015 0.0 1.0 -0.384417 0.000001 0.0 0.92316
0.0 0.03015 0.0 1.0 -0.384417 -0.000001 0.0 0.92316
0.0 0.02184 0.0 1.0 -0.364807 0.0 -0.000001 0.931083
0.0 0.02184 0.0 1.0 -0.364807 0.000001 0.0 0.931083
0.0 0.0281 0.0 1.0 -0.384418 0.0 0.0 0.923159
0.0 0.02809 0.0 1.0 -0.384418 0.0 0.0 0.923159
0.0 0.03551 0.0 1.0 -0.104374 -0.002458 0.029913 0.994085
0.0 0.03551 0.0 1.0 -0.104374 0.002458 -0.029913 0.994085


##### Pose: 1 ##############################################

0.0 0.0 0.0 1.0 0.0 0.707107 0.707107 0.0
0.0 0.477 -0.03 1.0 0.0 0.0 0.0 1.0
0.11742 0.05132 -0.0208 1.0 0.930533 0.070043 -0.004565 0.359418
-0.11695 0.05023 -0.01997 1.0 0.93369 -0.066876 0.006171 0.351727
0.0 0.11713 0.0 1.0 0.18994 0.000204 -0.000204 0.981796
0.0 0.40298 0.0 1.0 0.808253 -0.000657 -0.09602 0.580953
0.0 0.40298 0.0 1.0 0.795847 0.000624 0.097018 0.597674
0.0 0.11353 0.0 1.0 -0.191054 0.000269 -0.000303 0.981579
0.0 0.40596 0.0 1.0 -0.826538 -0.006902 0.041305 0.561321
0.0 0.40596 0.0 1.0 -0.819477 0.007795 -0.039013 0.57173
0.0 0.14148 0.0 1.0 -0.027771 0.017464 -0.000454 0.999462
0.0 0.1733 0.0 1.0 -0.179058 0.005342 0.021538 0.983588
0.0 0.1733 0.0 1.0 -0.179058 -0.005343 -0.021538 0.983588
0.0 0.24687 0.0 1.0 0.024132 -0.008837 -0.000352 0.99967
0.05731 0.21959 0.00028 1.0 -0.517265 -0.433436 -0.553224 0.488379
-0.05731 0.21959 0.00028 1.0 -0.534694 0.417232 0.535307 0.503454
0.0 0.11937 0.0 1.0 0.307426 -0.064528 0.011364 0.949314
0.0 0.11937 0.0 1.0 0.285073 0.065257 -0.033 0.955712
0.0 0.09951 0.0 1.0 -0.135078 -0.008732 0.001093 0.990796
0.0 0.1329 0.0 1.0 0.0 -0.038602 0.0 0.999255
0.0 0.1329 0.0 1.0 0.0 0.036443 0.0 0.999336
0.054 0.12356 0.10523 1.0 -0.000165 0.776549 0.630056 0.000237
-0.054 0.12356 0.10523 1.0 0.000181 0.776549 0.630056 -0.000044
0.0 0.1329 0.0 1.0 0.014437 -0.000979 -0.562629 0.826583
0.0 0.1329 0.0 1.0 0.011988 0.001376 0.593315 0.80488
-0.03957 0.16679 -0.00162 1.0 -0.40085 -0.352095 0.723155 0.43863
0.03957 0.16679 -0.00162 1.0 -0.462458 0.457204 -0.661731 0.373107
0.0 0.2624 0.0 1.0 0.006899 -0.325091 -0.246471 0.912974
0.0 0.2624 0.0 1.0 0.022206 0.305939 0.236399 0.921967
0.0 0.13077 0.0 1.0 -0.165585 -0.003422 0.028475 0.985779
0.0 0.13077 0.0 1.0 0.075882 -0.003513 -0.028464 0.996704
0.00718 0.07562 -0.04315 1.0 -0.020939 -0.012473 0.023005 0.999438
-0.00718 0.07562 -0.04315 1.0 -0.020939 0.012473 -0.023005 0.999438
0.04641 0.1142 -0.0041 1.0 -0.456847 0.113912 -0.114599 0.874747
-0.04641 0.1142 -0.00409 1.0 -0.456851 -0.113908 0.1146 0.874745
0.0198 0.12271 0.00007 1.0 -0.469251 0.030331 -0.02733 0.882121
-0.0198 0.12271 0.00007 1.0 -0.469251 -0.030332 0.02733 0.882121
-0.02942 0.11104 -0.00169 1.0 -0.49447 -0.124062 0.101447 0.854293
0.02942 0.11104 -0.00169 1.0 -0.49447 0.124062 -0.101447 0.854293
-0.00705 0.12057 -0.00087 1.0 -0.461468 -0.024078 0.02697 0.88642
0.00705 0.12057 -0.00087 1.0 -0.46147 0.024081 -0.026969 0.886419
0.03234 0.03392 -0.01127 1.0 0.095514 0.527999 -0.364666 0.760994
-0.03234 0.03392 -0.01127 1.0 0.095514 -0.527999 0.364666 0.760994
0.0 0.13612 0.0 1.0 0.09797 0.001317 0.015999 0.99506
0.0 0.13612 0.0 1.0 -0.203413 0.003517 -0.015663 0.978961
0.0 0.03329 0.0 1.0 -0.493059 -0.000004 -0.000002 0.869996
0.0 0.03329 0.0 1.0 -0.493056 0.0 0.0 0.869998
0.0 0.03781 0.0 1.0 -0.493057 -0.000001 0.0 0.869997
0.0 0.03781 0.0 1.0 -0.493057 0.000001 0.0 0.869997
0.0 0.0258 0.0 1.0 -0.463182 0.0 0.0 0.886263
0.0 0.0258 0.0 1.0 -0.463182 0.0 0.0 0.886263
0.0 0.03416 0.0 1.0 -0.493059 -0.000003 -0.000002 0.869996
0.0 0.03416 0.0 1.0 -0.493057 0.000001 0.0 0.869997
0.0 0.03794 0.0 1.0 -0.169596 0.031306 0.044558 0.984008
0.0 0.03794 0.0 1.0 -0.169596 -0.031306 -0.044558 0.984008
0.0 0.02674 0.0 1.0 -0.384418 0.000001 0.000001 0.923159
0.0 0.02674 0.0 1.0 -0.384418 -0.000001 -0.000001 0.923159
0.0 0.03015 0.0 1.0 -0.384417 0.000001 0.0 0.92316
0.0 0.03015 0.0 1.0 -0.384417 -0.000001 0.0 0.92316
0.0 0.02184 0.0 1.0 -0.364807 0.0 -0.000001 0.931083
0.0 0.02184 0.0 1.0 -0.364807 0.000001 0.0 0.931083
0.0 0.0281 0.0 1.0 -0.384418 0.0 0.0 0.923159
0.0 0.02809 0.0 1.0 -0.384418 0.0 0.0 0.923159
0.0 0.03551 0.0 1.0 -0.104374 -0.002458 0.029913 0.994085
0.0 0.03551 0.0 1.0 -0.104374 0.002458 -0.029913 0.994085


##### Pose: 2 ##############################################

0.0 0.0 0.0 1.0 0.0 0.707107 0.707107 0.0
0.0 0.477 -0.03 1.0 0.0 0.0 0.0 1.0
0.11726 0.05095 -0.02051 1.0 0.931583 0.068949 -0.005103 0.356893
-0.11726 0.05095 -0.02051 1.0 0.931583 -0.068948 0.005104 0.356893
0.0 0.11713 0.0 1.0 0.18994 0.000204 -0.000204 0.981796
0.0 0.40298 0.0 1.0 0.804188 -0.000645 -0.096394 0.586506
0.0 0.40298 0.0 1.0 0.804188 0.000645 0.096394 0.586506
0.0 0.11353 0.0 1.0 -0.191054 0.000269 -0.000303 0.981579
0.0 0.40596 0.0 1.0 -0.82421 -0.007228 0.040549 0.564785
0.0 0.40596 0.0 1.0 -0.82421 0.007229 -0.04055 0.564785
0.0 0.14148 0.0 1.0 -0.027774 0.000018 0.00003 0.999614
0.0 0.1733 0.0 1.0 -0.179058 0.005342 0.021538 0.983588
0.0 0.1733 0.0 1.0 -0.179058 -0.005343 -0.021538 0.983588
0.0 0.24687 0.0 1.0 0.024134 -0.000113 -0.000141 0.999709
0.05731 0.21959 0.00028 1.0 -0.526094 -0.425422 -0.544313 0.495948
-0.05731 0.21959 0.00028 1.0 -0.526137 0.425354 0.544324 0.495949
0.0 0.11937 0.0 1.0 0.29684 -0.065164 0.021563 0.952457
0.0 0.11937 0.0 1.0 0.295868 0.065047 -0.023109 0.952731
0.0 0.09951 0.0 1.0 -0.135083 -0.000085 -0.000086 0.990834
0.0 0.1329 0.0 1.0 0.0 -0.037731 0.0 0.999288
0.0 0.1329 0.0 1.0 0.0 0.037396 0.0 0.999301
0.054 0.12356 0.10523 1.0 -0.000165 0.776549 0.630056 0.000237
-0.054 0.12356 0.10523 1.0 0.000181 0.776549 0.630056 -0.000044
0.0 0.1329 0.0 1.0 0.013257 -0.001189 -0.578798 0.815362
0.0 0.1329 0.0 1.0 0.013175 0.001181 0.578408 0.81564
-0.03957 0.16679 -0.00162 1.0 -0.42668 -0.395246 0.700503 0.413547
0.03957 0.16679 -0.00162 1.0 -0.426679 0.395246 -0.700503 0.413547
0.0 0.2624 0.0 1.0 0.014532 -0.315808 -0.240549 0.917709
0.0 0.2624 0.0 1.0 0.014706 0.315537 0.241596 0.917525
0.0 0.13077 0.0 1.0 -0.045183 0.000046 0.02868 0.998567
0.0 0.13077 0.0 1.0 -0.045183 -0.000046 -0.02868 0.998567
0.00718 0.07562 -0.04315 1.0 -0.020939 -0.012473 0.023005 0.999438
-0.00718 0.07562 -0.04315 1.0 -0.020939 0.012473 -0.023005 0.999438
0.04641 0.1142 -0.00409 1.0 -0.456847 0.113912 -0.114599 0.874747
-0.04641 0.1142 -0.00409 1.0 -0.456851 -0.113908 0.1146 0.874745
0.0198 0.12271 0.00007 1.0 -0.469251 0.030331 -0.02733 0.882121
-0.0198 0.12271 0.00007 1.0 -0.469251 -0.030332 0.02733 0.882121
-0.02942 0.11104 -0.00169 1.0 -0.49447 -0.124062 0.101447 0.854293
0.02942 0.11104 -0.00169 1.0 -0.49447 0.124062 -0.101447 0.854293
-0.00705 0.12057 -0.00087 1.0 -0.461468 -0.024078 0.02697 0.88642
0.00705 0.12057 -0.00087 1.0 -0.46147 0.024081 -0.026969 0.886419
0.03234 0.03392 -0.01127 1.0 0.095514 0.527999 -0.364666 0.760995
-0.03234 0.03392 -0.01127 1.0 0.095514 -0.527999 0.364666 0.760994
0.0 0.13612 0.0 1.0 -0.053332 -0.001113 0.016014 0.998448
0.0 0.13612 0.0 1.0 -0.053333 0.001113 -0.016014 0.998448
0.0 0.03329 0.0 1.0 -0.493059 -0.000003 -0.000002 0.869996
0.0 0.03329 0.0 1.0 -0.493056 0.0 0.0 0.869998
0.0 0.03781 0.0 1.0 -0.493057 -0.000001 0.0 0.869997
0.0 0.03781 0.0 1.0 -0.493057 0.000001 0.0 0.869997
0.0 0.0258 0.0 1.0 -0.463182 0.0 0.0 0.886264
0.0 0.0258 0.0 1.0 -0.463182 0.0 0.0 0.886263
0.0 0.03416 0.0 1.0 -0.493059 -0.000003 -0.000002 0.869996
0.0 0.03416 0.0 1.0 -0.493057 0.000001 0.0 0.869997
0.0 0.03794 0.0 1.0 -0.169596 0.031306 0.044558 0.984008
0.0 0.03794 0.0 1.0 -0.169596 -0.031306 -0.044558 0.984008
0.0 0.02674 0.0 1.0 -0.384418 0.000001 0.000001 0.923159
0.0 0.02674 0.0 1.0 -0.384418 -0.000001 -0.000001 0.923159
0.0 0.03015 0.0 1.0 -0.384417 0.000001 0.0 0.92316
0.0 0.03015 0.0 1.0 -0.384417 -0.000001 0.0 0.92316
0.0 0.02184 0.0 1.0 -0.364807 0.0 -0.000001 0.931083
0.0 0.02184 0.0 1.0 -0.364807 0.000001 0.0 0.931083
0.0 0.0281 0.0 1.0 -0.384418 0.0 0.0 0.923159
0.0 0.02809 0.0 1.0 -0.384418 0.0 0.0 0.923159
0.0 0.03551 0.0 1.0 -0.104374 -0.002458 0.029913 0.994085
0.0 0.03551 0.0 1.0 -0.104374 0.002458 -0.029913 0.994085


##### Pose: 3 ##############################################

0.0 0.0 0.0 1.0 0.0 0.707107 0.707107 0.0
0.0 0.477 -0.03 1.0 0.0 0.0 0.0 1.0
0.11695 0.05023 -0.01997 1.0 0.93369 0.066877 -0.006171 0.351727
-0.11742 0.05132 -0.0208 1.0 0.930533 -0.070042 0.004565 0.359418
0.0 0.11713 0.0 1.0 0.18994 -0.000204 0.000204 0.981796
0.0 0.40298 0.0 1.0 0.795847 -0.000624 -0.097018 0.597674
0.0 0.40298 0.0 1.0 0.808253 0.000657 0.09602 0.580953
0.0 0.11353 0.0 1.0 -0.191054 -0.000266 0.000303 0.981579
0.0 0.40596 0.0 1.0 -0.819477 -0.007794 0.039013 0.57173
0.0 0.40596 0.0 1.0 -0.826538 0.006903 -0.041306 0.561321
0.0 0.14148 0.0 1.0 -0.027771 -0.017467 0.000454 0.999462
0.0 0.1733 0.0 1.0 -0.179058 0.005342 0.021538 0.983588
0.0 0.1733 0.0 1.0 -0.179058 -0.005343 -0.021538 0.983588
0.0 0.24687 0.0 1.0 0.024132 0.008837 0.000352 0.99967
0.05731 0.21959 0.00028 1.0 -0.534694 -0.417233 -0.535307 0.503454
-0.05731 0.21959 0.00028 1.0 -0.517265 0.433436 0.553224 0.488378
0.0 0.11937 0.0 1.0 0.285072 -0.065256 0.032999 0.955712
0.0 0.11937 0.0 1.0 0.307427 0.064528 -0.011365 0.949313
0.0 0.09951 0.0 1.0 -0.135078 0.008732 -0.001093 0.990796
0.0 0.1329 0.0 1.0 0.0 -0.036442 0.0 0.999336
0.0 0.1329 0.0 1.0 0.0 0.038602 0.0 0.999255
0.054 0.12356 0.10523 1.0 -0.000181 0.776549 0.630056 0.000044
-0.054 0.12356 0.10523 1.0 0.000165 0.776549 0.630056 -0.000237
0.0 0.1329 0.0 1.0 0.011988 -0.001376 -0.593315 0.80488
0.0 0.1329 0.0 1.0 0.014437 0.000979 0.562629 0.826583
-0.03957 0.16679 -0.00162 1.0 -0.462459 -0.457204 0.661731 0.373107
0.03957 0.16679 -0.00162 1.0 -0.400849 0.352095 -0.723155 0.43863
0.0 0.2624 0.0 1.0 0.022207 -0.305939 -0.236398 0.921968
0.0 0.2624 0.0 1.0 0.006898 0.325091 0.246471 0.912973
0.0 0.13077 0.0 1.0 0.075882 0.003513 0.028464 0.996704
0.0 0.13077 0.0 1.0 -0.165585 0.003422 -0.028475 0.985778
0.00718 0.07562 -0.04315 1.0 -0.020939 -0.012473 0.023005 0.999438
-0.00718 0.07562 -0.04315 1.0 -0.020939 0.012473 -0.023005 0.999438
0.04641 0.1142 -0.0041 1.0 -0.456847 0.113912 -0.114599 0.874747
-0.04641 0.1142 -0.00409 1.0 -0.456851 -0.113908 0.1146 0.874745
0.0198 0.12271 0.00007 1.0 -0.469251 0.030331 -0.02733 0.882121
-0.0198 0.12271 0.00007 1.0 -0.469251 -0.030332 0.02733 0.882121
-0.02942 0.11104 -0.00169 1.0 -0.49447 -0.124062 0.101447 0.854293
0.02942 0.11104 -0.00169 1.0 -0.49447 0.124062 -0.101447 0.854293
-0.00705 0.12057 -0.00087 1.0 -0.461468 -0.024078 0.02697 0.88642
0.00705 0.12057 -0.00087 1.0 -0.46147 0.024081 -0.026969 0.886419
0.03234 0.03392 -0.01127 1.0 0.095514 0.527999 -0.364666 0.760994
-0.03234 0.03392 -0.01127 1.0 0.095514 -0.527999 0.364666 0.760994
0.0 0.13612 0.0 1.0 -0.203412 -0.003517 0.015663 0.978962
0.0 0.13612 0.0 1.0 0.097969 -0.001317 -0.015999 0.99506
0.0 0.03329 0.0 1.0 -0.493059 -0.000003 -0.000002 0.869996
0.0 0.03329 0.0 1.0 -0.493056 0.0 0.0 0.869997
0.0 0.03781 0.0 1.0 -0.493057 -0.000001 0.0 0.869997
0.0 0.03781 0.0 1.0 -0.493057 0.000001 0.0 0.869997
0.0 0.0258 0.0 1.0 -0.463182 0.0 0.0 0.886263
0.0 0.0258 0.0 1.0 -0.463182 0.0 0.0 0.886263
0.0 0.03416 0.0 1.0 -0.493059 -0.000003 -0.000002 0.869996
0.0 0.03416 0.0 1.0 -0.493057 0.000001 0.0 0.869997
0.0 0.03794 0.0 1.0 -0.169596 0.031306 0.044558 0.984008
0.0 0.03794 0.0 1.0 -0.169596 -0.031306 -0.044558 0.984008
0.0 0.02674 0.0 1.0 -0.384418 0.000001 0.000001 0.923159
0.0 0.02674 0.0 1.0 -0.384418 -0.000001 -0.000001 0.923159
0.0 0.03015 0.0 1.0 -0.384417 0.000001 0.0 0.92316
0.0 0.03015 0.0 1.0 -0.384417 -0.000001 0.0 0.92316
0.0 0.02184 0.0 1.0 -0.364807 0.0 -0.000001 0.931083
0.0 0.02184 0.0 1.0 -0.364807 0.000001 0.0 0.931083
0.0 0.0281 0.0 1.0 -0.384418 0.0 0.0 0.923159
0.0 0.02809 0.0 1.0 -0.384418 0.0 0.0 0.923159
0.0 0.03551 0.0 1.0 -0.104374 -0.002458 0.029913 0.994085
0.0 0.03551 0.0 1.0 -0.104374 0.002458 -0.029913 0.994085


##### Pose: 4 ##############################################

0.0 0.0 0.0 1.0 0.0 0.707107 0.707107 0.0
0.0 0.54271 -0.03373 1.0 0.0 0.0 0.0 1.0
0.11649 0.05259 -0.02855 1.0 0.948105 0.071859 -0.013553 0.309434
-0.11649 0.05259 -0.02855 1.0 0.948105 -0.071858 0.013554 0.309434
0.0 0.11713 0.0 1.0 0.18994 0.000204 -0.000204 0.981796
0.0 0.40298 0.0 1.0 0.786284 -0.000607 -0.096455 0.61029
0.0 0.40298 0.0 1.0 0.786284 0.000607 0.096455 0.61029
0.0 0.11353 0.0 1.0 -0.043869 0.000372 -0.0002 0.999037
0.0 0.40596 0.0 1.0 -0.805934 0.006227 0.132576 0.576936
0.0 0.40596 0.0 1.0 -0.805934 -0.006226 -0.132576 0.576937
0.0 0.14148 0.0 1.0 0.05074 0.000077 0.000122 0.998712
0.0 0.1733 0.0 1.0 -0.179058 0.005342 0.021538 0.983588
0.0 0.1733 0.0 1.0 -0.179058 -0.005343 -0.021538 0.983588
0.0 0.24687 0.0 1.0 0.111172 -0.000038 -0.000047 0.993801
0.05731 0.21959 0.00028 1.0 -0.536134 -0.414769 -0.545539 0.492864
-0.05731 0.21959 0.00028 1.0 -0.536101 0.414775 0.545648 0.492774
0.0 0.11937 0.0 1.0 0.231508 -0.087073 0.334913 0.909206
0.0 0.11937 0.0 1.0 0.230609 0.086642 -0.336302 0.908963
0.0 0.09951 0.0 1.0 -0.065637 -0.000017 -0.000017 0.997844
0.0 0.1329 0.0 1.0 0.0 -0.016104 0.0 0.99987
0.0 0.1329 0.0 1.0 0.0 0.015766 0.0 0.999876
0.054 0.12356 0.10523 1.0 -0.000159 0.668426 0.743778 0.000045
-0.054 0.12356 0.10523 1.0 0.000139 0.668426 0.743778 -0.000286
0.0 0.1329 0.0 1.0 -0.004178 0.003406 -0.761654 0.647962
0.0 0.1329 0.0 1.0 -0.00434 -0.00343 0.760946 0.648792
-0.03957 0.16679 -0.00162 1.0 0.307528 0.164934 0.720431 0.599335
0.03957 0.16679 -0.00162 1.0 0.307528 -0.164934 -0.720431 0.599335
0.0 0.2624 0.0 1.0 0.308529 -0.300035 -0.305914 0.849239
0.0 0.2624 0.0 1.0 0.308553 0.299869 0.307276 0.848796
0.0 0.13077 0.0 1.0 -0.001383 0.001302 0.02865 0.999588
0.0 0.13077 0.0 1.0 -0.001383 -0.001303 -0.028651 0.999588
0.00718 0.07562 -0.04315 1.0 -0.020939 -0.012473 0.023005 0.999438
-0.00718 0.07562 -0.04315 1.0 -0.020939 0.012473 -0.023005 0.999438
0.04641 0.1142 -0.0041 1.0 -0.204134 0.119044 -0.170366 0.956626
-0.04641 0.1142 -0.00409 1.0 -0.204196 -0.11904 0.170355 0.956615
0.0198 0.12271 0.00007 1.0 -0.218046 0.028183 -0.037696 0.974803
-0.0198 0.12271 0.00007 1.0 -0.218046 -0.028183 0.037696 0.974803
-0.02942 0.11104 -0.00169 1.0 -0.253481 -0.123201 0.15182 0.947375
0.02942 0.11104 -0.00169 1.0 -0.253489 0.123201 -0.151819 0.947373
-0.00705 0.12057 -0.00087 1.0 -0.202766 -0.025162 0.037353 0.978191
0.00705 0.12057 -0.00087 1.0 -0.202768 0.025164 -0.037353 0.978191
0.03234 0.03392 -0.01127 1.0 0.098112 0.517672 -0.381191 0.75966
-0.03234 0.03392 -0.01127 1.0 0.098115 -0.51766 0.381211 0.759658
0.0 0.13612 0.0 1.0 0.011369 -0.000074 0.016053 0.999807
0.0 0.13612 0.0 1.0 0.011368 0.000075 -0.016053 0.999807
0.0 0.03329 0.0 1.0 -0.211691 -0.000004 -0.000001 0.977337
0.0 0.03329 0.0 1.0 -0.211688 0.0 0.0 0.977337
0.0 0.03781 0.0 1.0 -0.211689 -0.000001 0.0 0.977337
0.0 0.03781 0.0 1.0 -0.211689 0.000001 0.0 0.977337
0.0 0.0258 0.0 1.0 -0.200541 0.0 0.0 0.979685
0.0 0.0258 0.0 1.0 -0.200211 0.0 0.0 0.979753
0.0 0.03416 0.0 1.0 -0.211691 -0.000003 -0.000001 0.977337
0.0 0.03416 0.0 1.0 -0.211688 0.000001 0.0 0.977337
0.0 0.03794 0.0 1.0 -0.155787 0.026005 0.038258 0.986707
0.0 0.03794 0.0 1.0 -0.155783 -0.026004 -0.038256 0.986708
0.0 0.02674 0.0 1.0 -0.160466 0.000001 0.000001 0.987041
0.0 0.02674 0.0 1.0 -0.159727 -0.000001 -0.000001 0.987161
0.0 0.03015 0.0 1.0 -0.160466 0.000001 0.0 0.987042
0.0 0.03015 0.0 1.0 -0.159727 -0.000001 0.0 0.987161
0.0 0.02184 0.0 1.0 -0.153471 -0.000001 0.0 0.988153
0.0 0.02184 0.0 1.0 -0.153506 0.000001 0.0 0.988148
0.0 0.02809 0.0 1.0 -0.160467 0.0 0.0 0.987041
0.0 0.02809 0.0 1.0 -0.159728 0.0 0.0 0.987161
0.0 0.03551 0.0 1.0 -0.091791 -0.002931 0.029253 0.995344
0.0 0.03551 0.0 1.0 -0.091791 0.00293 -0.029253 0.995344