# SQEE Animation Format


################################################################################

SECTION Header

BoneCount 64
PoseCount 4
TotalTime 5

Times 1 1 3 0


################################################################################

SECTION Poses


##### Pose: 0 ##############################################

0.0 -0.02 0.55107 0.0 0.707107 0.707107 0.0 1.0 1.0 1.0
0.10713 0.03309 0.00319 0.942503 0.009471 -0.028908 0.332809 1.0 1.0 1.0
-0.10648 0.03225 0.00284 0.941965 -0.006006 0.031599 0.334166 1.0 1.0 1.0
0.0 0.11713 0.0 0.146934 0.000102 -0.000102 0.989146 1.0 1.0 1.0
0.0 0.40298 0.0 0.627816 -0.00034 -0.101015 0.771779 1.0 1.0 1.0
0.0 0.40298 0.0 0.629457 0.000321 0.10259 0.770233 1.0 1.0 1.0
0.0 0.11353 0.0 -0.165294 0.000129 -0.000158 0.986244 1.0 1.0 1.0
0.0 0.40596 0.0 -0.787127 -0.058901 0.089158 0.607465 1.0 1.0 1.0
0.0 0.40596 0.0 -0.788081 0.056887 -0.086991 0.606732 1.0 1.0 1.0
0.0 0.14148 0.0 -0.053932 -0.000001 0.0 0.998545 1.0 1.0 1.0
0.0 0.1733 0.0 -0.179058 0.005342 0.021538 0.983588 1.0 1.0 1.0
0.0 0.1733 0.0 -0.179058 -0.005343 -0.021538 0.983588 1.0 1.0 1.0
0.0 0.24687 0.0 0.154416 0.0 0.0 0.988006 1.0 1.0 1.0
0.05 0.20606 -0.00339 -0.518988 -0.385536 -0.584086 0.490772 1.0 1.0 1.0
-0.05 0.20606 -0.00339 -0.518955 0.385588 0.584085 0.490767 1.0 1.0 1.0
0.0 0.11937 0.0 -0.422771 0.112879 0.238332 0.867019 1.0 1.0 1.0
0.0 0.11937 0.0 -0.42301 -0.112811 -0.238392 0.866894 1.0 1.0 1.0
0.0 0.09951 0.0 -0.048212 0.0 0.0 0.998837 1.0 1.0 1.0
0.0 0.1329 0.0 0.0 0.044219 0.0 0.999022 1.0 1.0 1.0
0.0 0.1329 0.0 0.0 -0.044177 0.0 0.999024 1.0 1.0 1.0
0.054 0.12356 0.10523 -0.000163 0.730707 0.682691 0.000152 1.0 1.0 1.0
-0.054 0.12356 0.10523 0.000163 0.730707 0.682691 -0.000152 1.0 1.0 1.0
0.0 0.1329 0.0 -0.073192 0.000814 -0.558968 0.825952 1.0 1.0 1.0
0.0 0.1329 0.0 -0.073273 -0.000825 0.558286 0.826406 1.0 1.0 1.0
-0.05186 0.17567 -0.00955 -0.160942 -0.545754 0.577412 0.58553 1.0 1.0 1.0
0.05182 0.1757 -0.00956 -0.160954 0.545915 -0.577316 0.585472 1.0 1.0 1.0
0.0 0.2624 0.0 -0.044095 -0.034114 0.280572 0.958213 1.0 1.0 1.0
0.0 0.2624 0.0 -0.044226 0.034435 -0.279912 0.958388 1.0 1.0 1.0
0.0 0.13077 0.0 0.05969 0.034295 -0.016298 0.997495 1.0 1.0 1.0
0.0 0.13077 0.0 0.059884 -0.03415 0.016979 0.997477 1.0 1.0 1.0
0.00718 0.07562 -0.04315 -0.020939 -0.012473 0.023005 0.999438 1.0 1.0 1.0
-0.00718 0.07562 -0.04315 -0.020939 0.012473 -0.023005 0.999438 1.0 1.0 1.0
0.04641 0.1142 -0.0041 -0.269023 0.118585 -0.157549 0.942731 1.0 1.0 1.0
-0.04641 0.1142 -0.00409 -0.269099 -0.118581 0.157534 0.942713 1.0 1.0 1.0
0.0198 0.12271 0.00007 -0.282595 0.028913 -0.035349 0.958152 1.0 1.0 1.0
-0.0198 0.12271 0.00007 -0.282594 -0.028913 0.035349 0.958152 1.0 1.0 1.0
-0.02942 0.11104 -0.00169 -0.315619 -0.124224 0.140172 0.930217 1.0 1.0 1.0
0.02942 0.11104 -0.00169 -0.31563 0.124224 -0.14017 0.930214 1.0 1.0 1.0
-0.00705 0.12057 -0.00087 -0.269202 -0.025069 0.035011 0.962121 1.0 1.0 1.0
0.00705 0.12057 -0.00087 -0.269204 0.025072 -0.035011 0.96212 1.0 1.0 1.0
0.03234 0.03392 -0.01127 0.103194 0.49642 -0.413791 0.756106 1.0 1.0 1.0
-0.03234 0.03392 -0.01127 0.103198 -0.496401 0.413819 0.756102 1.0 1.0 1.0
0.0 0.13612 0.0 0.019431 0.111197 0.019155 0.993424 1.0 1.0 1.0
0.0 0.13612 0.0 0.01943 -0.111196 -0.019155 0.993424 1.0 1.0 1.0
0.0 0.03329 0.0 -0.284366 -0.000004 -0.000001 0.958716 1.0 1.0 1.0
0.0 0.03329 0.0 -0.284364 0.0 0.0 0.958717 1.0 1.0 1.0
0.0 0.03781 0.0 -0.284365 -0.000001 0.0 0.958716 1.0 1.0 1.0
0.0 0.03781 0.0 -0.284365 0.000001 0.0 0.958716 1.0 1.0 1.0
0.0 0.0258 0.0 -0.268017 0.0 0.0 0.963414 1.0 1.0 1.0
0.0 0.0258 0.0 -0.26761 0.0 0.0 0.963528 1.0 1.0 1.0
0.0 0.03416 0.0 -0.284367 -0.000003 -0.000001 0.958716 1.0 1.0 1.0
0.0 0.03416 0.0 -0.284364 0.000001 0.0 0.958716 1.0 1.0 1.0
0.0 0.03794 0.0 -0.128049 0.015384 0.025629 0.991317 1.0 1.0 1.0
0.0 0.03794 0.0 -0.128044 -0.015382 -0.025626 0.991318 1.0 1.0 1.0
0.0 0.02674 0.0 -0.217356 0.000001 0.000001 0.976093 1.0 1.0 1.0
0.0 0.02674 0.0 -0.216436 -0.000001 -0.000001 0.976297 1.0 1.0 1.0
0.0 0.03015 0.0 -0.217355 0.000001 0.0 0.976093 1.0 1.0 1.0
0.0 0.03015 0.0 -0.216435 -0.000001 0.0 0.976297 1.0 1.0 1.0
0.0 0.02184 0.0 -0.207022 -0.000001 0.0 0.978336 1.0 1.0 1.0
0.0 0.02184 0.0 -0.207064 0.000001 0.0 0.978327 1.0 1.0 1.0
0.0 0.02809 0.0 -0.217356 0.0 0.0 0.976092 1.0 1.0 1.0
0.0 0.0281 0.0 -0.216437 0.0 0.0 0.976297 1.0 1.0 1.0
0.0 0.03551 0.0 -0.066582 -0.003873 0.027919 0.997383 1.0 1.0 1.0
0.0 0.03551 0.0 -0.066582 0.003873 -0.027919 0.997383 1.0 1.0 1.0


##### Pose: 1 ##############################################

0.0 -0.03 0.22013 0.0 0.707107 0.707107 0.0 1.0 1.0 1.0
0.11135 0.0388 -0.00396 0.872318 0.036384 -0.044946 0.485508 1.0 1.0 1.0
-0.11135 0.0388 -0.00396 0.872317 -0.036384 0.044946 0.485508 1.0 1.0 1.0
0.0 0.11713 0.0 0.18994 0.000204 -0.000204 0.981796 1.0 1.0 1.0
0.0 0.40298 0.0 0.822383 -0.000436 -0.116492 0.55688 1.0 1.0 1.0
0.0 0.40298 0.0 0.822383 0.000436 0.116491 0.55688 1.0 1.0 1.0
0.0 0.11353 0.0 -0.208156 0.000257 -0.000315 0.978096 1.0 1.0 1.0
0.0 0.40596 0.0 -0.855258 -0.018605 0.124936 0.502573 1.0 1.0 1.0
0.0 0.40596 0.0 -0.855258 0.018606 -0.124936 0.502573 1.0 1.0 1.0
0.0 0.14148 0.0 -0.053932 -0.000001 0.0 0.998545 1.0 1.0 1.0
0.0 0.1733 0.0 -0.179058 0.005342 0.021538 0.983588 1.0 1.0 1.0
0.0 0.1733 0.0 -0.179058 -0.005343 -0.021538 0.983588 1.0 1.0 1.0
0.0 0.24687 0.0 0.154416 0.0 0.0 0.988006 1.0 1.0 1.0
0.05 0.20606 -0.00339 -0.494207 -0.441035 -0.536723 0.522663 1.0 1.0 1.0
-0.05 0.20606 -0.00339 -0.494068 0.441205 0.5367 0.522674 1.0 1.0 1.0
0.0 0.11937 0.0 -0.396044 0.14832 0.335848 0.841639 1.0 1.0 1.0
0.0 0.11937 0.0 -0.396508 -0.148327 -0.336337 0.841224 1.0 1.0 1.0
0.0 0.09951 0.0 -0.048212 0.0 0.0 0.998837 1.0 1.0 1.0
0.0 0.1329 0.0 0.0 0.057771 0.0 0.99833 1.0 1.0 1.0
0.0 0.1329 0.0 0.0 -0.057663 0.0 0.998336 1.0 1.0 1.0
0.054 0.12356 0.10523 -0.000163 0.730707 0.682691 0.000152 1.0 1.0 1.0
-0.054 0.12356 0.10523 0.000163 0.730707 0.682691 -0.000152 1.0 1.0 1.0
0.0 0.1329 0.0 -0.069906 -0.001505 -0.706548 0.704202 1.0 1.0 1.0
0.0 0.1329 0.0 -0.070134 0.001483 0.70547 0.705259 1.0 1.0 1.0
-0.06415 0.18454 -0.01748 -0.297543 -0.389186 0.716327 0.496869 1.0 1.0 1.0
0.06408 0.18461 -0.01751 -0.297577 0.38953 -0.716178 0.496793 1.0 1.0 1.0
0.0 0.2624 0.0 -0.123946 -0.05527 0.372413 0.918091 1.0 1.0 1.0
0.0 0.2624 0.0 -0.124186 0.055667 -0.371082 0.918574 1.0 1.0 1.0
0.0 0.13077 0.0 0.269687 0.17786 0.269649 0.907152 1.0 1.0 1.0
0.0 0.13077 0.0 0.270066 -0.177605 -0.268386 0.907464 1.0 1.0 1.0
0.00718 0.07562 -0.04315 -0.020939 -0.012473 0.023005 0.999438 1.0 1.0 1.0
-0.00718 0.07562 -0.04315 -0.020939 0.012473 -0.023005 0.999438 1.0 1.0 1.0
0.04641 0.1142 -0.0041 -0.456847 0.113912 -0.1146 0.874747 1.0 1.0 1.0
-0.04641 0.1142 -0.00409 -0.456851 -0.113908 0.1146 0.874745 1.0 1.0 1.0
0.0198 0.12271 0.00007 -0.469251 0.030331 -0.02733 0.882121 1.0 1.0 1.0
-0.0198 0.12271 0.00007 -0.469251 -0.030332 0.02733 0.882121 1.0 1.0 1.0
-0.02942 0.11104 -0.00169 -0.49447 -0.124062 0.101447 0.854293 1.0 1.0 1.0
0.02942 0.11104 -0.00169 -0.49447 0.124062 -0.101447 0.854293 1.0 1.0 1.0
-0.00705 0.12057 -0.00087 -0.461468 -0.024078 0.02697 0.88642 1.0 1.0 1.0
0.00705 0.12057 -0.00087 -0.46147 0.024081 -0.026969 0.886419 1.0 1.0 1.0
0.03234 0.03392 -0.01127 0.095514 0.527999 -0.364666 0.760994 1.0 1.0 1.0
-0.03234 0.03392 -0.01127 0.095514 -0.527999 0.364666 0.760994 1.0 1.0 1.0
0.0 0.13612 0.0 0.12773 0.004778 -0.071131 0.989244 1.0 1.0 1.0
0.0 0.13612 0.0 0.127729 -0.004778 0.071131 0.989244 1.0 1.0 1.0
0.0 0.03329 0.0 -0.493059 -0.000004 -0.000002 0.869996 1.0 1.0 1.0
0.0 0.03329 0.0 -0.493056 0.0 0.0 0.869998 1.0 1.0 1.0
0.0 0.03781 0.0 -0.493057 -0.000001 0.0 0.869997 1.0 1.0 1.0
0.0 0.03781 0.0 -0.493057 0.000001 0.0 0.869997 1.0 1.0 1.0
0.0 0.0258 0.0 -0.463182 0.0 0.0 0.886263 1.0 1.0 1.0
0.0 0.0258 0.0 -0.463182 0.0 0.0 0.886263 1.0 1.0 1.0
0.0 0.03416 0.0 -0.493059 -0.000003 -0.000002 0.869996 1.0 1.0 1.0
0.0 0.03416 0.0 -0.493056 0.0 0.0 0.869997 1.0 1.0 1.0
0.0 0.03794 0.0 -0.169596 0.031306 0.044558 0.984008 1.0 1.0 1.0
0.0 0.03794 0.0 -0.169596 -0.031306 -0.044558 0.984008 1.0 1.0 1.0
0.0 0.02674 0.0 -0.384418 0.000001 0.000001 0.923159 1.0 1.0 1.0
0.0 0.02674 0.0 -0.384418 -0.000001 -0.000001 0.923159 1.0 1.0 1.0
0.0 0.03015 0.0 -0.384417 0.000001 0.0 0.92316 1.0 1.0 1.0
0.0 0.03015 0.0 -0.384417 -0.000001 0.0 0.92316 1.0 1.0 1.0
0.0 0.02184 0.0 -0.364807 -0.000001 -0.000001 0.931083 1.0 1.0 1.0
0.0 0.02184 0.0 -0.364807 0.000001 0.0 0.931083 1.0 1.0 1.0
0.0 0.0281 0.0 -0.384418 0.0 0.0 0.923159 1.0 1.0 1.0
0.0 0.02809 0.0 -0.384418 0.0 0.0 0.923159 1.0 1.0 1.0
0.0 0.03551 0.0 -0.104374 -0.002458 0.029913 0.994085 1.0 1.0 1.0
0.0 0.03551 0.0 -0.104374 0.002458 -0.029913 0.994085 1.0 1.0 1.0


##### Pose: 2 ##############################################

0.0 -0.03 0.31164 0.0 0.707107 0.707107 0.0 1.0 1.0 1.0
0.1096 0.03675 -0.00884 0.961613 0.044067 -0.066989 0.262432 1.0 1.0 1.0
-0.1096 0.03675 -0.00884 0.961613 -0.044066 0.066989 0.262432 1.0 1.0 1.0
0.0 0.11713 0.0 0.18994 0.000204 -0.000204 0.981796 1.0 1.0 1.0
0.0 0.40298 0.0 0.529139 -0.000473 -0.079438 0.844809 1.0 1.0 1.0
0.0 0.40298 0.0 0.529139 0.000473 0.079438 0.844809 1.0 1.0 1.0
0.0 0.11353 0.0 -0.208156 0.000257 -0.000315 0.978096 1.0 1.0 1.0
0.0 0.40596 0.0 -0.722978 0.002187 0.065381 0.687767 1.0 1.0 1.0
0.0 0.40596 0.0 -0.722978 -0.002186 -0.065382 0.687767 1.0 1.0 1.0
0.0 0.14148 0.0 -0.053932 -0.000001 0.0 0.998545 1.0 1.0 1.0
0.0 0.1733 0.0 -0.179058 0.005342 0.021538 0.983588 1.0 1.0 1.0
0.0 0.1733 0.0 -0.179058 -0.005343 -0.021538 0.983588 1.0 1.0 1.0
0.0 0.24687 0.0 0.154416 0.0 0.0 0.988006 1.0 1.0 1.0
0.05 0.20606 -0.00339 -0.505044 -0.432172 -0.539569 0.516742 1.0 1.0 1.0
-0.05 0.20606 -0.00339 -0.504963 0.432272 0.53956 0.516748 1.0 1.0 1.0
0.0 0.11937 0.0 -0.350405 0.105778 0.210239 0.906547 1.0 1.0 1.0
0.0 0.11937 0.0 -0.350884 -0.105811 -0.210893 0.906206 1.0 1.0 1.0
0.0 0.09951 0.0 -0.048212 0.0 0.0 0.998837 1.0 1.0 1.0
0.0 0.1329 0.0 0.0 0.04495 0.0 0.998989 1.0 1.0 1.0
0.0 0.1329 0.0 0.0 -0.04485 0.0 0.998994 1.0 1.0 1.0
0.054 0.12356 0.10523 -0.000163 0.730707 0.682691 0.000152 1.0 1.0 1.0
-0.054 0.12356 0.10523 0.000163 0.730707 0.682691 -0.000152 1.0 1.0 1.0
0.0 0.1329 0.0 -0.057412 -0.000819 -0.64801 0.759465 1.0 1.0 1.0
0.0 0.1329 0.0 -0.057552 0.000799 0.646891 0.760407 1.0 1.0 1.0
-0.05596 0.17862 -0.01219 -0.351406 -0.365498 0.725488 0.465396 1.0 1.0 1.0
0.05591 0.17867 -0.01221 -0.351468 0.365689 -0.725393 0.465346 1.0 1.0 1.0
0.0 0.2624 0.0 -0.03811 0.041129 0.15431 0.98643 1.0 1.0 1.0
0.0 0.2624 0.0 -0.038015 -0.040642 -0.152892 0.986675 1.0 1.0 1.0
0.0 0.13077 0.0 0.125822 0.128727 0.246791 0.952204 1.0 1.0 1.0
0.0 0.13077 0.0 0.126081 -0.128552 -0.245926 0.952417 1.0 1.0 1.0
0.00718 0.07562 -0.04315 -0.020939 -0.012473 0.023005 0.999438 1.0 1.0 1.0
-0.00718 0.07562 -0.04315 -0.020939 0.012473 -0.023005 0.999438 1.0 1.0 1.0
0.04641 0.1142 -0.0041 -0.456847 0.113912 -0.114599 0.874747 1.0 1.0 1.0
-0.04641 0.1142 -0.00409 -0.456851 -0.113908 0.1146 0.874745 1.0 1.0 1.0
0.0198 0.12271 0.00007 -0.469251 0.030331 -0.02733 0.882121 1.0 1.0 1.0
-0.0198 0.12271 0.00007 -0.469251 -0.030332 0.02733 0.882121 1.0 1.0 1.0
-0.02942 0.11104 -0.00169 -0.49447 -0.124062 0.101447 0.854293 1.0 1.0 1.0
0.02942 0.11104 -0.00169 -0.49447 0.124062 -0.101447 0.854293 1.0 1.0 1.0
-0.00705 0.12057 -0.00087 -0.461468 -0.024078 0.02697 0.88642 1.0 1.0 1.0
0.00705 0.12057 -0.00087 -0.46147 0.024081 -0.026969 0.886419 1.0 1.0 1.0
0.03234 0.03392 -0.01127 0.095514 0.527999 -0.364666 0.760994 1.0 1.0 1.0
-0.03234 0.03392 -0.01127 0.095513 -0.527999 0.364666 0.760994 1.0 1.0 1.0
0.0 0.13612 0.0 0.12773 0.004778 -0.071131 0.989244 1.0 1.0 1.0
0.0 0.13612 0.0 0.127729 -0.004778 0.071131 0.989244 1.0 1.0 1.0
0.0 0.03329 0.0 -0.493059 -0.000003 -0.000002 0.869996 1.0 1.0 1.0
0.0 0.03329 0.0 -0.493056 0.0 0.0 0.869998 1.0 1.0 1.0
0.0 0.03781 0.0 -0.493057 -0.000001 0.0 0.869997 1.0 1.0 1.0
0.0 0.03781 0.0 -0.493057 0.000001 0.0 0.869997 1.0 1.0 1.0
0.0 0.0258 0.0 -0.463182 0.0 0.0 0.886263 1.0 1.0 1.0
0.0 0.0258 0.0 -0.463182 0.0 0.0 0.886263 1.0 1.0 1.0
0.0 0.03416 0.0 -0.493059 -0.000003 -0.000002 0.869996 1.0 1.0 1.0
0.0 0.03416 0.0 -0.493057 0.0 0.0 0.869997 1.0 1.0 1.0
0.0 0.03794 0.0 -0.169596 0.031306 0.044558 0.984008 1.0 1.0 1.0
0.0 0.03794 0.0 -0.169596 -0.031306 -0.044558 0.984008 1.0 1.0 1.0
0.0 0.02674 0.0 -0.384418 0.000001 0.000001 0.923159 1.0 1.0 1.0
0.0 0.02674 0.0 -0.384418 -0.000001 -0.000001 0.923159 1.0 1.0 1.0
0.0 0.03015 0.0 -0.384417 0.000001 0.0 0.92316 1.0 1.0 1.0
0.0 0.03015 0.0 -0.384417 -0.000001 0.0 0.92316 1.0 1.0 1.0
0.0 0.02184 0.0 -0.364807 0.0 -0.000001 0.931083 1.0 1.0 1.0
0.0 0.02184 0.0 -0.364807 0.000001 0.0 0.931083 1.0 1.0 1.0
0.0 0.0281 0.0 -0.384418 0.0 0.0 0.923159 1.0 1.0 1.0
0.0 0.0281 0.0 -0.384418 0.0 0.0 0.923159 1.0 1.0 1.0
0.0 0.03551 0.0 -0.104374 -0.002458 0.029913 0.994085 1.0 1.0 1.0
0.0 0.03551 0.0 -0.104374 0.002458 -0.029913 0.994085 1.0 1.0 1.0


##### Pose: 3 ##############################################

0.0 -0.03 0.477 0.0 0.707107 0.707107 0.0 1.0 1.0 1.0
0.11726 0.05095 -0.02051 0.931583 0.068949 -0.005103 0.356893 1.0 1.0 1.0
-0.11726 0.05095 -0.02051 0.931583 -0.068948 0.005104 0.356893 1.0 1.0 1.0
0.0 0.11713 0.0 0.18994 0.000204 -0.000204 0.981796 1.0 1.0 1.0
0.0 0.40298 0.0 0.804188 -0.000645 -0.096394 0.586506 1.0 1.0 1.0
0.0 0.40298 0.0 0.804188 0.000645 0.096394 0.586506 1.0 1.0 1.0
0.0 0.11353 0.0 -0.208156 0.000257 -0.000315 0.978096 1.0 1.0 1.0
0.0 0.40596 0.0 -0.82421 -0.007228 0.040549 0.564785 1.0 1.0 1.0
0.0 0.40596 0.0 -0.82421 0.007228 -0.04055 0.564785 1.0 1.0 1.0
0.0 0.14148 0.0 -0.053932 -0.000001 0.0 0.998545 1.0 1.0 1.0
0.0 0.1733 0.0 -0.179058 0.005342 0.021538 0.983588 1.0 1.0 1.0
0.0 0.1733 0.0 -0.179058 -0.005343 -0.021538 0.983588 1.0 1.0 1.0
0.0 0.24687 0.0 0.154416 0.0 0.0 0.988006 1.0 1.0 1.0
0.05 0.20606 -0.00339 -0.521931 -0.429169 -0.545334 0.495996 1.0 1.0 1.0
-0.05 0.20606 -0.00339 -0.521979 0.429098 0.545336 0.496006 1.0 1.0 1.0
0.0 0.11937 0.0 0.283328 -0.049148 -0.051863 0.956358 1.0 1.0 1.0
0.0 0.11937 0.0 0.282391 0.049085 0.050346 0.956719 1.0 1.0 1.0
0.0 0.09951 0.0 -0.048212 0.0 0.0 0.998837 1.0 1.0 1.0
0.0 0.1329 0.0 0.0 -0.035562 0.0 0.999368 1.0 1.0 1.0
0.0 0.1329 0.0 0.0 0.035251 0.0 0.999379 1.0 1.0 1.0
0.054 0.12356 0.10523 -0.000163 0.730707 0.682691 0.000152 1.0 1.0 1.0
-0.054 0.12356 0.10523 0.000163 0.730707 0.682691 -0.000152 1.0 1.0 1.0
0.0 0.1329 0.0 0.012077 -0.000179 -0.509259 0.860528 1.0 1.0 1.0
0.0 0.1329 0.0 0.011999 0.000172 0.508898 0.860743 1.0 1.0 1.0
-0.03957 0.16679 -0.00162 -0.408235 -0.364314 0.717076 0.431765 1.0 1.0 1.0
0.03957 0.16679 -0.00162 -0.408234 0.364315 -0.717077 0.431765 1.0 1.0 1.0
0.0 0.2624 0.0 -0.031368 -0.290205 -0.254295 0.922026 1.0 1.0 1.0
0.0 0.2624 0.0 -0.031158 0.289986 0.255248 0.921838 1.0 1.0 1.0
0.0 0.13077 0.0 -0.171727 0.020415 0.181817 0.968006 1.0 1.0 1.0
0.0 0.13077 0.0 -0.171727 -0.020415 -0.181818 0.968006 1.0 1.0 1.0
0.00718 0.07562 -0.04315 -0.020939 -0.012473 0.023005 0.999438 1.0 1.0 1.0
-0.00718 0.07562 -0.04315 -0.020939 0.012473 -0.023005 0.999438 1.0 1.0 1.0
0.04641 0.1142 -0.00409 -0.456847 0.113912 -0.114599 0.874747 1.0 1.0 1.0
-0.04641 0.1142 -0.00409 -0.456851 -0.113908 0.1146 0.874745 1.0 1.0 1.0
0.0198 0.12271 0.00007 -0.469251 0.030331 -0.02733 0.882121 1.0 1.0 1.0
-0.0198 0.12271 0.00007 -0.469251 -0.030331 0.02733 0.882121 1.0 1.0 1.0
-0.02942 0.11104 -0.00169 -0.49447 -0.124062 0.101446 0.854293 1.0 1.0 1.0
0.02942 0.11104 -0.00169 -0.49447 0.124062 -0.101447 0.854293 1.0 1.0 1.0
-0.00705 0.12057 -0.00087 -0.461468 -0.024078 0.02697 0.88642 1.0 1.0 1.0
0.00705 0.12057 -0.00087 -0.46147 0.024081 -0.026969 0.886419 1.0 1.0 1.0
0.03234 0.03392 -0.01127 0.095514 0.527999 -0.364666 0.760994 1.0 1.0 1.0
-0.03234 0.03392 -0.01127 0.095513 -0.527999 0.364666 0.760994 1.0 1.0 1.0
0.0 0.13612 0.0 0.12773 0.004778 -0.071131 0.989244 1.0 1.0 1.0
0.0 0.13612 0.0 0.12773 -0.004778 0.071131 0.989244 1.0 1.0 1.0
0.0 0.03329 0.0 -0.493059 -0.000004 -0.000002 0.869996 1.0 1.0 1.0
0.0 0.03329 0.0 -0.493056 0.0 0.0 0.869998 1.0 1.0 1.0
0.0 0.03781 0.0 -0.493057 -0.000001 0.0 0.869997 1.0 1.0 1.0
0.0 0.03781 0.0 -0.493057 0.000001 0.0 0.869997 1.0 1.0 1.0
0.0 0.0258 0.0 -0.463182 0.0 0.0 0.886263 1.0 1.0 1.0
0.0 0.0258 0.0 -0.463182 0.0 0.0 0.886263 1.0 1.0 1.0
0.0 0.03416 0.0 -0.493059 -0.000003 -0.000002 0.869996 1.0 1.0 1.0
0.0 0.03416 0.0 -0.493057 0.0 0.0 0.869997 1.0 1.0 1.0
0.0 0.03794 0.0 -0.169596 0.031306 0.044558 0.984008 1.0 1.0 1.0
0.0 0.03794 0.0 -0.169596 -0.031306 -0.044558 0.984008 1.0 1.0 1.0
0.0 0.02674 0.0 -0.384418 0.000001 0.000001 0.923159 1.0 1.0 1.0
0.0 0.02674 0.0 -0.384418 -0.000001 -0.000001 0.923159 1.0 1.0 1.0
0.0 0.03015 0.0 -0.384417 0.000001 0.0 0.92316 1.0 1.0 1.0
0.0 0.03015 0.0 -0.384417 -0.000001 0.0 0.92316 1.0 1.0 1.0
0.0 0.02184 0.0 -0.364807 0.0 -0.000001 0.931083 1.0 1.0 1.0
0.0 0.02184 0.0 -0.364807 0.000001 0.0 0.931083 1.0 1.0 1.0
0.0 0.02809 0.0 -0.384418 0.0 0.0 0.923159 1.0 1.0 1.0
0.0 0.0281 0.0 -0.384418 0.0 0.0 0.923159 1.0 1.0 1.0
0.0 0.03551 0.0 -0.104374 -0.002458 0.029913 0.994085 1.0 1.0 1.0
0.0 0.03551 0.0 -0.104374 0.002458 -0.029913 0.994085 1.0 1.0 1.0