# SQEE Animation Format


################################################################################

SECTION Header

BoneCount 64
PoseCount 5
TotalTime 8

Times 2 2 2 2 0


################################################################################

SECTION Poses


##### Pose: 0 ##############################################

0.0 -0.03373 0.54271 1.0 0.0 0.707107 0.707107 0.0
0.11782 0.0522 -0.02131 1.0 0.927986 0.072449 -0.002832 0.365493
-0.11782 0.0522 -0.02131 1.0 0.927986 -0.072448 0.002832 0.365493
0.0 0.11713 0.0 1.0 0.18994 0.000204 -0.000204 0.981796
0.0 0.40298 0.0 1.0 0.817705 -0.000686 -0.095071 0.567733
0.0 0.40298 0.0 1.0 0.817705 0.000686 0.095071 0.567733
0.0 0.11353 0.0 1.0 -0.043869 0.000372 -0.0002 0.999037
0.0 0.40596 0.0 1.0 -0.801288 0.006536 0.134828 0.582852
0.0 0.40596 0.0 1.0 -0.801287 -0.006536 -0.134829 0.582852
0.0 0.14148 0.0 1.0 0.05074 0.000077 0.000122 0.998712
0.0 0.1733 0.0 1.0 -0.346817 -0.006212 0.020764 0.937682
0.0 0.1733 0.0 1.0 -0.346817 0.006212 -0.020764 0.937682
0.0 0.24687 0.0 1.0 0.111172 -0.000038 -0.000047 0.993801
0.05365 0.21282 -0.00155 1.0 -0.53622 -0.414831 -0.545897 0.492322
-0.05365 0.21282 -0.00155 1.0 -0.53619 0.414834 0.546003 0.492233
0.0 0.11937 0.0 1.0 0.238883 -0.08837 0.327261 0.909959
0.0 0.11937 0.0 1.0 0.23798 0.087953 -0.328634 0.909741
0.0 0.09951 0.0 1.0 -0.065637 -0.000017 -0.000017 0.997844
0.0 0.1329 0.0 1.0 0.0 -0.016697 0.0 0.999861
0.0 0.1329 0.0 1.0 0.0 0.016372 0.0 0.999866
0.054 0.12356 0.10523 1.0 -0.000159 0.668426 0.743778 0.000045
-0.054 0.12356 0.10523 1.0 0.000139 0.668426 0.743778 -0.000286
0.0 0.1329 0.0 1.0 -0.003434 0.003675 -0.75204 0.659098
0.0 0.1329 0.0 1.0 -0.00359 -0.003698 0.751338 0.659897
-0.03957 0.16679 -0.00162 1.0 0.307528 0.164934 0.720431 0.599335
0.03957 0.16679 -0.00162 1.0 0.307528 -0.164934 -0.720431 0.599335
0.0 0.2624 0.0 1.0 0.303757 -0.308996 -0.308049 0.84697
0.0 0.2624 0.0 1.0 0.303764 0.308827 0.309369 0.846548
0.0 0.13077 0.0 1.0 -0.001383 0.001303 0.02865 0.999588
0.0 0.13077 0.0 1.0 -0.001383 -0.001303 -0.028651 0.999588
0.00718 0.07562 -0.04315 1.0 -0.020939 -0.012473 0.023005 0.999438
-0.00718 0.07562 -0.04315 1.0 -0.020939 0.012473 -0.023005 0.999438
0.04641 0.1142 -0.0041 1.0 -0.204134 0.119044 -0.170366 0.956626
-0.04641 0.1142 -0.00409 1.0 -0.204196 -0.11904 0.170355 0.956615
0.0198 0.12271 0.00007 1.0 -0.218046 0.028183 -0.037696 0.974803
-0.0198 0.12271 0.00007 1.0 -0.218046 -0.028183 0.037696 0.974803
-0.02942 0.11104 -0.00169 1.0 -0.253481 -0.123201 0.15182 0.947375
0.02942 0.11104 -0.00169 1.0 -0.253489 0.123201 -0.151819 0.947373
-0.00705 0.12057 -0.00087 1.0 -0.202766 -0.025162 0.037353 0.978191
0.00705 0.12057 -0.00087 1.0 -0.202768 0.025164 -0.037353 0.978191
0.03234 0.03392 -0.01127 1.0 0.098112 0.517672 -0.381191 0.75966
-0.03234 0.03392 -0.01127 1.0 0.098115 -0.51766 0.381211 0.759658
0.0 0.13612 0.0 1.0 0.011369 -0.000074 0.016053 0.999807
0.0 0.13612 0.0 1.0 0.011368 0.000075 -0.016053 0.999807
0.0 0.03329 0.0 1.0 -0.211691 -0.000004 -0.000001 0.977337
0.0 0.03329 0.0 1.0 -0.211688 0.0 0.0 0.977337
0.0 0.03781 0.0 1.0 -0.211689 -0.000001 0.0 0.977337
0.0 0.03781 0.0 1.0 -0.211689 0.000001 0.0 0.977337
0.0 0.0258 0.0 1.0 -0.200541 0.0 0.0 0.979685
0.0 0.0258 0.0 1.0 -0.200211 0.0 0.0 0.979753
0.0 0.03416 0.0 1.0 -0.211691 -0.000003 -0.000001 0.977337
0.0 0.03416 0.0 1.0 -0.211688 0.000001 0.0 0.977337
0.0 0.03794 0.0 1.0 -0.155787 0.026005 0.038257 0.986707
0.0 0.03794 0.0 1.0 -0.155783 -0.026004 -0.038256 0.986708
0.0 0.02674 0.0 1.0 -0.160466 0.000001 0.000001 0.987041
0.0 0.02674 0.0 1.0 -0.159728 -0.000001 -0.000001 0.987161
0.0 0.03015 0.0 1.0 -0.160466 0.000001 0.0 0.987042
0.0 0.03015 0.0 1.0 -0.159727 -0.000001 0.0 0.987161
0.0 0.02184 0.0 1.0 -0.153471 -0.000001 0.0 0.988153
0.0 0.02184 0.0 1.0 -0.153506 0.000001 0.0 0.988148
0.0 0.0281 0.0 1.0 -0.160467 0.0 0.0 0.987041
0.0 0.02809 0.0 1.0 -0.159728 0.0 0.0 0.987161
0.0 0.03551 0.0 1.0 -0.091791 -0.002931 0.029253 0.995344
0.0 0.03551 0.0 1.0 -0.091791 0.00293 -0.029253 0.995344


##### Pose: 1 ##############################################

0.0 -0.03373 0.45525 1.0 0.0 0.707107 0.707107 0.0
0.11868 0.05035 0.00252 1.0 0.855691 0.067942 0.003144 0.512999
-0.11868 0.05035 0.00252 1.0 0.855691 -0.067941 -0.003144 0.512999
0.0 0.11713 0.0 1.0 0.18994 0.000204 -0.000204 0.981796
0.0 0.40298 0.0 1.0 0.862762 -0.000886 -0.093836 0.496825
0.0 0.40298 0.0 1.0 0.862762 0.000886 0.093836 0.496825
0.0 0.11353 0.0 1.0 -0.00025 0.0004 -0.000168 1.0
0.0 0.40596 0.0 1.0 -0.868531 -0.040722 0.15066 0.470422
0.0 0.40596 0.0 1.0 -0.868531 0.040722 -0.15066 0.470422
0.0 0.14148 0.0 1.0 -0.001598 0.000038 0.000061 0.999999
0.0 0.1733 0.0 1.0 -0.179058 0.005342 0.021538 0.983588
0.0 0.1733 0.0 1.0 -0.179058 -0.005343 -0.021538 0.983588
0.0 0.24687 0.0 1.0 0.111172 -0.000038 -0.000047 0.993801
0.05365 0.21282 -0.00155 1.0 -0.529548 -0.417283 -0.539626 0.50424
-0.05365 0.21282 -0.00155 1.0 -0.529481 0.417326 0.539671 0.504227
0.0 0.11937 0.0 1.0 0.112793 -0.039884 0.286922 0.950454
0.0 0.11937 0.0 1.0 0.111891 0.039493 -0.288344 0.950146
0.0 0.09951 0.0 1.0 -0.065637 -0.000017 -0.000017 0.997844
0.0 0.1329 0.0 1.0 0.0 -0.005022 0.0 0.999987
0.0 0.1329 0.0 1.0 0.0 0.004743 0.0 0.999989
0.054 0.12356 0.10523 1.0 -0.000159 0.668426 0.743778 0.000045
-0.054 0.12356 0.10523 1.0 0.000139 0.668426 0.743778 -0.000286
0.0 0.1329 0.0 1.0 -0.01489 0.003229 -0.774558 0.63232
0.0 0.1329 0.0 1.0 -0.015042 -0.003254 0.773848 0.633185
-0.03957 0.16679 -0.00162 1.0 0.458749 0.215881 0.739016 0.443621
0.03957 0.16679 -0.00162 1.0 0.45875 -0.215882 -0.739016 0.443621
0.0 0.2624 0.0 1.0 0.345189 -0.154154 -0.296492 0.877026
0.0 0.2624 0.0 1.0 0.345399 0.154223 0.297847 0.876471
0.0 0.13077 0.0 1.0 0.340579 0.011023 0.026477 0.939778
0.0 0.13077 0.0 1.0 0.340579 -0.011023 -0.026477 0.939778
0.00718 0.07562 -0.04315 1.0 -0.020939 -0.012473 0.023005 0.999438
-0.00718 0.07562 -0.04315 1.0 -0.020939 0.012473 -0.023005 0.999438
0.04641 0.1142 -0.0041 1.0 -0.204134 0.119044 -0.170366 0.956626
-0.04641 0.1142 -0.00409 1.0 -0.204196 -0.11904 0.170355 0.956615
0.0198 0.12271 0.00007 1.0 -0.218046 0.028183 -0.037696 0.974803
-0.0198 0.12271 0.00007 1.0 -0.218046 -0.028183 0.037696 0.974803
-0.02942 0.11104 -0.00169 1.0 -0.253481 -0.123201 0.15182 0.947375
0.02942 0.11104 -0.00169 1.0 -0.253489 0.123201 -0.151819 0.947373
-0.00705 0.12057 -0.00087 1.0 -0.202766 -0.025162 0.037353 0.978191
0.00705 0.12057 -0.00087 1.0 -0.202768 0.025164 -0.037353 0.978191
0.03234 0.03392 -0.01127 1.0 0.098112 0.517672 -0.381191 0.75966
-0.03234 0.03392 -0.01127 1.0 0.098115 -0.51766 0.381211 0.759658
0.0 0.13612 0.0 1.0 -0.247788 -0.004227 0.015487 0.968681
0.0 0.13612 0.0 1.0 -0.247788 0.004227 -0.015486 0.968681
0.0 0.03329 0.0 1.0 -0.211691 -0.000004 -0.000001 0.977337
0.0 0.03329 0.0 1.0 -0.211688 0.0 0.0 0.977337
0.0 0.03781 0.0 1.0 -0.211689 -0.000001 0.0 0.977337
0.0 0.03781 0.0 1.0 -0.211689 0.000001 0.0 0.977337
0.0 0.0258 0.0 1.0 -0.200541 0.0 0.0 0.979685
0.0 0.0258 0.0 1.0 -0.200211 0.0 0.0 0.979753
0.0 0.03416 0.0 1.0 -0.211691 -0.000003 -0.000001 0.977337
0.0 0.03416 0.0 1.0 -0.211688 0.000001 0.0 0.977337
0.0 0.03794 0.0 1.0 -0.155787 0.026005 0.038257 0.986707
0.0 0.03794 0.0 1.0 -0.155783 -0.026004 -0.038256 0.986708
0.0 0.02674 0.0 1.0 -0.160466 0.000001 0.000001 0.987041
0.0 0.02674 0.0 1.0 -0.159728 -0.000001 -0.000001 0.987161
0.0 0.03015 0.0 1.0 -0.160466 0.000001 0.0 0.987042
0.0 0.03015 0.0 1.0 -0.159727 -0.000001 0.0 0.987161
0.0 0.02184 0.0 1.0 -0.153471 -0.000001 0.0 0.988153
0.0 0.02184 0.0 1.0 -0.153506 0.000001 0.0 0.988148
0.0 0.02809 0.0 1.0 -0.160467 0.0 0.0 0.987041
0.0 0.02809 0.0 1.0 -0.159728 0.0 0.0 0.987161
0.0 0.03551 0.0 1.0 -0.091791 -0.002931 0.029253 0.995344
0.0 0.03551 0.0 1.0 -0.091791 0.00293 -0.029253 0.995344


##### Pose: 2 ##############################################

0.0 -0.03373 0.44529 1.0 0.0 0.707107 0.707107 0.0
0.11912 0.05112 0.00202 1.0 0.851433 0.071597 0.002991 0.519545
-0.11912 0.05112 0.00202 1.0 0.851433 -0.071596 -0.002991 0.519545
0.0 0.11713 0.0 1.0 0.18994 0.000204 -0.000204 0.981796
0.0 0.40298 0.0 1.0 0.869303 -0.000947 -0.092031 0.485636
0.0 0.40298 0.0 1.0 0.869303 0.000947 0.092031 0.485636
0.0 0.11353 0.0 1.0 -0.00025 0.0004 -0.000168 1.0
0.0 0.40596 0.0 1.0 -0.870941 -0.037251 0.151989 0.465805
0.0 0.40596 0.0 1.0 -0.870941 0.037251 -0.15199 0.465805
0.0 0.14148 0.0 1.0 -0.001598 0.000038 0.000061 0.999999
0.0 0.1733 0.0 1.0 -0.179058 0.005342 0.021538 0.983588
0.0 0.1733 0.0 1.0 -0.179058 -0.005343 -0.021538 0.983588
0.0 0.24687 0.0 1.0 0.111172 -0.000038 -0.000047 0.993801
0.05365 0.21282 -0.00155 1.0 -0.524932 -0.419242 -0.537898 0.509263
-0.05365 0.21282 -0.00155 1.0 -0.524861 0.419292 0.537918 0.509274
0.0 0.11937 0.0 1.0 0.030008 -0.008107 0.235297 0.971426
0.0 0.11937 0.0 1.0 0.029167 0.007766 -0.236697 0.971115
0.0 0.09951 0.0 1.0 -0.065637 -0.000017 -0.000017 0.997844
0.0 0.1329 0.0 1.0 0.0 0.004211 0.0 0.999991
0.0 0.1329 0.0 1.0 0.0 -0.00441 0.0 0.99999
0.054 0.12356 0.10523 1.0 -0.000159 0.668426 0.743778 0.000045
-0.054 0.12356 0.10523 1.0 0.000139 0.668426 0.743778 -0.000286
0.0 0.1329 0.0 1.0 -0.02242 0.003813 -0.760126 0.649378
0.0 0.1329 0.0 1.0 -0.022567 -0.003838 0.759375 0.650251
-0.03957 0.16679 -0.00162 1.0 0.396921 0.117573 0.760872 0.499705
0.03957 0.16679 -0.00162 1.0 0.396921 -0.117574 -0.760872 0.499704
0.0 0.2624 0.0 1.0 0.369357 -0.05643 -0.300509 0.877545
0.0 0.2624 0.0 1.0 0.369695 0.056703 0.301814 0.876937
0.0 0.13077 0.0 1.0 0.535911 0.016492 0.023464 0.843787
0.0 0.13077 0.0 1.0 0.535911 -0.016493 -0.023464 0.843787
0.00718 0.07562 -0.04315 1.0 -0.020939 -0.012473 0.023005 0.999438
-0.00718 0.07562 -0.04315 1.0 -0.020939 0.012473 -0.023005 0.999438
0.04641 0.1142 -0.0041 1.0 -0.204134 0.119044 -0.170366 0.956626
-0.04641 0.1142 -0.00409 1.0 -0.204196 -0.11904 0.170355 0.956615
0.0198 0.12271 0.00007 1.0 -0.218046 0.028183 -0.037696 0.974803
-0.0198 0.12271 0.00007 1.0 -0.218046 -0.028183 0.037696 0.974803
-0.02942 0.11104 -0.00169 1.0 -0.253481 -0.123201 0.15182 0.947375
0.02942 0.11104 -0.00169 1.0 -0.253489 0.123201 -0.151819 0.947373
-0.00705 0.12057 -0.00087 1.0 -0.202766 -0.025162 0.037353 0.978191
0.00705 0.12057 -0.00087 1.0 -0.202768 0.025164 -0.037353 0.978191
0.03234 0.03392 -0.01127 1.0 0.098112 0.517672 -0.381191 0.75966
-0.03234 0.03392 -0.01127 1.0 0.098115 -0.51766 0.381211 0.759658
0.0 0.13612 0.0 1.0 -0.451575 -0.007478 0.014205 0.892089
0.0 0.13612 0.0 1.0 -0.451576 0.007478 -0.014204 0.892089
0.0 0.03329 0.0 1.0 -0.211691 -0.000004 -0.000001 0.977337
0.0 0.03329 0.0 1.0 -0.211688 0.0 0.0 0.977337
0.0 0.03781 0.0 1.0 -0.211689 -0.000001 0.0 0.977337
0.0 0.03781 0.0 1.0 -0.211689 0.000001 0.0 0.977337
0.0 0.0258 0.0 1.0 -0.200541 0.0 0.0 0.979685
0.0 0.0258 0.0 1.0 -0.200211 0.0 0.0 0.979753
0.0 0.03416 0.0 1.0 -0.211691 -0.000003 -0.000001 0.977337
0.0 0.03416 0.0 1.0 -0.211688 0.000001 0.0 0.977337
0.0 0.03794 0.0 1.0 -0.155787 0.026005 0.038257 0.986707
0.0 0.03794 0.0 1.0 -0.155783 -0.026004 -0.038256 0.986708
0.0 0.02674 0.0 1.0 -0.160466 0.000001 0.000001 0.987041
0.0 0.02674 0.0 1.0 -0.159728 -0.000001 -0.000001 0.987161
0.0 0.03015 0.0 1.0 -0.160466 0.000001 0.0 0.987042
0.0 0.03015 0.0 1.0 -0.159727 -0.000001 0.0 0.987161
0.0 0.02184 0.0 1.0 -0.153471 -0.000001 0.0 0.988153
0.0 0.02184 0.0 1.0 -0.153506 0.000001 0.0 0.988148
0.0 0.0281 0.0 1.0 -0.160467 0.0 0.0 0.987041
0.0 0.02809 0.0 1.0 -0.159728 0.0 0.0 0.987161
0.0 0.03551 0.0 1.0 -0.091791 -0.002931 0.029253 0.995344
0.0 0.03551 0.0 1.0 -0.091791 0.00293 -0.029253 0.995344


##### Pose: 3 ##############################################

0.0 -0.02187 0.66364 1.0 0.0 0.707107 0.707107 0.0
0.10938 0.03634 0.00775 1.0 0.933914 0.013125 -0.001606 0.357254
-0.10938 0.03634 0.00775 1.0 0.933914 -0.013124 0.001606 0.357254
0.0 0.11713 0.0 1.0 0.146934 0.000102 -0.000102 0.989146
0.0 0.40298 0.0 1.0 0.673862 -0.00039 -0.10308 0.731632
0.0 0.40298 0.0 1.0 0.673862 0.00039 0.10308 0.731631
0.0 0.11353 0.0 1.0 -0.061298 0.000201 -0.000084 0.998119
0.0 0.40596 0.0 1.0 -0.803951 -0.082894 0.100317 0.580283
0.0 0.40596 0.0 1.0 -0.803951 0.082895 -0.100317 0.580283
0.0 0.14148 0.0 1.0 -0.027774 0.000018 0.00003 0.999614
0.0 0.1733 0.0 1.0 -0.179058 0.005342 0.021538 0.983588
0.0 0.1733 0.0 1.0 -0.179058 -0.005343 -0.021538 0.983588
0.0 0.24687 0.0 1.0 0.132826 -0.000019 -0.000024 0.99114
0.05365 0.21282 -0.00155 1.0 -0.531016 -0.371713 -0.583057 0.489792
-0.05365 0.21282 -0.00155 1.0 -0.530987 0.371745 0.583051 0.489806
0.0 0.11937 0.0 1.0 -0.274667 0.084592 0.158752 0.944563
0.0 0.11937 0.0 1.0 -0.27482 -0.084658 -0.159289 0.944423
0.0 0.09951 0.0 1.0 -0.056926 -0.000009 -0.000009 0.998378
0.0 0.1329 0.0 1.0 0.0 0.041603 0.0 0.999134
0.0 0.1329 0.0 1.0 0.0 -0.041569 0.0 0.999136
0.054 0.12356 0.10523 1.0 -0.000161 0.700233 0.713914 0.000099
-0.054 0.12356 0.10523 1.0 0.000151 0.700233 0.713914 -0.000219
0.0 0.1329 0.0 1.0 -0.050044 0.002323 -0.69064 0.721461
0.0 0.1329 0.0 1.0 -0.050091 -0.00233 0.690337 0.721748
-0.03957 0.16679 -0.00162 1.0 0.260915 -0.334817 0.57151 0.70228
0.03957 0.16679 -0.00162 1.0 0.260916 0.334816 -0.571511 0.70228
0.0 0.2624 0.0 1.0 0.137678 0.074736 -0.003168 0.987648
0.0 0.2624 0.0 1.0 0.13791 -0.074362 0.003722 0.987642
0.0 0.13077 0.0 1.0 0.256279 0.054346 0.025238 0.964744
0.0 0.13077 0.0 1.0 0.256279 -0.054346 -0.025238 0.964744
0.00718 0.07562 -0.04315 1.0 -0.020939 -0.012473 0.023005 0.999438
-0.00718 0.07562 -0.04315 1.0 -0.020939 0.012473 -0.023005 0.999438
0.04641 0.1142 -0.0041 1.0 -0.137372 0.118954 -0.182571 0.966254
-0.04641 0.1142 -0.00409 1.0 -0.137407 -0.118951 0.182565 0.966251
0.0198 0.12271 0.00007 1.0 -0.15159 0.027313 -0.039904 0.98726
-0.0198 0.12271 0.00007 1.0 -0.15159 -0.027313 0.039904 0.98726
-0.02942 0.11104 -0.00169 1.0 -0.189349 -0.121624 0.162968 0.960623
0.02942 0.11104 -0.00169 1.0 -0.189354 0.121624 -0.162967 0.960622
-0.00705 0.12057 -0.00087 1.0 -0.134418 -0.025135 0.03955 0.989816
0.00705 0.12057 -0.00087 1.0 -0.134421 0.025138 -0.03955 0.989816
0.03234 0.03392 -0.01127 1.0 0.10444 0.490985 -0.421842 0.755033
-0.03234 0.03392 -0.01127 1.0 0.104444 -0.490967 0.421868 0.75503
0.0 0.13612 0.0 1.0 -0.258839 0.040114 0.013047 0.964999
0.0 0.13612 0.0 1.0 -0.258839 -0.040114 -0.013046 0.964999
0.0 0.03329 0.0 1.0 -0.136767 -0.000004 -0.000001 0.990603
0.0 0.03329 0.0 1.0 -0.136764 0.0 0.0 0.990604
0.0 0.03781 0.0 1.0 -0.136765 -0.000001 0.0 0.990604
0.0 0.03781 0.0 1.0 -0.136765 0.000001 0.0 0.990604
0.0 0.0258 0.0 1.0 -0.13112 0.0 0.0 0.991367
0.0 0.0258 0.0 1.0 -0.130937 0.0 0.0 0.991391
0.0 0.03416 0.0 1.0 -0.136767 -0.000003 0.0 0.990603
0.0 0.03416 0.0 1.0 -0.136764 0.000001 0.0 0.990604
0.0 0.03794 0.0 1.0 -0.121092 0.012726 0.022467 0.992306
0.0 0.03794 0.0 1.0 -0.121087 -0.012724 -0.022464 0.992306
0.0 0.02674 0.0 1.0 -0.102219 0.000001 0.000001 0.994762
0.0 0.02674 0.0 1.0 -0.101811 -0.000001 -0.000001 0.994804
0.0 0.03015 0.0 1.0 -0.102218 0.000001 0.0 0.994762
0.0 0.03015 0.0 1.0 -0.10181 -0.000001 0.0 0.994804
0.0 0.02184 0.0 1.0 -0.098696 -0.000001 0.0 0.995118
0.0 0.02184 0.0 1.0 -0.098715 0.000001 0.0 0.995116
0.0 0.0281 0.0 1.0 -0.10222 0.0 0.0 0.994762
0.0 0.02809 0.0 1.0 -0.101812 0.0 0.0 0.994804
0.0 0.03551 0.0 1.0 -0.060273 -0.004109 0.027583 0.997792
0.0 0.03551 0.0 1.0 -0.060272 0.004109 -0.027583 0.997792


##### Pose: 4 ##############################################

0.0 -0.01 0.882 1.0 0.0 0.707107 0.707107 0.0
0.10411 0.02982 0.00943 1.0 0.998172 0.027249 -0.011262 0.052759
-0.10411 0.02982 0.00943 1.0 0.998172 -0.027241 0.011262 0.052761
0.0 0.11713 0.0 1.0 0.103649 0.0 0.0 0.994614
0.0 0.40298 0.0 1.0 0.133932 -0.000378 -0.022347 0.990738
0.0 0.40298 0.0 1.0 0.133933 0.000377 0.022347 0.990738
0.0 0.11353 0.0 1.0 -0.122118 0.000001 0.0 0.992516
0.0 0.40596 0.0 1.0 -0.605396 -0.071556 0.017038 0.792518
0.0 0.40596 0.0 1.0 -0.605396 0.071557 -0.017038 0.792518
0.0 0.14148 0.0 1.0 -0.053932 -0.000001 0.0 0.998545
0.0 0.1733 0.0 1.0 -0.179058 0.005342 0.021538 0.983588
0.0 0.1733 0.0 1.0 -0.179058 -0.005343 -0.021538 0.983588
0.0 0.24687 0.0 1.0 0.154416 0.0 0.0 0.988006
0.05365 0.21282 -0.00155 1.0 -0.547428 -0.320879 -0.631904 0.445036
-0.05365 0.21282 -0.00155 1.0 -0.547428 0.320879 0.631904 0.445036
0.0 0.11937 0.0 1.0 -0.42605 0.036079 0.06571 0.901589
0.0 0.11937 0.0 1.0 -0.42605 -0.036079 -0.06571 0.901589
0.0 0.09951 0.0 1.0 -0.048212 0.0 0.0 0.998837
0.0 0.1329 0.0 1.0 0.0 0.024591 0.0 0.999698
0.0 0.1329 0.0 1.0 0.0 -0.024591 0.0 0.999698
0.054 0.12356 0.10523 1.0 -0.000163 0.730707 0.682691 0.000152
-0.054 0.12356 0.10523 1.0 0.000163 0.730707 0.682691 -0.000152
0.0 0.1329 0.0 1.0 -0.063034 0.00487 -0.229057 0.971358
0.0 0.1329 0.0 1.0 -0.063035 -0.00487 0.229057 0.971358
-0.03957 0.16679 -0.00162 1.0 0.142105 -0.604417 0.285538 0.730037
0.03957 0.16679 -0.00162 1.0 0.142106 0.604417 -0.285538 0.730037
0.0 0.2624 0.0 1.0 0.00655 -0.029804 0.101063 0.994412
0.0 0.2624 0.0 1.0 0.00655 0.029805 -0.101063 0.994412
0.0 0.13077 0.0 1.0 -0.04751 0.087077 0.024633 0.994763
0.0 0.13077 0.0 1.0 -0.04751 -0.087077 -0.024633 0.994763
0.00718 0.07562 -0.04315 1.0 -0.020939 -0.012473 0.023005 0.999438
-0.00718 0.07562 -0.04315 1.0 -0.020939 0.012473 -0.023005 0.999438
0.04641 0.1142 -0.0041 1.0 -0.069963 0.118305 -0.193917 0.971342
-0.04641 0.1142 -0.00409 1.0 -0.069967 -0.118302 0.193917 0.971342
0.0198 0.12271 0.00007 1.0 -0.084441 0.026319 -0.04193 0.995198
-0.0198 0.12271 0.00007 1.0 -0.084441 -0.026319 0.04193 0.995198
-0.02942 0.11104 -0.00169 1.0 -0.124381 -0.119509 0.173396 0.969629
0.02942 0.11104 -0.00169 1.0 -0.124381 0.119509 -0.173396 0.969629
-0.00705 0.12057 -0.00087 1.0 -0.065424 -0.024988 0.041556 0.996679
0.00705 0.12057 -0.00087 1.0 -0.065427 0.024991 -0.041556 0.996678
0.03234 0.03392 -0.01127 1.0 0.110514 0.463106 -0.46147 0.748575
-0.03234 0.03392 -0.01127 1.0 0.110514 -0.463106 0.46147 0.748575
0.0 0.13612 0.0 1.0 -0.054525 0.085912 0.011305 0.994745
0.0 0.13612 0.0 1.0 -0.054525 -0.085912 -0.011305 0.994745
0.0 0.03329 0.0 1.0 -0.061051 -0.000004 -0.000001 0.998135
0.0 0.03329 0.0 1.0 -0.061048 0.0 0.0 0.998135
0.0 0.03781 0.0 1.0 -0.061049 -0.000001 0.0 0.998135
0.0 0.03781 0.0 1.0 -0.061049 0.000001 0.0 0.998135
0.0 0.0258 0.0 1.0 -0.06105 0.0 0.0 0.998135
0.0 0.0258 0.0 1.0 -0.06105 0.0 0.0 0.998135
0.0 0.03416 0.0 1.0 -0.061052 -0.000003 0.0 0.998135
0.0 0.03416 0.0 1.0 -0.061049 0.000001 0.0 0.998135
0.0 0.03794 0.0 1.0 -0.086195 -0.000574 0.006638 0.996256
0.0 0.03794 0.0 1.0 -0.086195 0.000575 -0.006638 0.996256
0.0 0.02674 0.0 1.0 -0.043619 0.000001 0.000001 0.999048
0.0 0.02674 0.0 1.0 -0.043619 -0.000001 -0.000001 0.999048
0.0 0.03015 0.0 1.0 -0.043618 0.000001 0.0 0.999048
0.0 0.03015 0.0 1.0 -0.043618 -0.000001 0.0 0.999048
0.0 0.02184 0.0 1.0 -0.04362 -0.000001 0.0 0.999048
0.0 0.02184 0.0 1.0 -0.04362 0.000001 0.0 0.999048
0.0 0.02809 0.0 1.0 -0.043619 0.0 0.0 0.999048
0.0 0.02809 0.0 1.0 -0.04362 0.0 0.0 0.999048
0.0 0.03551 0.0 1.0 -0.028694 -0.005283 0.025885 0.999239
0.0 0.03551 0.0 1.0 -0.028693 0.005283 -0.025885 0.999239