# SQEE Animation Format


################################################################################

SECTION Header

BoneCount 64
PoseCount 4
TotalTime 80

Times 20 20 20 20


################################################################################

SECTION Poses


##### Pose: 0 ##############################################

0.0 -0.01 0.882 1.0 0.0 0.707107 0.707107 0.0
0.10411 0.02982 0.00943 1.0 0.998172 0.027249 -0.011262 0.052759
-0.10411 0.02982 0.00943 1.0 0.998172 -0.027241 0.011262 0.052761
0.0 0.11713 0.0 1.0 0.103649 0.0 0.0 0.994614
0.0 0.40298 0.0 1.0 0.133932 -0.000378 -0.022347 0.990738
0.0 0.40298 0.0 1.0 0.133933 0.000377 0.022347 0.990738
0.0 0.11353 0.0 1.0 -0.122118 0.000001 0.0 0.992516
0.0 0.40596 0.0 1.0 -0.605396 -0.071556 0.017038 0.792518
0.0 0.40596 0.0 1.0 -0.605396 0.071557 -0.017038 0.792518
0.0 0.14148 0.0 1.0 -0.053932 -0.000001 0.0 0.998545
0.0 0.1733 0.0 1.0 -0.179058 0.005342 0.021538 0.983588
0.0 0.1733 0.0 1.0 -0.179058 -0.005343 -0.021538 0.983588
0.0 0.24687 0.0 1.0 0.154416 0.0 0.0 0.988006
0.05 0.20606 -0.00339 1.0 -0.546052 -0.322049 -0.630769 0.447483
-0.05 0.20606 -0.00339 1.0 -0.546052 0.322049 0.630769 0.447483
0.0 0.11937 0.0 1.0 -0.422075 0.043928 0.082207 0.901757
0.0 0.11937 0.0 1.0 -0.422075 -0.043928 -0.082207 0.901757
0.0 0.09951 0.0 1.0 -0.048212 0.0 0.0 0.998837
0.0 0.1329 0.0 1.0 0.0 0.026045 0.0 0.999661
0.0 0.1329 0.0 1.0 0.0 -0.026045 0.0 0.999661
0.054 0.12356 0.10523 1.0 -0.000163 0.730707 0.682691 0.000152
-0.054 0.12356 0.10523 1.0 0.000163 0.730707 0.682691 -0.000152
0.0 0.1329 0.0 1.0 -0.064486 0.004428 -0.268924 0.96099
0.0 0.1329 0.0 1.0 -0.064487 -0.004428 0.268924 0.96099
-0.03957 0.16679 -0.00162 1.0 0.142105 -0.604417 0.285538 0.730037
0.03957 0.16679 -0.00162 1.0 0.142106 0.604417 -0.285538 0.730037
0.0 0.2624 0.0 1.0 0.003612 -0.031556 0.12238 0.991975
0.0 0.2624 0.0 1.0 0.003612 0.031557 -0.12238 0.991975
0.0 0.13077 0.0 1.0 -0.04751 0.087077 0.024633 0.994763
0.0 0.13077 0.0 1.0 -0.04751 -0.087077 -0.024633 0.994763
0.00718 0.07562 -0.04315 1.0 -0.020939 -0.012473 0.023005 0.999438
-0.00718 0.07562 -0.04315 1.0 -0.020939 0.012473 -0.023005 0.999438
0.04641 0.1142 -0.0041 1.0 -0.069963 0.118305 -0.193917 0.971342
-0.04641 0.1142 -0.00409 1.0 -0.069967 -0.118302 0.193917 0.971342
0.0198 0.12271 0.00007 1.0 -0.084441 0.026319 -0.04193 0.995198
-0.0198 0.12271 0.00007 1.0 -0.084441 -0.026319 0.04193 0.995198
-0.02942 0.11104 -0.00169 1.0 -0.124381 -0.119509 0.173396 0.969629
0.02942 0.11104 -0.00169 1.0 -0.124381 0.119509 -0.173396 0.969629
-0.00705 0.12057 -0.00087 1.0 -0.065424 -0.024988 0.041556 0.996679
0.00705 0.12057 -0.00087 1.0 -0.065427 0.024991 -0.041556 0.996678
0.03234 0.03392 -0.01127 1.0 0.110514 0.463106 -0.46147 0.748575
-0.03234 0.03392 -0.01127 1.0 0.110514 -0.463106 0.46147 0.748575
0.0 0.13612 0.0 1.0 -0.054525 0.085912 0.011305 0.994745
0.0 0.13612 0.0 1.0 -0.054525 -0.085912 -0.011305 0.994745
0.0 0.03329 0.0 1.0 -0.061051 -0.000004 -0.000001 0.998135
0.0 0.03329 0.0 1.0 -0.061048 0.0 0.0 0.998135
0.0 0.03781 0.0 1.0 -0.061049 -0.000001 0.0 0.998135
0.0 0.03781 0.0 1.0 -0.061049 0.000001 0.0 0.998135
0.0 0.0258 0.0 1.0 -0.06105 0.0 0.0 0.998135
0.0 0.0258 0.0 1.0 -0.06105 0.0 0.0 0.998135
0.0 0.03416 0.0 1.0 -0.061052 -0.000003 0.0 0.998135
0.0 0.03416 0.0 1.0 -0.061049 0.000001 0.0 0.998135
0.0 0.03794 0.0 1.0 -0.086195 -0.000574 0.006638 0.996256
0.0 0.03794 0.0 1.0 -0.086195 0.000575 -0.006638 0.996256
0.0 0.02674 0.0 1.0 -0.043619 0.000001 0.000001 0.999048
0.0 0.02674 0.0 1.0 -0.043619 -0.000001 -0.000001 0.999048
0.0 0.03015 0.0 1.0 -0.043618 0.000001 0.0 0.999048
0.0 0.03015 0.0 1.0 -0.043618 -0.000001 0.0 0.999048
0.0 0.02184 0.0 1.0 -0.04362 -0.000001 0.0 0.999048
0.0 0.02184 0.0 1.0 -0.04362 0.000001 0.0 0.999048
0.0 0.02809 0.0 1.0 -0.043619 0.0 0.0 0.999048
0.0 0.02809 0.0 1.0 -0.04362 0.0 0.0 0.999048
0.0 0.03551 0.0 1.0 -0.028694 -0.005283 0.025885 0.999239
0.0 0.03551 0.0 1.0 -0.028693 0.005283 -0.025885 0.999239


##### Pose: 1 ##############################################

0.002 -0.01 0.88 1.0 0.0 0.707107 0.707107 0.0
0.10437 0.03011 0.00922 1.0 0.997763 0.027486 -0.011974 0.059744
-0.10389 0.02957 0.0096 1.0 0.99769 -0.024573 0.010076 0.062522
0.0 0.11713 0.0 1.0 0.103649 0.0 0.0 0.994614
0.0 0.40298 0.0 1.0 0.147382 -0.000382 -0.024511 0.988776
0.0 0.40298 0.0 1.0 0.153579 0.000371 0.025703 0.987802
0.0 0.11353 0.0 1.0 -0.122118 0.000001 0.0 0.992516
0.0 0.40596 0.0 1.0 -0.610489 -0.071732 0.01992 0.788518
0.0 0.40596 0.0 1.0 -0.613282 0.072742 -0.017771 0.786307
0.0 0.14148 0.0 1.0 -0.053932 -0.000001 0.0 0.998545
0.0 0.1733 0.0 1.0 -0.179058 0.005342 0.021538 0.983588
0.0 0.1733 0.0 1.0 -0.179058 -0.005343 -0.021538 0.983588
0.0 0.24687 0.0 1.0 0.154416 0.0 0.0 0.988006
0.05 0.20606 -0.00339 1.0 -0.545963 -0.32196 -0.630613 0.447876
-0.05 0.20606 -0.00339 1.0 -0.545376 0.322739 0.63033 0.448429
0.0 0.11937 0.0 1.0 -0.421069 0.045969 0.083242 0.90203
0.0 0.11937 0.0 1.0 -0.422269 -0.046688 -0.091378 0.900644
0.0 0.09951 0.0 1.0 -0.048212 0.0 0.0 0.998837
0.0 0.1329 0.0 1.0 0.0 0.02672 0.0 0.999643
0.0 0.1329 0.0 1.0 0.0 -0.02641 0.0 0.999651
0.054 0.12356 0.10523 1.0 -0.000163 0.730707 0.682691 0.000152
-0.054 0.12356 0.10523 1.0 0.000163 0.730707 0.682691 -0.000152
0.0 0.1329 0.0 1.0 -0.064471 0.004281 -0.281193 0.957474
0.0 0.1329 0.0 1.0 -0.065438 -0.004313 0.28013 0.95772
-0.03957 0.16679 -0.00162 1.0 0.186059 -0.586014 0.32162 0.72009
0.03957 0.16679 -0.00162 1.0 0.112504 0.615457 -0.260893 0.735181
0.0 0.2624 0.0 1.0 0.003569 -0.034021 0.132588 0.990581
0.0 0.2624 0.0 1.0 0.004004 0.029655 -0.124437 0.991776
0.0 0.13077 0.0 1.0 -0.107671 0.085425 0.029861 0.99006
0.0 0.13077 0.0 1.0 0.012824 -0.088409 -0.019314 0.995815
0.00718 0.07562 -0.04315 1.0 -0.020939 -0.012473 0.023005 0.999438
-0.00718 0.07562 -0.04315 1.0 -0.020939 0.012473 -0.023005 0.999438
0.04641 0.1142 -0.0041 1.0 -0.069963 0.118305 -0.193917 0.971342
-0.04641 0.1142 -0.00409 1.0 -0.069967 -0.118302 0.193917 0.971342
0.0198 0.12271 0.00007 1.0 -0.084441 0.026319 -0.04193 0.995198
-0.0198 0.12271 0.00007 1.0 -0.084441 -0.026319 0.04193 0.995198
-0.02942 0.11104 -0.00169 1.0 -0.124381 -0.119509 0.173396 0.969629
0.02942 0.11104 -0.00169 1.0 -0.124381 0.119509 -0.173396 0.969629
-0.00705 0.12057 -0.00087 1.0 -0.065424 -0.024988 0.041556 0.996679
0.00705 0.12057 -0.00087 1.0 -0.065427 0.024991 -0.041556 0.996678
0.03234 0.03392 -0.01127 1.0 0.110514 0.463106 -0.46147 0.748575
-0.03234 0.03392 -0.01127 1.0 0.110514 -0.463106 0.46147 0.748575
0.0 0.13612 0.0 1.0 0.005821 0.086439 0.006081 0.996222
0.0 0.13612 0.0 1.0 -0.114672 -0.085069 -0.016487 0.989617
0.0 0.03329 0.0 1.0 -0.061051 -0.000004 -0.000001 0.998135
0.0 0.03329 0.0 1.0 -0.061048 0.0 0.0 0.998135
0.0 0.03781 0.0 1.0 -0.061049 -0.000001 0.0 0.998135
0.0 0.03781 0.0 1.0 -0.061049 0.000001 0.0 0.998135
0.0 0.0258 0.0 1.0 -0.06105 0.0 0.0 0.998135
0.0 0.0258 0.0 1.0 -0.06105 0.0 0.0 0.998135
0.0 0.03416 0.0 1.0 -0.061052 -0.000003 0.0 0.998135
0.0 0.03416 0.0 1.0 -0.061049 0.000001 0.0 0.998135
0.0 0.03794 0.0 1.0 -0.086195 -0.000574 0.006638 0.996256
0.0 0.03794 0.0 1.0 -0.086195 0.000574 -0.006638 0.996256
0.0 0.02674 0.0 1.0 -0.043619 0.000001 0.000001 0.999048
0.0 0.02674 0.0 1.0 -0.043619 -0.000001 -0.000001 0.999048
0.0 0.03015 0.0 1.0 -0.043618 0.000001 0.0 0.999048
0.0 0.03015 0.0 1.0 -0.043618 -0.000001 0.0 0.999048
0.0 0.02184 0.0 1.0 -0.04362 -0.000001 0.0 0.999048
0.0 0.02184 0.0 1.0 -0.04362 0.000001 0.0 0.999048
0.0 0.02809 0.0 1.0 -0.043619 0.0 0.0 0.999048
0.0 0.0281 0.0 1.0 -0.04362 0.0 0.0 0.999048
0.0 0.03551 0.0 1.0 -0.028694 -0.005283 0.025885 0.999239
0.0 0.03551 0.0 1.0 -0.028693 0.005283 -0.025885 0.999239


##### Pose: 2 ##############################################

0.0 -0.01 0.882 1.0 0.0 0.707107 0.707107 0.0
0.10411 0.02982 0.00943 1.0 0.998172 0.027249 -0.011262 0.052759
-0.10411 0.02982 0.00943 1.0 0.998172 -0.027241 0.011262 0.052761
0.0 0.11713 0.0 1.0 0.103649 0.0 0.0 0.994614
0.0 0.40298 0.0 1.0 0.133932 -0.000378 -0.022347 0.990738
0.0 0.40298 0.0 1.0 0.133933 0.000377 0.022347 0.990738
0.0 0.11353 0.0 1.0 -0.122118 0.000001 0.0 0.992516
0.0 0.40596 0.0 1.0 -0.605396 -0.071556 0.017038 0.792518
0.0 0.40596 0.0 1.0 -0.605396 0.071557 -0.017038 0.792518
0.0 0.14148 0.0 1.0 -0.053932 -0.000001 0.0 0.998545
0.0 0.1733 0.0 1.0 -0.179058 0.005342 0.021538 0.983588
0.0 0.1733 0.0 1.0 -0.179058 -0.005343 -0.021538 0.983588
0.0 0.24687 0.0 1.0 0.154416 0.0 0.0 0.988006
0.05 0.20606 -0.00339 1.0 -0.546052 -0.322049 -0.630769 0.447483
-0.05 0.20606 -0.00339 1.0 -0.546052 0.322049 0.630769 0.447483
0.0 0.11937 0.0 1.0 -0.422075 0.043928 0.082207 0.901757
0.0 0.11937 0.0 1.0 -0.422075 -0.043928 -0.082207 0.901757
0.0 0.09951 0.0 1.0 -0.048212 0.0 0.0 0.998837
0.0 0.1329 0.0 1.0 0.0 0.026045 0.0 0.999661
0.0 0.1329 0.0 1.0 0.0 -0.026045 0.0 0.999661
0.054 0.12356 0.10523 1.0 -0.000163 0.730707 0.682691 0.000152
-0.054 0.12356 0.10523 1.0 0.000163 0.730707 0.682691 -0.000152
0.0 0.1329 0.0 1.0 -0.064486 0.004428 -0.268924 0.96099
0.0 0.1329 0.0 1.0 -0.064487 -0.004428 0.268924 0.96099
-0.03957 0.16679 -0.00162 1.0 0.142105 -0.604417 0.285538 0.730037
0.03957 0.16679 -0.00162 1.0 0.142106 0.604417 -0.285538 0.730037
0.0 0.2624 0.0 1.0 0.003612 -0.031556 0.12238 0.991975
0.0 0.2624 0.0 1.0 0.003612 0.031557 -0.12238 0.991975
0.0 0.13077 0.0 1.0 -0.04751 0.087077 0.024633 0.994763
0.0 0.13077 0.0 1.0 -0.04751 -0.087077 -0.024633 0.994763
0.00718 0.07562 -0.04315 1.0 -0.020939 -0.012473 0.023005 0.999438
-0.00718 0.07562 -0.04315 1.0 -0.020939 0.012473 -0.023005 0.999438
0.04641 0.1142 -0.0041 1.0 -0.069963 0.118305 -0.193917 0.971342
-0.04641 0.1142 -0.00409 1.0 -0.069967 -0.118302 0.193917 0.971342
0.0198 0.12271 0.00007 1.0 -0.084441 0.026319 -0.04193 0.995198
-0.0198 0.12271 0.00007 1.0 -0.084441 -0.026319 0.04193 0.995198
-0.02942 0.11104 -0.00169 1.0 -0.124381 -0.119509 0.173396 0.969629
0.02942 0.11104 -0.00169 1.0 -0.124381 0.119509 -0.173396 0.969629
-0.00705 0.12057 -0.00087 1.0 -0.065424 -0.024988 0.041556 0.996679
0.00705 0.12057 -0.00087 1.0 -0.065427 0.024991 -0.041556 0.996678
0.03234 0.03392 -0.01127 1.0 0.110514 0.463106 -0.46147 0.748575
-0.03234 0.03392 -0.01127 1.0 0.110514 -0.463106 0.46147 0.748575
0.0 0.13612 0.0 1.0 -0.054525 0.085912 0.011305 0.994745
0.0 0.13612 0.0 1.0 -0.054525 -0.085912 -0.011305 0.994745
0.0 0.03329 0.0 1.0 -0.061051 -0.000004 -0.000001 0.998135
0.0 0.03329 0.0 1.0 -0.061048 0.0 0.0 0.998135
0.0 0.03781 0.0 1.0 -0.061049 -0.000001 0.0 0.998135
0.0 0.03781 0.0 1.0 -0.061049 0.000001 0.0 0.998135
0.0 0.0258 0.0 1.0 -0.06105 0.0 0.0 0.998135
0.0 0.0258 0.0 1.0 -0.06105 0.0 0.0 0.998135
0.0 0.03416 0.0 1.0 -0.061052 -0.000003 0.0 0.998135
0.0 0.03416 0.0 1.0 -0.061049 0.000001 0.0 0.998135
0.0 0.03794 0.0 1.0 -0.086195 -0.000574 0.006638 0.996256
0.0 0.03794 0.0 1.0 -0.086195 0.000575 -0.006638 0.996256
0.0 0.02674 0.0 1.0 -0.043619 0.000001 0.000001 0.999048
0.0 0.02674 0.0 1.0 -0.043619 -0.000001 -0.000001 0.999048
0.0 0.03015 0.0 1.0 -0.043618 0.000001 0.0 0.999048
0.0 0.03015 0.0 1.0 -0.043618 -0.000001 0.0 0.999048
0.0 0.02184 0.0 1.0 -0.04362 -0.000001 0.0 0.999048
0.0 0.02184 0.0 1.0 -0.04362 0.000001 0.0 0.999048
0.0 0.02809 0.0 1.0 -0.043619 0.0 0.0 0.999048
0.0 0.02809 0.0 1.0 -0.04362 0.0 0.0 0.999048
0.0 0.03551 0.0 1.0 -0.028694 -0.005283 0.025885 0.999239
0.0 0.03551 0.0 1.0 -0.028693 0.005283 -0.025885 0.999239


##### Pose: 3 ##############################################

-0.002 -0.01 0.88 1.0 0.0 0.707107 0.707107 0.0
0.10389 0.02957 0.0096 1.0 0.99769 0.024579 -0.010076 0.062522
-0.10437 0.03011 0.00922 1.0 0.997764 -0.027479 0.011974 0.059745
0.0 0.11713 0.0 1.0 0.103649 0.0 0.0 0.994614
0.0 0.40298 0.0 1.0 0.153578 -0.000371 -0.025703 0.987802
0.0 0.40298 0.0 1.0 0.147382 0.000382 0.024511 0.988776
0.0 0.11353 0.0 1.0 -0.122118 0.000001 0.0 0.992516
0.0 0.40596 0.0 1.0 -0.613282 -0.072741 0.017771 0.786307
0.0 0.40596 0.0 1.0 -0.610489 0.071733 -0.01992 0.788518
0.0 0.14148 0.0 1.0 -0.053932 -0.000001 0.0 0.998545
0.0 0.1733 0.0 1.0 -0.179058 0.005342 0.021538 0.983588
0.0 0.1733 0.0 1.0 -0.179058 -0.005343 -0.021538 0.983588
0.0 0.24687 0.0 1.0 0.154416 0.0 0.0 0.988006
0.05 0.20606 -0.00339 1.0 -0.545376 -0.322739 -0.63033 0.448429
-0.05 0.20606 -0.00339 1.0 -0.545963 0.32196 0.630614 0.447876
0.0 0.11937 0.0 1.0 -0.422269 0.046688 0.091377 0.900644
0.0 0.11937 0.0 1.0 -0.421069 -0.045969 -0.083242 0.90203
0.0 0.09951 0.0 1.0 -0.048212 0.0 0.0 0.998837
0.0 0.1329 0.0 1.0 0.0 0.02641 0.0 0.999651
0.0 0.1329 0.0 1.0 0.0 -0.02672 0.0 0.999643
0.054 0.12356 0.10523 1.0 -0.000163 0.730707 0.682691 0.000152
-0.054 0.12356 0.10523 1.0 0.000163 0.730707 0.682691 -0.000152
0.0 0.1329 0.0 1.0 -0.065437 0.004313 -0.28013 0.95772
0.0 0.1329 0.0 1.0 -0.064471 -0.004281 0.281192 0.957474
-0.03957 0.16679 -0.00162 1.0 0.112503 -0.615457 0.260892 0.735181
0.03957 0.16679 -0.00162 1.0 0.18606 0.586014 -0.32162 0.72009
0.0 0.2624 0.0 1.0 0.004004 -0.029655 0.124438 0.991776
0.0 0.2624 0.0 1.0 0.003569 0.034021 -0.132587 0.990581
0.0 0.13077 0.0 1.0 0.012824 0.088409 0.019314 0.995815
0.0 0.13077 0.0 1.0 -0.107671 -0.085425 -0.029862 0.99006
0.00718 0.07562 -0.04315 1.0 -0.020939 -0.012473 0.023005 0.999438
-0.00718 0.07562 -0.04315 1.0 -0.020939 0.012473 -0.023005 0.999438
0.04641 0.1142 -0.0041 1.0 -0.069963 0.118305 -0.193917 0.971342
-0.04641 0.1142 -0.00409 1.0 -0.069967 -0.118302 0.193917 0.971342
0.0198 0.12271 0.00007 1.0 -0.084441 0.026319 -0.04193 0.995198
-0.0198 0.12271 0.00007 1.0 -0.084441 -0.026319 0.04193 0.995198
-0.02942 0.11104 -0.00169 1.0 -0.124381 -0.119509 0.173396 0.969629
0.02942 0.11104 -0.00169 1.0 -0.124381 0.119509 -0.173396 0.969629
-0.00705 0.12057 -0.00087 1.0 -0.065424 -0.024988 0.041556 0.996679
0.00705 0.12057 -0.00087 1.0 -0.065427 0.024991 -0.041556 0.996678
0.03234 0.03392 -0.01127 1.0 0.110514 0.463106 -0.46147 0.748575
-0.03234 0.03392 -0.01127 1.0 0.110514 -0.463106 0.46147 0.748575
0.0 0.13612 0.0 1.0 -0.114671 0.08507 0.016488 0.989617
0.0 0.13612 0.0 1.0 0.005821 -0.086439 -0.006081 0.996222
0.0 0.03329 0.0 1.0 -0.061051 -0.000004 -0.000001 0.998135
0.0 0.03329 0.0 1.0 -0.061048 0.0 0.0 0.998135
0.0 0.03781 0.0 1.0 -0.061049 -0.000001 0.0 0.998135
0.0 0.03781 0.0 1.0 -0.061049 0.000001 0.0 0.998135
0.0 0.0258 0.0 1.0 -0.06105 0.0 0.0 0.998135
0.0 0.0258 0.0 1.0 -0.06105 0.0 0.0 0.998135
0.0 0.03416 0.0 1.0 -0.061052 -0.000003 0.0 0.998135
0.0 0.03416 0.0 1.0 -0.061049 0.000001 0.0 0.998135
0.0 0.03794 0.0 1.0 -0.086195 -0.000574 0.006638 0.996256
0.0 0.03794 0.0 1.0 -0.086195 0.000574 -0.006638 0.996256
0.0 0.02674 0.0 1.0 -0.043619 0.000001 0.000001 0.999048
0.0 0.02674 0.0 1.0 -0.043619 -0.000001 -0.000001 0.999048
0.0 0.03015 0.0 1.0 -0.043618 0.000001 0.0 0.999048
0.0 0.03015 0.0 1.0 -0.043618 -0.000001 0.0 0.999048
0.0 0.02184 0.0 1.0 -0.04362 -0.000001 0.0 0.999048
0.0 0.02184 0.0 1.0 -0.04362 0.000001 0.0 0.999048
0.0 0.02809 0.0 1.0 -0.043619 0.0 0.0 0.999048
0.0 0.02809 0.0 1.0 -0.04362 0.0 0.0 0.999048
0.0 0.03551 0.0 1.0 -0.028694 -0.005283 0.025885 0.999239
0.0 0.03551 0.0 1.0 -0.028693 0.005283 -0.025885 0.999239
