# SQEE Animation Format


################################################################################

SECTION Header

BoneCount 65
PoseCount 4
TotalTime 14

Times 4 6 4 0


################################################################################

SECTION Poses


##### Pose: 0 ##############################################

0.0 0.0 0.0 1.0 0.0 0.707107 0.707107 0.0
0.0 0.882 -0.01 1.0 0.0 0.0 0.0 1.0
0.10411 0.02982 0.00943 1.0 0.998172 0.027249 -0.011262 0.052759
-0.10314 0.02858 0.00846 1.0 0.997763 -0.020676 0.016181 0.061477
0.0 0.11713 0.0 1.0 0.103649 0.0 0.0 0.994614
0.0 0.40298 0.0 1.0 0.133932 -0.000378 -0.022347 0.990738
0.0 0.40298 0.0 1.0 0.149701 0.00035 0.025359 0.988406
0.0 0.11353 0.0 1.0 -0.122118 0.000001 0.0 0.992516
0.0 0.40596 0.0 1.0 -0.605396 -0.071556 0.017038 0.792518
0.0 0.40596 0.0 1.0 -0.611698 0.065494 -0.016238 0.788208
0.0 0.14148 0.0 1.0 -0.053932 -0.000001 0.0 0.998545
0.0 0.1733 0.0 1.0 -0.179058 0.005342 0.021538 0.983588
0.0 0.1733 0.0 1.0 -0.179058 -0.005343 -0.021538 0.983588
0.0 0.24687 0.0 1.0 0.154416 0.0 0.0 0.988006
0.05 0.20606 -0.00339 1.0 -0.546052 -0.322049 -0.630769 0.447483
-0.05 0.20606 -0.00339 1.0 -0.546052 0.322049 0.630769 0.447483
0.0 0.11937 0.0 1.0 -0.422075 0.043928 0.082207 0.901757
0.0 0.11937 0.0 1.0 -0.422075 -0.043929 -0.082208 0.901757
0.0 0.09951 0.0 1.0 -0.048212 0.0 0.0 0.998837
0.0 0.1329 0.0 1.0 0.0 0.026045 0.0 0.999661
0.0 0.1329 0.0 1.0 0.0 -0.026045 0.0 0.999661
0.054 0.12356 0.10523 1.0 -0.000163 0.730707 0.682691 0.000152
-0.054 0.12356 0.10523 1.0 0.000163 0.730707 0.682691 -0.000152
0.0 0.1329 0.0 1.0 -0.064487 0.004428 -0.268925 0.96099
0.0 0.1329 0.0 1.0 -0.064487 -0.004428 0.268924 0.96099
-0.03957 0.16679 -0.00162 1.0 -0.013022 -0.663939 0.397886 0.63301
0.03957 0.16679 -0.00162 1.0 -0.013021 0.663939 -0.397886 0.63301
0.0 0.2624 0.0 1.0 0.003612 -0.031556 0.122381 0.991975
0.0 0.2624 0.0 1.0 0.003612 0.031557 -0.12238 0.991975
0.0 0.13077 0.0 1.0 -0.159537 -0.114573 -0.299725 0.933588
0.0 0.13077 0.0 1.0 -0.159537 0.114573 0.299725 0.933588
0.00718 0.07562 -0.04315 1.0 -0.020939 -0.012473 0.023005 0.999438
-0.00718 0.07562 -0.04315 1.0 -0.020939 0.012473 -0.023005 0.999438
0.04641 0.1142 -0.0041 1.0 -0.069963 0.118305 -0.193917 0.971342
-0.04641 0.1142 -0.00409 1.0 -0.069967 -0.118302 0.193917 0.971342
0.0198 0.12271 0.00007 1.0 -0.084441 0.026319 -0.04193 0.995198
-0.0198 0.12271 0.00007 1.0 -0.084441 -0.026319 0.04193 0.995198
-0.02942 0.11104 -0.00169 1.0 -0.124381 -0.119509 0.173396 0.969629
0.02942 0.11104 -0.00169 1.0 -0.124381 0.119509 -0.173396 0.969629
-0.00705 0.12057 -0.00087 1.0 -0.065424 -0.024988 0.041556 0.996679
0.00705 0.12057 -0.00087 1.0 -0.065427 0.024991 -0.041556 0.996678
0.03234 0.03392 -0.01127 1.0 0.110514 0.463106 -0.46147 0.748575
-0.03234 0.03392 -0.01127 1.0 0.110514 -0.463106 0.46147 0.748575
0.0 0.13612 0.0 1.0 -0.089475 0.214143 0.108842 0.966587
0.0 0.13612 0.0 1.0 -0.089476 -0.214143 -0.108842 0.966587
0.0 0.03329 0.0 1.0 -0.061051 -0.000004 -0.000001 0.998135
0.0 0.03329 0.0 1.0 -0.061048 0.0 0.0 0.998135
0.0 0.03781 0.0 1.0 -0.061049 -0.000001 0.0 0.998135
0.0 0.03781 0.0 1.0 -0.061049 0.000001 0.0 0.998135
0.0 0.0258 0.0 1.0 -0.061049 0.0 0.0 0.998135
0.0 0.0258 0.0 1.0 -0.06105 0.0 0.0 0.998135
0.0 0.03416 0.0 1.0 -0.061051 -0.000003 0.0 0.998135
0.0 0.03416 0.0 1.0 -0.061049 0.000001 0.0 0.998135
0.0 0.03794 0.0 1.0 -0.086195 -0.000574 0.006638 0.996256
0.0 0.03794 0.0 1.0 -0.086196 0.000574 -0.006638 0.996256
0.0 0.02674 0.0 1.0 -0.043619 0.000001 0.000001 0.999048
0.0 0.02674 0.0 1.0 -0.043619 -0.000001 -0.000001 0.999048
0.0 0.03015 0.0 1.0 -0.043618 0.000001 0.0 0.999048
0.0 0.03015 0.0 1.0 -0.043618 -0.000001 0.0 0.999048
0.0 0.02184 0.0 1.0 -0.04362 -0.000001 0.0 0.999048
0.0 0.02184 0.0 1.0 -0.04362 0.000001 0.0 0.999048
0.0 0.02809 0.0 1.0 -0.04362 0.0 0.0 0.999048
0.0 0.02809 0.0 1.0 -0.04362 0.0 0.0 0.999048
0.0 0.03551 0.0 1.0 -0.028693 -0.005283 0.025885 0.999239
0.0 0.03551 0.0 1.0 -0.028693 0.005283 -0.025885 0.999239


##### Pose: 1 ##############################################

0.0 0.015 0.0 1.0 0.0 0.707107 0.707107 0.0
0.0 0.85512 0.01 1.0 0.0 0.199368 0.0 0.979925
0.09616 0.03006 0.04152 1.0 0.981649 0.014615 0.184953 0.044087
-0.10277 0.03237 -0.02835 1.0 0.959525 -0.054711 0.214719 0.173822
0.0 0.11713 0.0 1.0 0.142807 0.036589 0.014721 0.988965
0.0 0.40298 0.0 1.0 0.239314 -0.000585 -0.035142 0.970306
0.0 0.40298 0.0 1.0 0.262514 0.000642 0.036416 0.96424
0.0 0.11353 0.0 1.0 -0.13728 0.02537 -0.010526 0.990151
0.0 0.40596 0.0 1.0 -0.695338 -0.073949 0.032475 0.71413
0.0 0.40596 0.0 1.0 -0.609411 0.029582 -0.042387 0.791168
0.0 0.14148 0.0 1.0 -0.061476 0.000396 -0.004345 0.998099
0.0 0.1733 0.0 1.0 -0.179058 0.005342 0.021538 0.983588
0.0 0.1733 0.0 1.0 -0.179058 -0.005343 -0.021538 0.983588
0.0 0.24687 0.0 1.0 0.145123 -0.130548 -0.002041 0.980761
0.05 0.20606 -0.00339 1.0 -0.413521 -0.48918 -0.680291 0.356241
-0.05 0.20606 -0.00339 1.0 -0.426357 0.479645 0.686724 0.341424
0.0 0.11937 0.0 1.0 -0.448227 0.068423 0.145987 0.87926
0.0 0.11937 0.0 1.0 -0.025493 -0.0009 0.135208 0.990489
0.0 0.09951 0.0 1.0 -0.056439 -0.129765 0.014072 0.989837
0.0 0.1329 0.0 1.0 0.0 0.032553 0.0 0.99947
0.0 0.1329 0.0 1.0 0.0 -0.000048 0.0 1.0
0.054 0.12356 0.10523 1.0 -0.000163 0.730707 0.682691 0.000152
-0.054 0.12356 0.10523 1.0 0.000163 0.730707 0.682691 -0.000152
0.0 0.1329 0.0 1.0 -0.07374 0.003411 -0.366542 0.927468
0.0 0.1329 0.0 1.0 -0.016117 -0.002741 0.329001 0.944188
-0.03957 0.16679 -0.00162 1.0 -0.15083 -0.361498 0.564287 0.726739
0.03957 0.16679 -0.00162 1.0 -0.367664 0.274012 -0.724848 0.514137
0.0 0.2624 0.0 1.0 -0.045158 -0.065747 0.001849 0.996812
0.0 0.2624 0.0 1.0 0.133824 0.37258 -0.212542 0.893365
0.0 0.13077 0.0 1.0 0.104089 0.021503 -0.142896 0.984014
0.0 0.13077 0.0 1.0 -0.280169 -0.184652 -0.221433 0.915629
0.00718 0.07562 -0.04315 1.0 -0.020939 -0.012473 0.023005 0.999438
-0.00718 0.07562 -0.04315 1.0 -0.020939 0.012473 -0.023005 0.999438
0.04641 0.1142 -0.0041 1.0 -0.456847 0.113912 -0.114599 0.874747
-0.04642 0.1142 -0.00409 1.0 -0.069967 -0.118302 0.193917 0.971342
0.0198 0.12271 0.00007 1.0 -0.469251 0.030331 -0.02733 0.882121
-0.0198 0.12271 0.00007 1.0 -0.084441 -0.026319 0.04193 0.995198
-0.02942 0.11104 -0.00169 1.0 -0.49447 -0.124062 0.101447 0.854293
0.02942 0.11104 -0.00169 1.0 -0.124381 0.119509 -0.173396 0.969629
-0.00705 0.12057 -0.00087 1.0 -0.461468 -0.024078 0.02697 0.88642
0.00705 0.12057 -0.00087 1.0 -0.065427 0.024991 -0.041556 0.996678
0.03234 0.03392 -0.01127 1.0 0.095514 0.527999 -0.364666 0.760994
-0.03234 0.03392 -0.01127 1.0 0.110514 -0.463106 0.46147 0.748575
0.0 0.13612 0.0 1.0 0.065472 -0.071757 0.114009 0.98872
0.0 0.13612 0.0 1.0 0.065471 0.071758 -0.114009 0.98872
0.0 0.03329 0.0 1.0 -0.493059 -0.000003 -0.000002 0.869996
0.0 0.03329 0.0 1.0 -0.061048 0.0 0.0 0.998135
0.0 0.03781 0.0 1.0 -0.493057 -0.000001 0.0 0.869997
0.0 0.03781 0.0 1.0 -0.061049 0.000001 0.0 0.998135
0.0 0.0258 0.0 1.0 -0.463182 0.0 0.0 0.886263
0.0 0.0258 0.0 1.0 -0.06105 0.0 0.0 0.998135
0.0 0.03416 0.0 1.0 -0.493059 -0.000003 -0.000002 0.869996
0.0 0.03416 0.0 1.0 -0.061049 0.000001 0.0 0.998135
0.0 0.03794 0.0 1.0 -0.169596 0.031306 0.044558 0.984008
0.0 0.03794 0.0 1.0 -0.086196 0.000574 -0.006638 0.996256
0.0 0.02674 0.0 1.0 -0.384418 0.000001 0.000001 0.923159
0.0 0.02674 0.0 1.0 -0.043619 -0.000001 -0.000001 0.999048
0.0 0.03015 0.0 1.0 -0.384417 0.000001 0.0 0.92316
0.0 0.03015 0.0 1.0 -0.043618 -0.000001 0.0 0.999048
0.0 0.02184 0.0 1.0 -0.364807 0.0 -0.000001 0.931083
0.0 0.02184 0.0 1.0 -0.04362 0.000001 0.0 0.999048
0.0 0.0281 0.0 1.0 -0.384418 0.0 0.0 0.923159
0.0 0.0281 0.0 1.0 -0.04362 0.0 0.0 0.999048
0.0 0.03551 0.0 1.0 -0.104374 -0.002458 0.029913 0.994085
0.0 0.03551 0.0 1.0 -0.028693 0.005283 -0.025885 0.999239


##### Pose: 2 ##############################################

0.0 0.015 0.0 1.0 0.0 0.707107 0.707107 0.0
0.0 0.85512 0.01 1.0 0.0 0.199368 0.0 0.979925
0.09616 0.03006 0.04152 1.0 0.981649 0.014615 0.184953 0.044087
-0.10277 0.03237 -0.02835 1.0 0.959525 -0.054711 0.214719 0.173822
0.0 0.11713 0.0 1.0 0.142807 0.036589 0.014721 0.988965
0.0 0.40298 0.0 1.0 0.239314 -0.000585 -0.035142 0.970306
0.0 0.40298 0.0 1.0 0.262514 0.000642 0.036416 0.96424
0.0 0.11353 0.0 1.0 -0.13728 0.02537 -0.010526 0.990151
0.0 0.40596 0.0 1.0 -0.695338 -0.073949 0.032475 0.71413
0.0 0.40596 0.0 1.0 -0.609411 0.029582 -0.042387 0.791168
0.0 0.14148 0.0 1.0 -0.061476 0.000396 -0.004345 0.998099
0.0 0.1733 0.0 1.0 -0.179058 0.005342 0.021538 0.983588
0.0 0.1733 0.0 1.0 -0.179058 -0.005343 -0.021538 0.983588
0.0 0.24687 0.0 1.0 0.145123 -0.130548 -0.002041 0.980761
0.05 0.20606 -0.00339 1.0 -0.413521 -0.48918 -0.680291 0.356241
-0.05 0.20606 -0.00339 1.0 -0.426357 0.479645 0.686724 0.341424
0.0 0.11937 0.0 1.0 -0.448227 0.068423 0.145987 0.87926
0.0 0.11937 0.0 1.0 -0.025493 -0.0009 0.135208 0.990489
0.0 0.09951 0.0 1.0 -0.056439 -0.129765 0.014072 0.989837
0.0 0.1329 0.0 1.0 0.0 0.032553 0.0 0.99947
0.0 0.1329 0.0 1.0 0.0 -0.000048 0.0 1.0
0.054 0.12356 0.10523 1.0 -0.000163 0.730707 0.682691 0.000152
-0.054 0.12356 0.10523 1.0 0.000163 0.730707 0.682691 -0.000152
0.0 0.1329 0.0 1.0 -0.07374 0.003411 -0.366542 0.927468
0.0 0.1329 0.0 1.0 -0.016117 -0.002741 0.329001 0.944188
-0.03957 0.16679 -0.00162 1.0 -0.15083 -0.361498 0.564287 0.726739
0.03957 0.16679 -0.00162 1.0 -0.367664 0.274012 -0.724848 0.514137
0.0 0.2624 0.0 1.0 -0.045158 -0.065747 0.001849 0.996812
0.0 0.2624 0.0 1.0 0.133824 0.37258 -0.212542 0.893365
0.0 0.13077 0.0 1.0 0.104089 0.021503 -0.142896 0.984014
0.0 0.13077 0.0 1.0 -0.280169 -0.184652 -0.221433 0.915629
0.00718 0.07562 -0.04315 1.0 -0.020939 -0.012473 0.023005 0.999438
-0.00718 0.07562 -0.04315 1.0 -0.020939 0.012473 -0.023005 0.999438
0.04641 0.1142 -0.0041 1.0 -0.456847 0.113912 -0.114599 0.874747
-0.04642 0.1142 -0.00409 1.0 -0.069967 -0.118302 0.193917 0.971342
0.0198 0.12271 0.00007 1.0 -0.469251 0.030331 -0.02733 0.882121
-0.0198 0.12271 0.00007 1.0 -0.084441 -0.026319 0.04193 0.995198
-0.02942 0.11104 -0.00169 1.0 -0.49447 -0.124062 0.101447 0.854293
0.02942 0.11104 -0.00169 1.0 -0.124381 0.119509 -0.173396 0.969629
-0.00705 0.12057 -0.00087 1.0 -0.461468 -0.024078 0.02697 0.88642
0.00705 0.12057 -0.00087 1.0 -0.065427 0.024991 -0.041556 0.996678
0.03234 0.03392 -0.01127 1.0 0.095514 0.527999 -0.364666 0.760994
-0.03234 0.03392 -0.01127 1.0 0.110514 -0.463106 0.46147 0.748575
0.0 0.13612 0.0 1.0 0.065472 -0.071757 0.114009 0.98872
0.0 0.13612 0.0 1.0 0.065471 0.071758 -0.114009 0.98872
0.0 0.03329 0.0 1.0 -0.493059 -0.000003 -0.000002 0.869996
0.0 0.03329 0.0 1.0 -0.061048 0.0 0.0 0.998135
0.0 0.03781 0.0 1.0 -0.493057 -0.000001 0.0 0.869997
0.0 0.03781 0.0 1.0 -0.061049 0.000001 0.0 0.998135
0.0 0.0258 0.0 1.0 -0.463182 0.0 0.0 0.886263
0.0 0.0258 0.0 1.0 -0.06105 0.0 0.0 0.998135
0.0 0.03416 0.0 1.0 -0.493059 -0.000003 -0.000002 0.869996
0.0 0.03416 0.0 1.0 -0.061049 0.000001 0.0 0.998135
0.0 0.03794 0.0 1.0 -0.169596 0.031306 0.044558 0.984008
0.0 0.03794 0.0 1.0 -0.086196 0.000574 -0.006638 0.996256
0.0 0.02674 0.0 1.0 -0.384418 0.000001 0.000001 0.923159
0.0 0.02674 0.0 1.0 -0.043619 -0.000001 -0.000001 0.999048
0.0 0.03015 0.0 1.0 -0.384417 0.000001 0.0 0.92316
0.0 0.03015 0.0 1.0 -0.043618 -0.000001 0.0 0.999048
0.0 0.02184 0.0 1.0 -0.364807 0.0 -0.000001 0.931083
0.0 0.02184 0.0 1.0 -0.04362 0.000001 0.0 0.999048
0.0 0.0281 0.0 1.0 -0.384418 0.0 0.0 0.923159
0.0 0.0281 0.0 1.0 -0.04362 0.0 0.0 0.999048
0.0 0.03551 0.0 1.0 -0.104374 -0.002458 0.029913 0.994085
0.0 0.03551 0.0 1.0 -0.028693 0.005283 -0.025885 0.999239


##### Pose: 3 ##############################################

0.0 0.0 0.0 1.0 0.0 0.707107 0.707107 0.0
0.0 0.882 -0.01 1.0 0.0 0.0 0.0 1.0
0.10411 0.02982 0.00943 1.0 0.998172 0.027249 -0.011262 0.052759
-0.10314 0.02858 0.00846 1.0 0.997763 -0.020676 0.016181 0.061477
0.0 0.11713 0.0 1.0 0.103649 0.0 0.0 0.994614
0.0 0.40298 0.0 1.0 0.133932 -0.000378 -0.022347 0.990738
0.0 0.40298 0.0 1.0 0.149701 0.00035 0.025359 0.988406
0.0 0.11353 0.0 1.0 -0.122118 0.000001 0.0 0.992516
0.0 0.40596 0.0 1.0 -0.605396 -0.071556 0.017038 0.792518
0.0 0.40596 0.0 1.0 -0.611698 0.065494 -0.016238 0.788208
0.0 0.14148 0.0 1.0 -0.053932 -0.000001 0.0 0.998545
0.0 0.1733 0.0 1.0 -0.179058 0.005342 0.021538 0.983588
0.0 0.1733 0.0 1.0 -0.179058 -0.005343 -0.021538 0.983588
0.0 0.24687 0.0 1.0 0.154416 0.0 0.0 0.988006
0.05 0.20606 -0.00339 1.0 -0.546052 -0.322049 -0.630769 0.447483
-0.05 0.20606 -0.00339 1.0 -0.546052 0.322049 0.630769 0.447483
0.0 0.11937 0.0 1.0 -0.422075 0.043928 0.082207 0.901757
0.0 0.11937 0.0 1.0 -0.422075 -0.043929 -0.082208 0.901757
0.0 0.09951 0.0 1.0 -0.048212 0.0 0.0 0.998837
0.0 0.1329 0.0 1.0 0.0 0.026045 0.0 0.999661
0.0 0.1329 0.0 1.0 0.0 -0.026045 0.0 0.999661
0.054 0.12356 0.10523 1.0 -0.000163 0.730707 0.682691 0.000152
-0.054 0.12356 0.10523 1.0 0.000163 0.730707 0.682691 -0.000152
0.0 0.1329 0.0 1.0 -0.064487 0.004428 -0.268925 0.96099
0.0 0.1329 0.0 1.0 -0.064487 -0.004428 0.268924 0.96099
-0.03957 0.16679 -0.00162 1.0 -0.013022 -0.663939 0.397886 0.63301
0.03957 0.16679 -0.00162 1.0 -0.013021 0.663939 -0.397886 0.63301
0.0 0.2624 0.0 1.0 0.003612 -0.031556 0.122381 0.991975
0.0 0.2624 0.0 1.0 0.003612 0.031557 -0.12238 0.991975
0.0 0.13077 0.0 1.0 -0.159537 -0.114573 -0.299725 0.933588
0.0 0.13077 0.0 1.0 -0.159537 0.114573 0.299725 0.933588
0.00718 0.07562 -0.04315 1.0 -0.020939 -0.012473 0.023005 0.999438
-0.00718 0.07562 -0.04315 1.0 -0.020939 0.012473 -0.023005 0.999438
0.04641 0.1142 -0.0041 1.0 -0.069963 0.118305 -0.193917 0.971342
-0.04641 0.1142 -0.00409 1.0 -0.069967 -0.118302 0.193917 0.971342
0.0198 0.12271 0.00007 1.0 -0.084441 0.026319 -0.04193 0.995198
-0.0198 0.12271 0.00007 1.0 -0.084441 -0.026319 0.04193 0.995198
-0.02942 0.11104 -0.00169 1.0 -0.124381 -0.119509 0.173396 0.969629
0.02942 0.11104 -0.00169 1.0 -0.124381 0.119509 -0.173396 0.969629
-0.00705 0.12057 -0.00087 1.0 -0.065424 -0.024988 0.041556 0.996679
0.00705 0.12057 -0.00087 1.0 -0.065427 0.024991 -0.041556 0.996678
0.03234 0.03392 -0.01127 1.0 0.110514 0.463106 -0.46147 0.748575
-0.03234 0.03392 -0.01127 1.0 0.110514 -0.463106 0.46147 0.748575
0.0 0.13612 0.0 1.0 -0.089475 0.214143 0.108842 0.966587
0.0 0.13612 0.0 1.0 -0.089476 -0.214143 -0.108842 0.966587
0.0 0.03329 0.0 1.0 -0.061051 -0.000004 -0.000001 0.998135
0.0 0.03329 0.0 1.0 -0.061048 0.0 0.0 0.998135
0.0 0.03781 0.0 1.0 -0.061049 -0.000001 0.0 0.998135
0.0 0.03781 0.0 1.0 -0.061049 0.000001 0.0 0.998135
0.0 0.0258 0.0 1.0 -0.061049 0.0 0.0 0.998135
0.0 0.0258 0.0 1.0 -0.06105 0.0 0.0 0.998135
0.0 0.03416 0.0 1.0 -0.061051 -0.000003 0.0 0.998135
0.0 0.03416 0.0 1.0 -0.061049 0.000001 0.0 0.998135
0.0 0.03794 0.0 1.0 -0.086195 -0.000574 0.006638 0.996256
0.0 0.03794 0.0 1.0 -0.086196 0.000574 -0.006638 0.996256
0.0 0.02674 0.0 1.0 -0.043619 0.000001 0.000001 0.999048
0.0 0.02674 0.0 1.0 -0.043619 -0.000001 -0.000001 0.999048
0.0 0.03015 0.0 1.0 -0.043618 0.000001 0.0 0.999048
0.0 0.03015 0.0 1.0 -0.043618 -0.000001 0.0 0.999048
0.0 0.02184 0.0 1.0 -0.04362 -0.000001 0.0 0.999048
0.0 0.02184 0.0 1.0 -0.04362 0.000001 0.0 0.999048
0.0 0.02809 0.0 1.0 -0.04362 0.0 0.0 0.999048
0.0 0.02809 0.0 1.0 -0.04362 0.0 0.0 0.999048
0.0 0.03551 0.0 1.0 -0.028693 -0.005283 0.025885 0.999239
0.0 0.03551 0.0 1.0 -0.028693 0.005283 -0.025885 0.999239