# SQEE Animation Format


################################################################################

SECTION Header

BoneCount 65
PoseCount 4
TotalTime 3

Times 1 1 1 0


################################################################################

SECTION Poses


##### Pose: 0 ##############################################

0.0 0.0 0.0 1.0 0.0 0.707107 0.707107 0.0
0.0 0.76835 -0.01 1.0 0.0 0.0 0.0 1.0
0.10574 0.0313 0.00166 1.0 0.964437 0.010687 -0.037516 0.261419
-0.10574 0.0313 0.00166 1.0 0.964437 -0.010685 0.037516 0.261419
0.0 0.11713 0.0 1.0 0.128528 0.0 0.0 0.991706
0.0 0.40298 0.0 1.0 0.516311 -0.000341 -0.085053 0.852167
0.0 0.40298 0.0 1.0 0.516311 0.000341 0.085053 0.852167
0.0 0.11353 0.0 1.0 -0.122118 0.000001 0.0 0.992516
0.0 0.40596 0.0 1.0 -0.749093 -0.052872 0.073336 0.656267
0.0 0.40596 0.0 1.0 -0.749093 0.052873 -0.073337 0.656266
0.0 0.14148 0.0 1.0 -0.053932 -0.000001 0.0 0.998545
0.0 0.1733 0.0 1.0 -0.179058 0.005342 0.021538 0.983588
0.0 0.1733 0.0 1.0 -0.179058 -0.005343 -0.021538 0.983588
0.0 0.24687 0.0 1.0 0.114678 0.0 0.0 0.993403
0.05 0.20606 -0.00339 1.0 -0.543009 -0.324116 -0.627665 0.454011
-0.05 0.20606 -0.00339 1.0 -0.543009 0.324116 0.627665 0.454012
0.0 0.11937 0.0 1.0 -0.38504 0.065279 0.137881 0.910204
0.0 0.11937 0.0 1.0 -0.38504 -0.065279 -0.137882 0.910204
0.0 0.09951 0.0 1.0 -0.117747 0.0 0.0 0.993044
0.0 0.1329 0.0 1.0 0.0 0.028768 0.0 0.999586
0.0 0.1329 0.0 1.0 0.0 -0.028768 0.0 0.999586
0.054 0.12356 0.10523 1.0 -0.000163 0.730707 0.682691 0.000152
-0.054 0.12356 0.10523 1.0 0.000163 0.730707 0.682691 -0.000152
0.0 0.1329 0.0 1.0 -0.064273 0.002864 -0.394905 0.916467
0.0 0.1329 0.0 1.0 -0.064273 -0.002865 0.394904 0.916467
-0.03957 0.16679 -0.00162 1.0 0.142105 -0.604417 0.285538 0.730037
0.03957 0.16679 -0.00162 1.0 0.142106 0.604417 -0.285538 0.730037
0.0 0.2624 0.0 1.0 -0.029945 -0.047512 0.16558 0.984596
0.0 0.2624 0.0 1.0 -0.029945 0.047513 -0.165579 0.984596
0.0 0.13077 0.0 1.0 -0.04751 0.087076 0.024633 0.994763
0.0 0.13077 0.0 1.0 -0.04751 -0.087077 -0.024633 0.994763
0.00718 0.07562 -0.04315 1.0 -0.020939 -0.012473 0.023005 0.999438
-0.00718 0.07562 -0.04315 1.0 -0.020939 0.012473 -0.023005 0.999438
0.04641 0.1142 -0.0041 1.0 -0.202683 0.119048 -0.170642 0.956885
-0.04641 0.1142 -0.00409 1.0 -0.202751 -0.119044 0.170629 0.956873
0.0198 0.12271 0.00007 1.0 -0.216623 0.028165 -0.037745 0.975119
-0.0198 0.12271 0.00007 1.0 -0.216623 -0.028165 0.037745 0.975119
-0.02942 0.11104 -0.00169 1.0 -0.252137 -0.123173 0.152063 0.947698
0.02942 0.11104 -0.00169 1.0 -0.252147 0.123174 -0.152061 0.947696
-0.00705 0.12057 -0.00087 1.0 -0.201259 -0.025162 0.037404 0.9785
0.00705 0.12057 -0.00087 1.0 -0.201261 0.025165 -0.037404 0.9785
0.03234 0.03392 -0.01127 1.0 0.105678 0.485491 -0.429869 0.753885
-0.03234 0.03392 -0.01127 1.0 0.105682 -0.485474 0.429894 0.753882
0.0 0.13612 0.0 1.0 -0.054525 0.085912 0.011305 0.994745
0.0 0.13612 0.0 1.0 -0.054525 -0.085912 -0.011305 0.994745
0.0 0.03329 0.0 1.0 -0.209842 -0.000004 -0.000001 0.977735
0.0 0.03329 0.0 1.0 -0.20984 0.0 0.0 0.977736
0.0 0.03781 0.0 1.0 -0.209841 -0.000001 0.0 0.977736
0.0 0.03781 0.0 1.0 -0.209841 0.000001 0.0 0.977736
0.0 0.0258 0.0 1.0 -0.198983 0.0 0.0 0.980003
0.0 0.0258 0.0 1.0 -0.198617 0.0 0.0 0.980077
0.0 0.03416 0.0 1.0 -0.209843 -0.000003 -0.000001 0.977735
0.0 0.03416 0.0 1.0 -0.20984 0.000001 0.0 0.977736
0.0 0.03794 0.0 1.0 -0.114117 0.010063 0.019299 0.993229
0.0 0.03794 0.0 1.0 -0.114112 -0.010061 -0.019297 0.99323
0.0 0.02674 0.0 1.0 -0.159392 0.000001 0.000001 0.987215
0.0 0.02674 0.0 1.0 -0.15857 -0.000001 -0.000001 0.987348
0.0 0.03015 0.0 1.0 -0.159391 0.000001 0.0 0.987215
0.0 0.03015 0.0 1.0 -0.158569 -0.000001 0.0 0.987348
0.0 0.02184 0.0 1.0 -0.15252 -0.000001 0.0 0.9883
0.0 0.02184 0.0 1.0 -0.152558 0.000001 0.0 0.988295
0.0 0.0281 0.0 1.0 -0.159393 0.0 0.0 0.987215
0.0 0.0281 0.0 1.0 -0.158571 0.0 0.0 0.987348
0.0 0.03551 0.0 1.0 -0.053955 -0.004344 0.027245 0.998162
0.0 0.03551 0.0 1.0 -0.053955 0.004344 -0.027245 0.998162


##### Pose: 1 ##############################################

0.0 0.0 0.0 1.0 0.0 0.707107 0.707107 0.0
0.0 0.69258 -0.01 1.0 0.0 0.0 0.0 1.0
0.10671 0.03258 -0.0038 1.0 0.938383 0.015379 -0.055204 0.340813
-0.10671 0.03258 -0.0038 1.0 0.938383 -0.015378 0.055204 0.340813
0.0 0.11713 0.0 1.0 0.145081 0.0 0.0 0.98942
0.0 0.40298 0.0 1.0 0.641252 -0.000334 -0.10327 0.76035
0.0 0.40298 0.0 1.0 0.641252 0.000334 0.103269 0.76035
0.0 0.11353 0.0 1.0 -0.122118 0.000001 0.0 0.992516
0.0 0.40596 0.0 1.0 -0.794818 -0.031884 0.094198 0.598644
0.0 0.40596 0.0 1.0 -0.794818 0.031885 -0.094198 0.598644
0.0 0.14148 0.0 1.0 -0.053932 -0.000001 0.0 0.998545
0.0 0.1733 0.0 1.0 -0.179058 0.005342 0.021538 0.983588
0.0 0.1733 0.0 1.0 -0.179058 -0.005343 -0.021538 0.983588
0.0 0.24687 0.0 1.0 0.088035 0.0 0.0 0.996117
0.05 0.20606 -0.00339 1.0 -0.542206 -0.324424 -0.626339 0.456576
-0.05 0.20606 -0.00339 1.0 -0.542206 0.324424 0.626338 0.456576
0.0 0.11937 0.0 1.0 -0.357815 0.072455 0.167406 0.915802
0.0 0.11937 0.0 1.0 -0.357815 -0.072456 -0.167406 0.915802
0.0 0.09951 0.0 1.0 -0.164035 0.0 0.0 0.986455
0.0 0.1329 0.0 1.0 0.0 0.029217 0.0 0.999573
0.0 0.1329 0.0 1.0 0.0 -0.029217 0.0 0.999573
0.054 0.12356 0.10523 1.0 -0.000163 0.730707 0.682691 0.000152
-0.054 0.12356 0.10523 1.0 0.000163 0.730707 0.682691 -0.000152
0.0 0.1329 0.0 1.0 -0.062258 0.002065 -0.452974 0.889345
0.0 0.1329 0.0 1.0 -0.062258 -0.002065 0.452974 0.889345
-0.03957 0.16679 -0.00162 1.0 0.142105 -0.604417 0.285538 0.730037
0.03957 0.16679 -0.00162 1.0 0.142106 0.604417 -0.285538 0.730037
0.0 0.2624 0.0 1.0 -0.05503 -0.060193 0.179831 0.980311
0.0 0.2624 0.0 1.0 -0.05503 0.060194 -0.17983 0.980311
0.0 0.13077 0.0 1.0 -0.04751 0.087076 0.024633 0.994763
0.0 0.13077 0.0 1.0 -0.04751 -0.087077 -0.024633 0.994763
0.00718 0.07562 -0.04315 1.0 -0.020939 -0.012473 0.023005 0.999438
-0.00718 0.07562 -0.04315 1.0 -0.020939 0.012473 -0.023005 0.999438
0.04641 0.1142 -0.0041 1.0 -0.290898 0.118304 -0.153007 0.937001
-0.04641 0.1142 -0.00409 1.0 -0.290972 -0.1183 0.152992 0.936981
0.0198 0.12271 0.00007 1.0 -0.304338 0.029133 -0.034512 0.951493
-0.0198 0.12271 0.00007 1.0 -0.304338 -0.029133 0.034512 0.951493
-0.02942 0.11104 -0.00169 1.0 -0.336508 -0.124451 0.136061 0.923451
0.02942 0.11104 -0.00169 1.0 -0.336518 0.124451 -0.136059 0.923448
-0.00705 0.12057 -0.00087 1.0 -0.291605 -0.025011 0.034174 0.955601
0.00705 0.12057 -0.00087 1.0 -0.291607 0.025013 -0.034173 0.9556
0.03234 0.03392 -0.01127 1.0 0.102357 0.50002 -0.408395 0.75678
-0.03234 0.03392 -0.01127 1.0 0.102362 -0.500002 0.408423 0.756777
0.0 0.13612 0.0 1.0 -0.054525 0.085912 0.011305 0.994745
0.0 0.13612 0.0 1.0 -0.054525 -0.085912 -0.011305 0.994745
0.0 0.03329 0.0 1.0 -0.308898 -0.000004 -0.000002 0.951095
0.0 0.03329 0.0 1.0 -0.308895 0.0 0.0 0.951096
0.0 0.03781 0.0 1.0 -0.308897 -0.000001 0.0 0.951096
0.0 0.03781 0.0 1.0 -0.308897 0.000001 0.0 0.951096
0.0 0.0258 0.0 1.0 -0.290779 0.0 0.0 0.95679
0.0 0.0258 0.0 1.0 -0.29038 0.0 0.0 0.956912
0.0 0.03416 0.0 1.0 -0.308899 -0.000003 -0.000001 0.951095
0.0 0.03416 0.0 1.0 -0.308896 0.000001 0.0 0.951096
0.0 0.03794 0.0 1.0 -0.132686 0.017157 0.027737 0.990621
0.0 0.03794 0.0 1.0 -0.132681 -0.017155 -0.027735 0.990622
0.0 0.02674 0.0 1.0 -0.236538 0.000001 0.000001 0.971622
0.0 0.02674 0.0 1.0 -0.235634 -0.000001 -0.000001 0.971842
0.0 0.03015 0.0 1.0 -0.236538 0.000001 0.0 0.971622
0.0 0.03015 0.0 1.0 -0.235634 -0.000001 0.0 0.971842
0.0 0.02184 0.0 1.0 -0.225072 -0.000001 -0.000001 0.974342
0.0 0.02184 0.0 1.0 -0.225114 0.000001 0.0 0.974332
0.0 0.0281 0.0 1.0 -0.236539 0.0 0.0 0.971622
0.0 0.02809 0.0 1.0 -0.235635 0.0 0.0 0.971842
0.0 0.03551 0.0 1.0 -0.070789 -0.003716 0.028143 0.997087
0.0 0.03551 0.0 1.0 -0.070789 0.003716 -0.028143 0.997087


##### Pose: 2 ##############################################

0.0 0.0 0.0 1.0 0.0 0.707107 0.707107 0.0
0.0 0.61681 -0.01 1.0 0.0 0.0 0.0 1.0
0.10763 0.03421 -0.00955 1.0 0.909767 0.027266 -0.071737 0.407965
-0.10763 0.03421 -0.00955 1.0 0.909767 -0.027265 0.071737 0.407965
0.0 0.11713 0.0 1.0 0.16159 0.0 0.0 0.986858
0.0 0.40298 0.0 1.0 0.73471 -0.000348 -0.113363 0.668843
0.0 0.40298 0.0 1.0 0.73471 0.000348 0.113363 0.668842
0.0 0.11353 0.0 1.0 -0.122118 0.000001 0.0 0.992516
0.0 0.40596 0.0 1.0 -0.828757 -0.007187 0.109189 0.548806
0.0 0.40596 0.0 1.0 -0.828757 0.007188 -0.109189 0.548806
0.0 0.14148 0.0 1.0 -0.053932 -0.000001 0.0 0.998545
0.0 0.1733 0.0 1.0 -0.179058 0.005342 0.021538 0.983588
0.0 0.1733 0.0 1.0 -0.179058 -0.005343 -0.021538 0.983588
0.0 0.24687 0.0 1.0 0.06134 0.0 0.0 0.998117
0.05 0.20606 -0.00339 1.0 -0.541911 -0.324412 -0.625312 0.458338
-0.05 0.20606 -0.00339 1.0 -0.541911 0.324412 0.625312 0.458338
0.0 0.11937 0.0 1.0 -0.32919 0.07568 0.193664 0.921086
0.0 0.11937 0.0 1.0 -0.32919 -0.075681 -0.193665 0.921086
0.0 0.09951 0.0 1.0 -0.209915 0.0 0.0 0.97772
0.0 0.1329 0.0 1.0 0.0 0.028891 0.0 0.999583
0.0 0.1329 0.0 1.0 0.0 -0.028891 0.0 0.999583
0.054 0.12356 0.10523 1.0 -0.000163 0.730707 0.682691 0.000152
-0.054 0.12356 0.10523 1.0 0.000163 0.730707 0.682691 -0.000152
0.0 0.1329 0.0 1.0 -0.059668 0.001408 -0.497755 0.865261
0.0 0.1329 0.0 1.0 -0.059668 -0.001408 0.497755 0.865261
-0.03957 0.16679 -0.00162 1.0 0.142105 -0.604417 0.285538 0.730037
0.03957 0.16679 -0.00162 1.0 0.142106 0.604417 -0.285538 0.730037
0.0 0.2624 0.0 1.0 -0.081745 -0.074272 0.185808 0.976359
0.0 0.2624 0.0 1.0 -0.081745 0.074273 -0.185807 0.976359
0.0 0.13077 0.0 1.0 -0.04751 0.087076 0.024633 0.994763
0.0 0.13077 0.0 1.0 -0.04751 -0.087077 -0.024633 0.994763
0.00718 0.07562 -0.04315 1.0 -0.020939 -0.012473 0.023005 0.999438
-0.00718 0.07562 -0.04315 1.0 -0.020939 0.012473 -0.023005 0.999438
0.04641 0.1142 -0.0041 1.0 -0.376288 0.116566 -0.134156 0.909297
-0.04641 0.1142 -0.00409 1.0 -0.376339 -0.116561 0.134146 0.909279
0.0198 0.12271 0.00007 1.0 -0.389194 0.029858 -0.031009 0.92015
-0.0198 0.12271 0.00007 1.0 -0.389194 -0.029858 0.031009 0.92015
-0.02942 0.11104 -0.00169 1.0 -0.41788 -0.124738 0.119046 0.891989
0.02942 0.11104 -0.00169 1.0 -0.417887 0.124738 -0.119044 0.891986
-0.00705 0.12057 -0.00087 1.0 -0.379042 -0.024643 0.030663 0.924543
0.00705 0.12057 -0.00087 1.0 -0.379044 0.024646 -0.030662 0.924542
0.03234 0.03392 -0.01127 1.0 0.098967 0.514199 -0.386645 0.759151
-0.03234 0.03392 -0.01127 1.0 0.09897 -0.514187 0.386665 0.759149
0.0 0.13612 0.0 1.0 -0.054525 0.085912 0.011305 0.994745
0.0 0.13612 0.0 1.0 -0.054525 -0.085912 -0.011305 0.994745
0.0 0.03329 0.0 1.0 -0.404213 -0.000004 -0.000002 0.914665
0.0 0.03329 0.0 1.0 -0.404211 0.0 0.0 0.914666
0.0 0.03781 0.0 1.0 -0.404212 -0.000001 0.0 0.914666
0.0 0.03781 0.0 1.0 -0.404212 0.000001 0.0 0.914666
0.0 0.0258 0.0 1.0 -0.379578 0.0 0.0 0.92516
0.0 0.0258 0.0 1.0 -0.37931 0.0 0.0 0.92527
0.0 0.03416 0.0 1.0 -0.404214 -0.000003 -0.000001 0.914665
0.0 0.03416 0.0 1.0 -0.404211 0.000001 0.0 0.914666
0.0 0.03794 0.0 1.0 -0.151187 0.024241 0.036161 0.987546
0.0 0.03794 0.0 1.0 -0.151184 -0.02424 -0.036159 0.987547
0.0 0.02674 0.0 1.0 -0.311989 0.000001 0.000001 0.950086
0.0 0.02674 0.0 1.0 -0.311374 -0.000001 -0.000001 0.950287
0.0 0.03015 0.0 1.0 -0.311988 0.000001 0.0 0.950086
0.0 0.03015 0.0 1.0 -0.311373 -0.000001 0.0 0.950288
0.0 0.02184 0.0 1.0 -0.296204 -0.000001 -0.000001 0.955125
0.0 0.02184 0.0 1.0 -0.296233 0.000001 0.0 0.955116
0.0 0.0281 0.0 1.0 -0.311989 0.0 0.0 0.950086
0.0 0.02809 0.0 1.0 -0.311375 0.0 0.0 0.950287
0.0 0.03551 0.0 1.0 -0.0876 -0.003088 0.029032 0.995728
0.0 0.03551 0.0 1.0 -0.0876 0.003088 -0.029032 0.995728


##### Pose: 3 ##############################################

0.0 0.0 0.0 1.0 0.0 0.707107 0.707107 0.0
0.0 0.54104 -0.01 1.0 0.0 0.0 0.0 1.0
0.10854 0.03637 -0.01572 1.0 0.878187 0.046378 -0.086879 0.468068
-0.10854 0.03637 -0.01572 1.0 0.878187 -0.046377 0.086879 0.468069
0.0 0.11713 0.0 1.0 0.178044 0.0 0.0 0.984023
0.0 0.40298 0.0 1.0 0.807533 -0.000413 -0.116017 0.5783
0.0 0.40298 0.0 1.0 0.807533 0.000413 0.116017 0.5783
0.0 0.11353 0.0 1.0 -0.122118 0.000001 0.0 0.992516
0.0 0.40596 0.0 1.0 -0.854575 0.021356 0.119163 0.50502
0.0 0.40596 0.0 1.0 -0.854575 -0.021355 -0.119163 0.50502
0.0 0.14148 0.0 1.0 -0.053932 -0.000001 0.0 0.998545
0.0 0.1733 0.0 1.0 -0.179058 0.005342 0.021538 0.983588
0.0 0.1733 0.0 1.0 -0.179058 -0.005343 -0.021538 0.983588
0.0 0.24687 0.0 1.0 0.034648 0.0 0.0 0.9994
0.05 0.20606 -0.00339 1.0 -0.541961 -0.324254 -0.624524 0.459464
-0.05 0.20606 -0.00339 1.0 -0.541961 0.324254 0.624524 0.459464
0.0 0.11937 0.0 1.0 -0.299385 0.075724 0.217679 0.925878
0.0 0.11937 0.0 1.0 -0.299385 -0.075724 -0.21768 0.925878
0.0 0.09951 0.0 1.0 -0.255092 0.0 0.0 0.966917
0.0 0.1329 0.0 1.0 0.0 0.027938 0.0 0.99961
0.0 0.1329 0.0 1.0 0.0 -0.027939 0.0 0.99961
0.054 0.12356 0.10523 1.0 -0.000163 0.730707 0.682691 0.000152
-0.054 0.12356 0.10523 1.0 0.000163 0.730707 0.682691 -0.000152
0.0 0.1329 0.0 1.0 -0.056825 0.000873 -0.532207 0.844704
0.0 0.1329 0.0 1.0 -0.056825 -0.000873 0.532207 0.844705
-0.03957 0.16679 -0.00162 1.0 0.142105 -0.604417 0.285538 0.730037
0.03957 0.16679 -0.00162 1.0 0.142106 0.604417 -0.285538 0.730037
0.0 0.2624 0.0 1.0 -0.109844 -0.089534 0.18473 0.972519
0.0 0.2624 0.0 1.0 -0.109844 0.089534 -0.184728 0.972519
0.0 0.13077 0.0 1.0 -0.04751 0.087076 0.024633 0.994763
0.0 0.13077 0.0 1.0 -0.04751 -0.087077 -0.024633 0.994763
0.00718 0.07562 -0.04315 1.0 -0.020939 -0.012473 0.023005 0.999438
-0.00718 0.07562 -0.04315 1.0 -0.020939 0.012473 -0.023005 0.999438
0.04641 0.1142 -0.0041 1.0 -0.456847 0.113912 -0.114599 0.874747
-0.04641 0.1142 -0.00409 1.0 -0.456851 -0.113908 0.1146 0.874745
0.0198 0.12271 0.00007 1.0 -0.469251 0.030331 -0.02733 0.882121
-0.0198 0.12271 0.00007 1.0 -0.469251 -0.030332 0.02733 0.882121
-0.02942 0.11104 -0.00169 1.0 -0.49447 -0.124062 0.101447 0.854293
0.02942 0.11104 -0.00169 1.0 -0.49447 0.124062 -0.101447 0.854293
-0.00705 0.12057 -0.00087 1.0 -0.461468 -0.024078 0.02697 0.88642
0.00705 0.12057 -0.00087 1.0 -0.46147 0.024081 -0.026969 0.886419
0.03234 0.03392 -0.01127 1.0 0.095514 0.527999 -0.364666 0.760994
-0.03234 0.03392 -0.01127 1.0 0.095514 -0.527999 0.364666 0.760994
0.0 0.13612 0.0 1.0 -0.054525 0.085912 0.011305 0.994745
0.0 0.13612 0.0 1.0 -0.054525 -0.085912 -0.011305 0.994745
0.0 0.03329 0.0 1.0 -0.493059 -0.000003 -0.000002 0.869996
0.0 0.03329 0.0 1.0 -0.493056 0.0 0.0 0.869998
0.0 0.03781 0.0 1.0 -0.493057 -0.000001 0.0 0.869997
0.0 0.03781 0.0 1.0 -0.493057 0.000001 0.0 0.869997
0.0 0.0258 0.0 1.0 -0.463182 0.0 0.0 0.886263
0.0 0.0258 0.0 1.0 -0.463182 0.0 0.0 0.886263
0.0 0.03416 0.0 1.0 -0.493059 -0.000003 -0.000002 0.869996
0.0 0.03416 0.0 1.0 -0.493057 0.000001 0.0 0.869997
0.0 0.03794 0.0 1.0 -0.169596 0.031306 0.044558 0.984008
0.0 0.03794 0.0 1.0 -0.169596 -0.031306 -0.044558 0.984008
0.0 0.02674 0.0 1.0 -0.384418 0.000001 0.000001 0.923159
0.0 0.02674 0.0 1.0 -0.384418 -0.000001 -0.000001 0.923159
0.0 0.03015 0.0 1.0 -0.384417 0.000001 0.0 0.92316
0.0 0.03015 0.0 1.0 -0.384417 -0.000001 0.0 0.92316
0.0 0.02184 0.0 1.0 -0.364807 0.0 -0.000001 0.931083
0.0 0.02184 0.0 1.0 -0.364807 0.000001 0.0 0.931083
0.0 0.02809 0.0 1.0 -0.384418 0.0 0.0 0.923159
0.0 0.02809 0.0 1.0 -0.384418 0.0 0.0 0.923159
0.0 0.03551 0.0 1.0 -0.104374 -0.002458 0.029913 0.994085
0.0 0.03551 0.0 1.0 -0.104374 0.002458 -0.029913 0.994085