# SQEE Animation Format


################################################################################

SECTION Header

BoneCount 64
PoseCount 2
TotalTime 32

Times 16 16


################################################################################

SECTION Poses


##### Pose: 0 ##############################################

0.0 -0.01 0.732 1.0 0.0 0.67559 0.737277 0.0
0.10594 0.03348 -0.0182 1.0 0.955304 0.033021 -0.093317 0.278561
-0.10594 0.03348 -0.0182 1.0 0.955304 -0.03302 0.093318 0.278561
0.0 0.11713 0.0 1.0 0.120992 0.0 0.0 0.992654
0.0 0.40298 0.0 1.0 0.582426 -0.000394 -0.091317 0.807738
0.0 0.40298 0.0 1.0 0.582426 0.000394 0.091317 0.807738
0.0 0.11353 0.0 1.0 -0.070006 0.000001 0.0 0.997547
0.0 0.40596 0.0 1.0 -0.76362 0.009166 0.094256 0.638683
0.0 0.40596 0.0 1.0 -0.76362 -0.009166 -0.094256 0.638683
0.0 0.14148 0.0 1.0 0.015855 -0.000001 0.0 0.999874
0.0 0.1733 0.0 1.0 -0.179058 0.005342 0.021538 0.983588
0.0 0.1733 0.0 1.0 -0.179058 -0.005343 -0.021538 0.983588
0.0 0.24687 0.0 1.0 0.205912 0.0 0.0 0.978571
0.05 0.20606 -0.00339 1.0 -0.57837 -0.371388 -0.623782 0.372096
-0.05 0.20606 -0.00339 1.0 -0.57837 0.371388 0.623782 0.372096
0.0 0.11937 0.0 1.0 -0.046791 0.043779 -0.497476 0.865108
0.0 0.11937 0.0 1.0 -0.046792 -0.043779 0.497474 0.865109
0.0 0.09951 0.0 1.0 0.012856 0.0 0.0 0.999917
0.0 0.1329 0.0 1.0 0.0 -0.311731 0.0 0.950171
0.0 0.1329 0.0 1.0 0.0 0.31173 0.0 0.950171
0.054 0.12356 0.10523 1.0 -0.000163 0.730707 0.682691 0.000152
-0.054 0.12356 0.10523 1.0 0.000163 0.730707 0.682691 -0.000152
0.0 0.1329 0.0 1.0 -0.05753 -0.002211 -0.734541 0.676118
0.0 0.1329 0.0 1.0 -0.05753 0.002211 0.734541 0.676118
-0.03957 0.16679 -0.00162 1.0 -0.321946 -0.28416 0.775364 0.463051
0.03957 0.16679 -0.00162 1.0 -0.321945 0.28416 -0.775364 0.46305
0.0 0.2624 0.0 1.0 0.016697 -0.664932 -0.04199 0.745536
0.0 0.2624 0.0 1.0 0.016696 0.664932 0.041992 0.745536
0.0 0.13077 0.0 1.0 0.011115 0.111904 0.209319 0.97136
0.0 0.13077 0.0 1.0 0.011115 -0.111905 -0.209319 0.97136
0.00718 0.07562 -0.04315 1.0 -0.020939 -0.012473 0.023005 0.999438
-0.00718 0.07562 -0.04315 1.0 -0.020939 0.012473 -0.023005 0.999438
0.03979 0.11633 -0.003 1.0 -0.693809 0.098743 -0.044199 0.711987
-0.03979 0.11633 -0.003 1.0 -0.693812 -0.09874 0.0442 0.711984
0.01699 0.12287 0.00015 1.0 -0.704997 0.030186 -0.013765 0.708434
-0.01699 0.12287 0.00015 1.0 -0.704997 -0.030186 0.013765 0.708434
-0.02507 0.11212 -0.00149 1.0 -0.718373 -0.115172 0.038415 0.684981
0.02507 0.11212 -0.00149 1.0 -0.718373 0.115172 -0.038415 0.684981
-0.00485 0.12068 -0.00081 1.0 -0.704084 -0.020816 0.013304 0.709686
0.00485 0.12068 -0.00081 1.0 -0.704086 0.020818 -0.013302 0.709684
0.03234 0.03392 -0.01127 1.0 0.083697 0.570801 -0.290637 0.763355
-0.03234 0.03392 -0.01127 1.0 0.083697 -0.570801 0.290637 0.763355
0.0 0.13612 0.0 1.0 -0.063376 0.090307 0.164863 0.980127
0.0 0.13612 0.0 1.0 -0.063376 -0.090307 -0.164862 0.980127
0.0 0.03329 0.0 1.0 -0.748958 -0.000003 -0.000003 0.662618
0.0 0.03329 0.0 1.0 -0.748956 0.0 0.0 0.66262
0.0 0.03781 0.0 1.0 -0.748956 -0.000001 -0.000001 0.662619
0.0 0.03781 0.0 1.0 -0.748956 0.000001 0.000001 0.662619
0.0 0.0258 0.0 1.0 -0.711223 0.0 0.0 0.702967
0.0 0.0258 0.0 1.0 -0.711223 0.0 0.0 0.702967
0.0 0.03416 0.0 1.0 -0.748958 -0.000002 -0.000002 0.662618
0.0 0.03416 0.0 1.0 -0.748956 0.0 0.0 0.66262
0.0 0.03794 0.0 1.0 -0.229381 0.054361 0.071936 0.969151
0.0 0.03794 0.0 1.0 -0.229382 -0.054361 -0.071936 0.969151
0.0 0.02674 0.0 1.0 -0.61176 0.0 0.000001 0.791043
0.0 0.02674 0.0 1.0 -0.61176 0.0 -0.000001 0.791043
0.0 0.03015 0.0 1.0 -0.611759 0.000001 0.000001 0.791044
0.0 0.03015 0.0 1.0 -0.611759 -0.000001 -0.000001 0.791044
0.0 0.02184 0.0 1.0 -0.575438 0.0 -0.000001 0.817845
0.0 0.02184 0.0 1.0 -0.575438 0.0 0.000001 0.817845
0.0 0.02809 0.0 1.0 -0.611761 0.0 0.0 0.791043
0.0 0.02809 0.0 1.0 -0.611761 0.0 0.0 0.791043
0.0 0.03551 0.0 1.0 -0.159114 -0.000392 0.032737 0.986717
0.0 0.03551 0.0 1.0 -0.159114 0.000392 -0.032737 0.986717


##### Pose: 1 ##############################################

0.0 -0.01 0.712 1.0 0.0 0.67559 0.737277 0.0
0.10615 0.03381 -0.01849 1.0 0.949406 0.033669 -0.092269 0.298297
-0.10615 0.03381 -0.01849 1.0 0.949406 -0.033668 0.092269 0.298298
0.0 0.11713 0.0 1.0 0.120992 0.0 0.0 0.992654
0.0 0.40298 0.0 1.0 0.613904 -0.00039 -0.095666 0.783562
0.0 0.40298 0.0 1.0 0.613904 0.00039 0.095666 0.783562
0.0 0.11353 0.0 1.0 -0.070006 0.000001 0.0 0.997547
0.0 0.40596 0.0 1.0 -0.775587 0.009596 0.097116 0.623651
0.0 0.40596 0.0 1.0 -0.775587 -0.009595 -0.097117 0.623651
0.0 0.14148 0.0 1.0 0.015855 -0.000001 0.0 0.999874
0.0 0.1733 0.0 1.0 -0.179058 0.005342 0.021538 0.983588
0.0 0.1733 0.0 1.0 -0.179058 -0.005343 -0.021538 0.983588
0.0 0.24687 0.0 1.0 0.205912 0.0 0.0 0.978571
0.05 0.20606 -0.00339 1.0 -0.578079 -0.372182 -0.623763 0.371786
-0.05 0.20606 -0.00339 1.0 -0.578079 0.372182 0.623763 0.371785
0.0 0.11937 0.0 1.0 -0.026269 0.039629 -0.501216 0.864015
0.0 0.11937 0.0 1.0 -0.026269 -0.039629 0.501215 0.864016
0.0 0.09951 0.0 1.0 0.012856 0.0 0.0 0.999917
0.0 0.1329 0.0 1.0 0.0 -0.314767 0.0 0.949169
0.0 0.1329 0.0 1.0 0.0 0.314767 0.0 0.949169
0.054 0.12356 0.10523 1.0 -0.000163 0.730707 0.682691 0.000152
-0.054 0.12356 0.10523 1.0 0.000163 0.730707 0.682691 -0.000152
0.0 0.1329 0.0 1.0 -0.056549 -0.002158 -0.730257 0.680825
0.0 0.1329 0.0 1.0 -0.056549 0.002158 0.730257 0.680825
-0.03957 0.16679 -0.00162 1.0 -0.321946 -0.28416 0.775364 0.463051
0.03957 0.16679 -0.00162 1.0 -0.321945 0.28416 -0.775364 0.46305
0.0 0.2624 0.0 1.0 0.026181 -0.675942 -0.0399 0.735408
0.0 0.2624 0.0 1.0 0.02618 0.675942 0.039902 0.735408
0.0 0.13077 0.0 1.0 0.011115 0.111904 0.209319 0.97136
0.0 0.13077 0.0 1.0 0.011115 -0.111905 -0.209319 0.97136
0.00718 0.07562 -0.04315 1.0 -0.020939 -0.012473 0.023005 0.999438
-0.00718 0.07562 -0.04315 1.0 -0.020939 0.012473 -0.023005 0.999438
0.03979 0.11633 -0.003 1.0 -0.693809 0.098743 -0.044199 0.711987
-0.03979 0.11633 -0.003 1.0 -0.693812 -0.09874 0.0442 0.711984
0.01699 0.12287 0.00015 1.0 -0.704997 0.030186 -0.013765 0.708434
-0.01699 0.12287 0.00015 1.0 -0.704997 -0.030186 0.013765 0.708434
-0.02507 0.11212 -0.00149 1.0 -0.718373 -0.115172 0.038415 0.684981
0.02507 0.11212 -0.00149 1.0 -0.718373 0.115172 -0.038415 0.684981
-0.00485 0.12068 -0.00081 1.0 -0.704084 -0.020816 0.013304 0.709686
0.00485 0.12068 -0.00081 1.0 -0.704086 0.020818 -0.013302 0.709684
0.03234 0.03392 -0.01127 1.0 0.083697 0.570801 -0.290637 0.763355
-0.03234 0.03392 -0.01127 1.0 0.083697 -0.570801 0.290637 0.763355
0.0 0.13612 0.0 1.0 -0.063376 0.090307 0.164863 0.980127
0.0 0.13612 0.0 1.0 -0.063376 -0.090307 -0.164862 0.980127
0.0 0.03329 0.0 1.0 -0.748958 -0.000003 -0.000003 0.662618
0.0 0.03329 0.0 1.0 -0.748955 0.0 0.0 0.66262
0.0 0.03781 0.0 1.0 -0.748956 -0.000001 -0.000001 0.662619
0.0 0.03781 0.0 1.0 -0.748956 0.000001 0.000001 0.662619
0.0 0.0258 0.0 1.0 -0.711223 0.0 0.0 0.702967
0.0 0.0258 0.0 1.0 -0.711223 0.0 0.0 0.702967
0.0 0.03416 0.0 1.0 -0.748958 -0.000002 -0.000002 0.662618
0.0 0.03416 0.0 1.0 -0.748956 0.0 0.0 0.66262
0.0 0.03794 0.0 1.0 -0.229381 0.054361 0.071936 0.969151
0.0 0.03794 0.0 1.0 -0.229382 -0.054361 -0.071936 0.969151
0.0 0.02674 0.0 1.0 -0.61176 0.0 0.000001 0.791043
0.0 0.02674 0.0 1.0 -0.61176 0.0 -0.000001 0.791043
0.0 0.03015 0.0 1.0 -0.611759 0.000001 0.000001 0.791044
0.0 0.03015 0.0 1.0 -0.611759 -0.000001 -0.000001 0.791044
0.0 0.02184 0.0 1.0 -0.575438 0.0 -0.000001 0.817845
0.0 0.02184 0.0 1.0 -0.575438 0.0 0.000001 0.817845
0.0 0.0281 0.0 1.0 -0.611761 0.0 0.0 0.791043
0.0 0.02809 0.0 1.0 -0.611761 0.0 0.0 0.791043
0.0 0.03551 0.0 1.0 -0.159114 -0.000392 0.032737 0.986717
0.0 0.03551 0.0 1.0 -0.159114 0.000392 -0.032737 0.986717