# SQEE Animation Format


################################################################################

SECTION Header

BoneCount 64
PoseCount 5
TotalTime 4

Times 1 1 1 1 0


################################################################################

SECTION Poses


##### Pose: 0 ##############################################

0.02 0.03 0.357 1.0 0.0 0.707107 0.707107 0.0
0.10651 0.03225 -0.0012 1.0 0.779506 0.00754 -0.060888 0.623382
-0.10349 0.09259 -0.08507 1.0 0.995696 -0.054864 0.067015 0.03298
0.0 0.11713 0.0 1.0 0.307425 0.012052 0.068707 0.949012
0.0 0.40298 0.0 1.0 0.926813 -0.00009 -0.147602 0.3453
0.0 0.40298 0.0 1.0 0.83925 0.000279 0.129452 0.528112
0.0 0.11353 0.0 1.0 0.08534 0.020916 0.067936 0.993813
0.0 0.40596 0.0 1.0 -0.89207 0.013686 0.114997 0.436806
0.0 0.40596 0.0 1.0 -0.86234 -0.074039 -0.10449 0.489867
0.0 0.14148 0.0 1.0 0.049023 0.008581 0.035485 0.99813
0.0 0.1733 0.0 1.0 -0.179058 0.005342 0.021538 0.983588
0.0 0.1733 0.0 1.0 -0.629911 0.034091 -0.03354 0.775194
0.0 0.24687 0.0 1.0 -0.069938 -0.032603 -0.081828 0.993655
0.05 0.20606 -0.00339 1.0 -0.5323 -0.382665 -0.599824 0.458732
-0.05733 0.19303 0.01381 1.0 -0.430915 0.47637 0.730878 0.230653
0.0 0.11937 0.0 1.0 -0.338141 0.00593 -0.315475 0.886623
0.0 0.11937 0.0 1.0 -0.034866 0.009434 0.124352 0.991581
0.0 0.09951 0.0 1.0 -0.270632 -0.020626 -0.08468 0.95873
0.0 0.1329 0.0 1.0 0.0 0.050052 0.0 0.998747
0.0 0.1329 0.0 1.0 0.0 -0.006066 0.0 0.999982
0.054 0.12356 0.10523 1.0 -0.000163 0.730707 0.682691 0.000152
-0.054 0.12356 0.10523 1.0 0.000163 0.730707 0.682691 -0.000152
0.0 0.1329 0.0 1.0 -0.04288 0.003235 -0.332049 0.942281
0.0 0.1329 0.0 1.0 0.000811 -0.00613 -0.002658 0.999977
-0.03957 0.16679 -0.00162 1.0 -0.013022 -0.663939 0.397886 0.63301
0.03957 0.16679 -0.00162 1.0 -0.013021 0.663939 -0.397886 0.63301
0.0 0.2624 0.0 1.0 -0.031679 -0.400296 0.00334 0.915832
0.0 0.2624 0.0 1.0 0.326103 -0.174412 0.138254 0.918762
0.0 0.13077 0.0 1.0 -0.083905 -0.071022 -0.156191 0.981591
0.0 0.13077 0.0 1.0 -0.083084 0.118057 0.204585 0.968145
0.00718 0.07562 -0.04315 1.0 -0.020939 -0.012473 0.023005 0.999438
-0.00718 0.07562 -0.04315 1.0 -0.020939 0.012473 -0.023005 0.999438
0.04642 0.1142 -0.0041 1.0 -0.069963 0.118305 -0.193917 0.971342
-0.04642 0.1142 -0.00409 1.0 0.116659 -0.079127 0.212927 0.966846
0.0198 0.12271 0.00007 1.0 -0.084441 0.026319 -0.04193 0.995198
-0.0198 0.12271 0.00007 1.0 0.124318 -0.017026 0.046486 0.991007
-0.02942 0.11104 -0.00169 1.0 -0.124381 -0.119509 0.173396 0.969629
0.02942 0.11104 -0.00169 1.0 -0.124381 0.119509 -0.173396 0.969629
-0.00705 0.12057 -0.00087 1.0 -0.065424 -0.024988 0.041556 0.996679
0.00705 0.12057 -0.00087 1.0 0.08261 0.018574 -0.044793 0.995402
0.03234 0.03392 -0.01127 1.0 0.110514 0.463106 -0.46147 0.748575
-0.03234 0.03392 -0.01127 1.0 -0.106288 -0.5543 0.492061 0.66282
0.0 0.13612 0.0 1.0 -0.143564 0.18677 -0.066035 0.969611
0.0 0.13612 0.0 1.0 0.500289 0.175708 -0.22298 0.817996
0.0 0.03329 0.0 1.0 -0.061051 -0.000004 -0.000001 0.998135
0.0 0.03329 0.0 1.0 -0.017452 0.0 0.0 0.999848
0.0 0.03781 0.0 1.0 -0.061049 -0.000001 0.0 0.998135
0.0 0.03781 0.0 1.0 -0.017453 0.000001 0.0 0.999848
0.0 0.0258 0.0 1.0 -0.06105 0.0 0.0 0.998135
0.0 0.0258 0.0 1.0 -0.12187 0.0 0.0 0.992546
0.0 0.03416 0.0 1.0 -0.061052 -0.000003 0.0 0.998135
0.0 0.03416 0.0 1.0 -0.0349 0.000001 0.0 0.999391
0.0 0.03794 0.0 1.0 -0.086195 -0.000574 0.006638 0.996256
0.0 0.03794 0.0 1.0 -0.077498 0.000517 -0.006643 0.99697
0.0 0.02674 0.0 1.0 -0.043619 0.000001 0.000001 0.999048
0.0 0.02674 0.0 1.0 0.113204 -0.000001 -0.000001 0.993572
0.0 0.03015 0.0 1.0 -0.043618 0.000001 0.0 0.999048
0.0 0.03015 0.0 1.0 0.147811 -0.000001 0.0 0.989016
0.0 0.02184 0.0 1.0 -0.04362 -0.000001 0.0 0.999048
0.0 0.02184 0.0 1.0 -0.078459 0.000001 0.0 0.996917
0.0 0.0281 0.0 1.0 -0.043619 0.0 0.0 0.999048
0.0 0.02809 0.0 1.0 0.095846 0.0 0.0 0.995396
0.0 0.03551 0.0 1.0 -0.028693 -0.005283 0.025885 0.999239
0.0 0.03551 0.0 1.0 0.04108 0.003464 -0.026191 0.998807


##### Pose: 1 ##############################################

0.01668 0.02336 0.44419 1.0 0.0 0.707107 0.707107 0.0
0.10599 0.0316 -0.00174 1.0 0.828791 0.002136 -0.05845 0.556493
-0.10481 0.0682 -0.07192 1.0 0.988917 -0.023539 0.057215 0.134964
0.0 0.11713 0.0 1.0 0.274505 0.010085 0.05749 0.959813
0.0 0.40298 0.0 1.0 0.880797 -0.000129 -0.143024 0.451377
0.0 0.40298 0.0 1.0 0.830333 0.000152 0.140056 0.539381
0.0 0.11353 0.0 1.0 0.051056 0.017501 0.056842 0.996923
0.0 0.40596 0.0 1.0 -0.876793 -0.002293 0.112096 0.467614
0.0 0.40596 0.0 1.0 -0.8432 -0.038544 -0.113355 0.524099
0.0 0.14148 0.0 1.0 0.03195 0.007161 0.029616 0.999025
0.0 0.1733 0.0 1.0 -0.179058 0.005342 0.021538 0.983588
0.0 0.1733 0.0 1.0 -0.564834 0.028028 -0.032103 0.824103
0.0 0.24687 0.0 1.0 -0.032809 -0.027298 -0.068515 0.996737
0.05 0.20606 -0.00339 1.0 -0.537237 -0.371094 -0.611594 0.446787
-0.05733 0.19303 0.01381 1.0 -0.485933 0.409575 0.732696 0.243461
0.0 0.11937 0.0 1.0 -0.38035 -0.005024 -0.302202 0.874061
0.0 0.11937 0.0 1.0 -0.082248 0.014581 0.148982 0.985306
0.0 0.09951 0.0 1.0 -0.234647 -0.017271 -0.070905 0.969337
0.0 0.1329 0.0 1.0 0.0 0.046803 0.0 0.998904
0.0 0.1329 0.0 1.0 0.0 -0.013418 0.0 0.99991
0.054 0.12356 0.10523 1.0 -0.000163 0.730707 0.682691 0.000152
-0.054 0.12356 0.10523 1.0 0.000163 0.730707 0.682691 -0.000152
0.0 0.1329 0.0 1.0 -0.043513 0.004708 -0.209746 0.976776
0.0 0.1329 0.0 1.0 0.001788 -0.006129 -0.004487 0.99997
-0.03957 0.16679 -0.00162 1.0 0.012786 -0.656314 0.380538 0.651368
0.03957 0.16679 -0.00162 1.0 0.012787 0.656314 -0.380538 0.651368
0.0 0.2624 0.0 1.0 -0.05176 -0.324263 -0.022008 0.944294
0.0 0.2624 0.0 1.0 0.277007 -0.150841 0.143884 0.937983
0.0 0.13077 0.0 1.0 -0.078182 -0.044949 -0.12668 0.987836
0.0 0.13077 0.0 1.0 -0.045183 -0.000046 -0.02868 0.998567
0.00718 0.07562 -0.04315 1.0 -0.020939 -0.012473 0.023005 0.999438
-0.00718 0.07562 -0.04315 1.0 -0.020939 0.012473 -0.023005 0.999438
0.04641 0.1142 -0.0041 1.0 -0.069963 0.118305 -0.193917 0.971342
-0.04641 0.1142 -0.00409 1.0 0.085883 -0.085852 0.210306 0.970065
0.0198 0.12271 0.00007 1.0 -0.084441 0.026319 -0.04193 0.995198
-0.0198 0.12271 0.00007 1.0 0.08992 -0.018626 0.045868 0.994718
-0.02942 0.11104 -0.00169 1.0 -0.124381 -0.119509 0.173396 0.969629
0.02942 0.11104 -0.00169 1.0 -0.124381 0.119509 -0.173396 0.969629
-0.00705 0.12057 -0.00087 1.0 -0.065424 -0.024988 0.041556 0.996679
0.00705 0.12057 -0.00087 1.0 0.058113 0.01967 -0.044323 0.997132
0.03234 0.03392 -0.01127 1.0 0.110514 0.463106 -0.46147 0.748575
-0.03234 0.03392 -0.01127 1.0 -0.070593 -0.541545 0.48914 0.680064
0.0 0.13612 0.0 1.0 -0.128997 0.170311 -0.053281 0.975456
0.0 0.13612 0.0 1.0 -0.053333 0.001113 -0.016014 0.998448
0.0 0.03329 0.0 1.0 -0.061051 -0.000004 -0.000001 0.998135
0.0 0.03329 0.0 1.0 -0.024696 0.0 0.0 0.999695
0.0 0.03781 0.0 1.0 -0.061049 -0.000001 0.0 0.998135
0.0 0.03781 0.0 1.0 -0.024697 0.000001 0.0 0.999695
0.0 0.0258 0.0 1.0 -0.06105 0.0 0.0 0.998135
0.0 0.0258 0.0 1.0 -0.111798 0.0 0.0 0.993731
0.0 0.03416 0.0 1.0 -0.061052 -0.000003 0.0 0.998135
0.0 0.03416 0.0 1.0 -0.039244 0.000001 0.0 0.99923
0.0 0.03794 0.0 1.0 -0.086195 -0.000574 0.006638 0.996256
0.0 0.03794 0.0 1.0 -0.078943 0.000526 -0.006642 0.996857
0.0 0.02674 0.0 1.0 -0.043619 0.000001 0.000001 0.999048
0.0 0.02674 0.0 1.0 0.087308 -0.000001 -0.000001 0.996181
0.0 0.03015 0.0 1.0 -0.043618 0.000001 0.0 0.999048
0.0 0.03015 0.0 1.0 0.116315 -0.000001 0.0 0.993212
0.0 0.02184 0.0 1.0 -0.04362 -0.000001 0.0 0.999048
0.0 0.02184 0.0 1.0 -0.072679 0.000001 0.0 0.997355
0.0 0.0281 0.0 1.0 -0.043619 0.0 0.0 0.999048
0.0 0.0281 0.0 1.0 0.072781 0.0 0.0 0.997348
0.0 0.03551 0.0 1.0 -0.028694 -0.005283 0.025885 0.999239
0.0 0.03551 0.0 1.0 0.029502 0.003767 -0.026149 0.999216


##### Pose: 2 ##############################################

0.01 0.01 0.6195 1.0 0.0 0.707107 0.707107 0.0
0.10536 0.03082 0.00102 1.0 0.908342 -0.003316 -0.04496 0.415791
-0.10548 0.03799 -0.0341 1.0 0.970226 0.00381 0.035132 0.239608
0.0 0.11713 0.0 1.0 0.206794 0.006063 0.034564 0.977755
0.0 0.40298 0.0 1.0 0.735397 -0.000236 -0.122338 0.666502
0.0 0.40298 0.0 1.0 0.739164 0.000166 0.129642 0.660931
0.0 0.11353 0.0 1.0 -0.0185 0.010522 0.034174 0.999189
0.0 0.40596 0.0 1.0 -0.824897 -0.034908 0.096222 0.555939
0.0 0.40596 0.0 1.0 -0.790305 0.018115 -0.107252 0.602982
0.0 0.14148 0.0 1.0 -0.002458 0.004296 0.017769 0.99983
0.0 0.1733 0.0 1.0 -0.179058 0.005342 0.021538 0.983588
0.0 0.1733 0.0 1.0 -0.417661 0.014842 -0.028436 0.908037
0.0 0.24687 0.0 1.0 0.042549 -0.016421 -0.041215 0.998109
0.05 0.20606 -0.00339 1.0 -0.552102 -0.338942 -0.639843 0.413403
-0.05733 0.19303 0.01381 1.0 -0.552972 0.325232 0.698226 0.31769
0.0 0.11937 0.0 1.0 -0.408139 -0.024129 -0.229195 0.883352
0.0 0.11937 0.0 1.0 -0.226869 0.014765 0.157603 0.960975
0.0 0.09951 0.0 1.0 -0.160604 -0.010389 -0.042654 0.986042
0.0 0.1329 0.0 1.0 0.0 0.033971 0.0 0.999423
0.0 0.1329 0.0 1.0 0.0 -0.019766 0.0 0.999805
0.054 0.12356 0.10523 1.0 -0.000163 0.730707 0.682691 0.000152
-0.054 0.12356 0.10523 1.0 0.000163 0.730707 0.682691 -0.000152
0.0 0.1329 0.0 1.0 -0.032618 0.006532 -0.023242 0.999176
0.0 0.1329 0.0 1.0 -0.000513 -0.006165 -0.003428 0.999975
-0.03957 0.16679 -0.00162 1.0 0.064946 -0.638151 0.343852 0.685793
0.03957 0.16679 -0.00162 1.0 0.064947 0.63815 -0.343853 0.685793
0.0 0.2624 0.0 1.0 -0.064548 -0.186297 -0.058604 0.978618
0.0 0.2624 0.0 1.0 0.159127 -0.081477 0.12439 0.975996
0.0 0.13077 0.0 1.0 -0.066199 0.008087 -0.066271 0.99557
0.0 0.13077 0.0 1.0 -0.045183 -0.000046 -0.02868 0.998567
0.00718 0.07562 -0.04315 1.0 -0.020939 -0.012473 0.023005 0.999438
-0.00718 0.07562 -0.04315 1.0 -0.020939 0.012473 -0.023005 0.999438
0.04641 0.1142 -0.0041 1.0 -0.069963 0.118305 -0.193917 0.971342
-0.04641 0.1142 -0.00409 1.0 0.023454 -0.099171 0.204363 0.973576
0.0198 0.12271 0.00007 1.0 -0.084441 0.026319 -0.04193 0.995198
-0.0198 0.12271 0.00007 1.0 0.020048 -0.021792 0.044452 0.998573
-0.02942 0.11104 -0.00169 1.0 -0.124381 -0.119509 0.173396 0.969629
0.02942 0.11104 -0.00169 1.0 -0.124381 0.119509 -0.173396 0.969629
-0.00705 0.12057 -0.00087 1.0 -0.065424 -0.024988 0.041556 0.996679
0.00705 0.12057 -0.00087 1.0 0.008615 0.021842 -0.043294 0.998787
0.03234 0.03392 -0.01127 1.0 0.110514 0.463106 -0.46147 0.748575
-0.03234 0.03392 -0.01127 1.0 0.00213 -0.512797 0.480602 0.711376
0.0 0.13612 0.0 1.0 -0.099352 0.136764 -0.02745 0.985227
0.0 0.13612 0.0 1.0 -0.053333 0.001113 -0.016014 0.998448
0.0 0.03329 0.0 1.0 -0.061051 -0.000004 -0.000001 0.998135
0.0 0.03329 0.0 1.0 -0.039259 0.0 0.0 0.999229
0.0 0.03781 0.0 1.0 -0.061049 -0.000001 0.0 0.998135
0.0 0.03781 0.0 1.0 -0.039261 0.000001 0.0 0.999229
0.0 0.0258 0.0 1.0 -0.06105 0.0 0.0 0.998135
0.0 0.0258 0.0 1.0 -0.091503 0.0 0.0 0.995805
0.0 0.03416 0.0 1.0 -0.061052 -0.000003 0.0 0.998135
0.0 0.03416 0.0 1.0 -0.047978 0.000001 0.0 0.998848
0.0 0.03794 0.0 1.0 -0.086195 -0.000574 0.006638 0.996256
0.0 0.03794 0.0 1.0 -0.081848 0.000546 -0.006641 0.996623
0.0 0.02674 0.0 1.0 -0.043619 0.000001 0.000001 0.999048
0.0 0.02674 0.0 1.0 0.0349 -0.000001 -0.000001 0.999391
0.0 0.03015 0.0 1.0 -0.043618 0.000001 0.0 0.999048
0.0 0.03015 0.0 1.0 0.052337 -0.000001 0.0 0.998629
0.0 0.02184 0.0 1.0 -0.04362 -0.000001 0.0 0.999048
0.0 0.02184 0.0 1.0 -0.061049 0.000001 0.0 0.998135
0.0 0.02809 0.0 1.0 -0.043619 0.0 0.0 0.999048
0.0 0.02809 0.0 1.0 0.026177 0.0 0.0 0.999657
0.0 0.03551 0.0 1.0 -0.028694 -0.005283 0.025885 0.999239
0.0 0.03551 0.0 1.0 0.006197 0.004376 -0.026054 0.999632


##### Pose: 3 ##############################################

0.00354 -0.00293 0.78918 1.0 0.0 0.707107 0.707107 0.0
0.10466 0.03018 0.00606 1.0 0.970488 0.004437 -0.023656 0.239945
-0.10472 0.03009 -0.00313 1.0 0.979277 -0.001925 0.01698 0.201804
0.0 0.11713 0.0 1.0 0.140171 0.002138 0.01219 0.99005
0.0 0.40298 0.0 1.0 0.475803 -0.000327 -0.079573 0.875945
0.0 0.40298 0.0 1.0 0.500163 0.000294 0.085186 0.861731
0.0 0.11353 0.0 1.0 -0.08574 0.003712 0.012053 0.996238
0.0 0.40596 0.0 1.0 -0.732205 -0.064114 0.061127 0.675299
0.0 0.40596 0.0 1.0 -0.718183 0.061569 -0.068105 0.689771
0.0 0.14148 0.0 1.0 -0.035761 0.001517 0.006279 0.99934
0.0 0.1733 0.0 1.0 -0.179058 0.005342 0.021538 0.983588
0.0 0.1733 0.0 1.0 -0.263576 0.001659 -0.024099 0.964336
0.0 0.24687 0.0 1.0 0.115239 -0.005789 -0.014529 0.993215
0.05 0.20606 -0.00339 1.0 -0.552152 -0.323759 -0.632476 0.436214
-0.05733 0.19303 0.01381 1.0 -0.553259 0.322773 0.63365 0.433831
0.0 0.11937 0.0 1.0 -0.426961 0.009279 -0.055395 0.902524
0.0 0.11937 0.0 1.0 -0.400864 -0.004007 0.057112 0.914347
0.0 0.09951 0.0 1.0 -0.087911 -0.003662 -0.015036 0.996008
0.0 0.1329 0.0 1.0 0.0 0.026119 0.0 0.999659
0.0 0.1329 0.0 1.0 0.0 -0.021381 0.0 0.999771
0.054 0.12356 0.10523 1.0 -0.000163 0.730707 0.682691 0.000152
-0.054 0.12356 0.10523 1.0 0.000163 0.730707 0.682691 -0.000152
0.0 0.1329 0.0 1.0 -0.051022 0.005703 -0.134753 0.989548
0.0 0.1329 0.0 1.0 -0.046321 -0.006012 0.097977 0.994092
-0.03957 0.16679 -0.00162 1.0 0.115096 -0.617174 0.30651 0.715472
0.03957 0.16679 -0.00162 1.0 0.115096 0.617174 -0.30651 0.715472
0.0 0.2624 0.0 1.0 -0.020642 -0.080924 0.037384 0.995805
0.0 0.2624 0.0 1.0 0.061859 -0.021727 0.018544 0.997676
0.0 0.13077 0.0 1.0 -0.054179 0.059381 -0.007368 0.996737
0.0 0.13077 0.0 1.0 -0.049521 -0.046643 -0.009596 0.997637
0.00718 0.07562 -0.04315 1.0 -0.020939 -0.012473 0.023005 0.999438
-0.00718 0.07562 -0.04315 1.0 -0.020939 0.012473 -0.023005 0.999438
0.04641 0.1142 -0.0041 1.0 -0.069963 0.118305 -0.193917 0.971342
-0.04641 0.1142 -0.00409 1.0 -0.037071 -0.111675 0.197807 0.973153
0.0198 0.12271 0.00007 1.0 -0.084441 0.026319 -0.04193 0.995198
-0.0198 0.12271 0.00007 1.0 -0.047685 -0.024755 0.042872 0.997635
-0.02942 0.11104 -0.00169 1.0 -0.124381 -0.119509 0.173396 0.969629
0.02942 0.11104 -0.00169 1.0 -0.124381 0.119509 -0.173396 0.969629
-0.00705 0.12057 -0.00087 1.0 -0.065424 -0.024988 0.041556 0.996679
0.00705 0.12057 -0.00087 1.0 -0.039317 0.023895 -0.042196 0.998049
0.03234 0.03392 -0.01127 1.0 0.110514 0.463106 -0.46147 0.748575
-0.03234 0.03392 -0.01127 1.0 0.072521 -0.481463 0.469055 0.736832
0.0 0.13612 0.0 1.0 -0.070394 0.103931 -0.002373 0.992088
0.0 0.13612 0.0 1.0 -0.01494 -0.041941 -0.0282 0.99861
0.0 0.03329 0.0 1.0 -0.061051 -0.000004 -0.000001 0.998135
0.0 0.03329 0.0 1.0 -0.053348 0.0 0.0 0.998576
0.0 0.03781 0.0 1.0 -0.061049 -0.000001 0.0 0.998135
0.0 0.03781 0.0 1.0 -0.053349 0.000001 0.0 0.998576
0.0 0.0258 0.0 1.0 -0.06105 0.0 0.0 0.998135
0.0 0.0258 0.0 1.0 -0.071822 0.0 0.0 0.997417
0.0 0.03416 0.0 1.0 -0.061052 -0.000003 0.0 0.998135
0.0 0.03416 0.0 1.0 -0.056428 0.000001 0.0 0.998407
0.0 0.03794 0.0 1.0 -0.086195 -0.000574 0.006638 0.996256
0.0 0.03794 0.0 1.0 -0.084658 0.000564 -0.006639 0.996388
0.0 0.02674 0.0 1.0 -0.043619 0.000001 0.000001 0.999048
0.0 0.02674 0.0 1.0 -0.015921 -0.000001 -0.000001 0.999873
0.0 0.03015 0.0 1.0 -0.043618 0.000001 0.0 0.999048
0.0 0.03015 0.0 1.0 -0.0098 -0.000001 0.0 0.999952
0.0 0.02184 0.0 1.0 -0.04362 -0.000001 0.0 0.999048
0.0 0.02184 0.0 1.0 -0.049784 0.000001 0.0 0.99876
0.0 0.0281 0.0 1.0 -0.043619 0.0 0.0 0.999048
0.0 0.02809 0.0 1.0 -0.018989 0.0 0.0 0.99982
0.0 0.03551 0.0 1.0 -0.028693 -0.005283 0.025885 0.999239
0.0 0.03551 0.0 1.0 -0.016363 0.004963 -0.025949 0.999517


##### Pose: 4 ##############################################

0.0 -0.01 0.882 1.0 0.0 0.707107 0.707107 0.0
0.10411 0.02982 0.00943 1.0 0.998172 0.027249 -0.011262 0.052759
-0.10411 0.02982 0.00943 1.0 0.998172 -0.027241 0.011262 0.052761
0.0 0.11713 0.0 1.0 0.103649 0.0 0.0 0.994614
0.0 0.40298 0.0 1.0 0.133932 -0.000378 -0.022347 0.990738
0.0 0.40298 0.0 1.0 0.133933 0.000377 0.022347 0.990738
0.0 0.11353 0.0 1.0 -0.122118 0.000001 0.0 0.992516
0.0 0.40596 0.0 1.0 -0.605396 -0.071556 0.017038 0.792518
0.0 0.40596 0.0 1.0 -0.605396 0.071557 -0.017038 0.792518
0.0 0.14148 0.0 1.0 -0.053932 -0.000001 0.0 0.998545
0.0 0.1733 0.0 1.0 -0.179058 0.005342 0.021538 0.983588
0.0 0.1733 0.0 1.0 -0.179058 -0.005343 -0.021538 0.983588
0.0 0.24687 0.0 1.0 0.154416 0.0 0.0 0.988006
0.05 0.20606 -0.00339 1.0 -0.546052 -0.322049 -0.630769 0.447483
-0.05733 0.19303 0.01381 1.0 -0.542522 0.325531 0.628733 0.452099
0.0 0.11937 0.0 1.0 -0.422075 0.043928 0.082207 0.901757
0.0 0.11937 0.0 1.0 -0.428197 -0.05926 -0.128737 0.892504
0.0 0.09951 0.0 1.0 -0.048212 0.0 0.0 0.998837
0.0 0.1329 0.0 1.0 0.0 0.026045 0.0 0.999661
0.0 0.1329 0.0 1.0 0.0 -0.028824 0.0 0.999584
0.054 0.12356 0.10523 1.0 -0.000163 0.730707 0.682691 0.000152
-0.054 0.12356 0.10523 1.0 0.000163 0.730707 0.682691 -0.000152
0.0 0.1329 0.0 1.0 -0.064487 0.004428 -0.268925 0.96099
0.0 0.1329 0.0 1.0 -0.069818 -0.003806 0.328817 0.941802
-0.03957 0.16679 -0.00162 1.0 0.142105 -0.604417 0.285538 0.730037
0.03957 0.16679 -0.00162 1.0 0.142106 0.604417 -0.285538 0.730037
0.0 0.2624 0.0 1.0 0.003612 -0.031556 0.122381 0.991975
0.0 0.2624 0.0 1.0 0.012647 0.021359 -0.136006 0.990397
0.0 0.13077 0.0 1.0 -0.04751 0.087077 0.024633 0.994763
0.0 0.13077 0.0 1.0 -0.04751 -0.087077 -0.024633 0.994763
0.00718 0.07562 -0.04315 1.0 -0.020939 -0.012473 0.023005 0.999438
-0.00718 0.07562 -0.04315 1.0 -0.020939 0.012473 -0.023005 0.999438
0.04641 0.1142 -0.0041 1.0 -0.069963 0.118305 -0.193917 0.971342
-0.04641 0.1142 -0.00409 1.0 -0.069967 -0.118302 0.193917 0.971342
0.0198 0.12271 0.00007 1.0 -0.084441 0.026319 -0.04193 0.995198
-0.0198 0.12271 0.00007 1.0 -0.084441 -0.026319 0.04193 0.995198
-0.02942 0.11104 -0.00169 1.0 -0.124381 -0.119509 0.173396 0.969629
0.02942 0.11104 -0.00169 1.0 -0.124381 0.119509 -0.173396 0.969629
-0.00705 0.12057 -0.00087 1.0 -0.065424 -0.024988 0.041556 0.996679
0.00705 0.12057 -0.00087 1.0 -0.065427 0.024991 -0.041556 0.996678
0.03234 0.03392 -0.01127 1.0 0.110514 0.463106 -0.46147 0.748575
-0.03234 0.03392 -0.01127 1.0 0.110514 -0.463106 0.46147 0.748575
0.0 0.13612 0.0 1.0 -0.054525 0.085912 0.011305 0.994745
0.0 0.13612 0.0 1.0 -0.054525 -0.085912 -0.011305 0.994745
0.0 0.03329 0.0 1.0 -0.061051 -0.000004 -0.000001 0.998135
0.0 0.03329 0.0 1.0 -0.061048 0.0 0.0 0.998135
0.0 0.03781 0.0 1.0 -0.061049 -0.000001 0.0 0.998135
0.0 0.03781 0.0 1.0 -0.061049 0.000001 0.0 0.998135
0.0 0.0258 0.0 1.0 -0.06105 0.0 0.0 0.998135
0.0 0.0258 0.0 1.0 -0.06105 0.0 0.0 0.998135
0.0 0.03416 0.0 1.0 -0.061052 -0.000003 0.0 0.998135
0.0 0.03416 0.0 1.0 -0.061049 0.000001 0.0 0.998135
0.0 0.03794 0.0 1.0 -0.086195 -0.000574 0.006638 0.996256
0.0 0.03794 0.0 1.0 -0.086195 0.000575 -0.006638 0.996256
0.0 0.02674 0.0 1.0 -0.043619 0.000001 0.000001 0.999048
0.0 0.02674 0.0 1.0 -0.043619 -0.000001 -0.000001 0.999048
0.0 0.03015 0.0 1.0 -0.043618 0.000001 0.0 0.999048
0.0 0.03015 0.0 1.0 -0.043618 -0.000001 0.0 0.999048
0.0 0.02184 0.0 1.0 -0.04362 -0.000001 0.0 0.999048
0.0 0.02184 0.0 1.0 -0.04362 0.000001 0.0 0.999048
0.0 0.02809 0.0 1.0 -0.043619 0.0 0.0 0.999048
0.0 0.0281 0.0 1.0 -0.04362 0.0 0.0 0.999048
0.0 0.03551 0.0 1.0 -0.028694 -0.005283 0.025885 0.999239
0.0 0.03551 0.0 1.0 -0.028693 0.005283 -0.025885 0.999239