# SQEE Animation Format


################################################################################

SECTION Header

BoneCount 65
PoseCount 3
TotalTime 36

Times 12 12 12


################################################################################

SECTION Poses


##### Pose: 0 ##############################################

0.0 0.0 0.0 1.0 0.0 0.707107 0.707107 0.0
0.0 0.842 -0.01 1.0 0.0 0.0 0.0 1.0
0.10437 0.03084 -0.01456 1.0 -0.999515 -0.02265 0.014911 0.015283
-0.10437 0.03084 -0.01456 1.0 -0.999515 0.022675 -0.014903 0.015283
0.0 0.11713 0.0 1.0 0.103649 0.0 0.0 0.994614
0.0 0.40298 0.0 1.0 0.222162 -0.000307 -0.038632 0.974244
0.0 0.40298 0.0 1.0 0.222163 0.000307 0.038632 0.974244
0.0 0.11353 0.0 1.0 -0.096095 0.000001 0.0 0.995372
0.0 0.40596 0.0 1.0 -0.721529 -0.078618 0.036521 0.686936
0.0 0.40596 0.0 1.0 -0.72153 0.078619 -0.036521 0.686936
0.0 0.14148 0.0 1.0 -0.010324 -0.000001 0.0 0.999947
0.0 0.1733 0.0 1.0 -0.179058 0.005342 0.021538 0.983588
0.0 0.1733 0.0 1.0 -0.179058 -0.005343 -0.021538 0.983588
0.0 0.24687 0.0 1.0 0.197365 0.0 0.0 0.98033
0.05 0.20606 -0.00339 1.0 -0.542337 -0.327712 -0.626082 0.454418
-0.05 0.20606 -0.00339 1.0 -0.542337 0.327712 0.626082 0.454418
0.0 0.11937 0.0 1.0 -0.193089 0.039607 0.214026 0.956734
0.0 0.11937 0.0 1.0 -0.193089 -0.039607 -0.214026 0.956734
0.0 0.09951 0.0 1.0 0.021581 0.0 0.0 0.999767
0.0 0.1329 0.0 1.0 0.0 0.014777 0.0 0.999891
0.0 0.1329 0.0 1.0 0.0 -0.014777 0.0 0.999891
0.054 0.12356 0.10523 1.0 -0.000163 0.730707 0.682691 0.000152
-0.054 0.12356 0.10523 1.0 0.000163 0.730707 0.682691 -0.000152
0.0 0.1329 0.0 1.0 -0.04953 0.002323 -0.414337 0.908772
0.0 0.1329 0.0 1.0 -0.04953 -0.002323 0.414337 0.908772
-0.03957 0.16679 -0.00162 1.0 0.142105 -0.604417 0.285538 0.730037
0.03957 0.16679 -0.00162 1.0 0.142106 0.604417 -0.285538 0.730037
0.0 0.2624 0.0 1.0 0.223605 -0.029448 0.116478 0.967247
0.0 0.2624 0.0 1.0 0.223605 0.029448 -0.116477 0.967247
0.0 0.13077 0.0 1.0 -0.04751 0.087076 0.024633 0.994763
0.0 0.13077 0.0 1.0 -0.04751 -0.087077 -0.024633 0.994763
0.00718 0.07562 -0.04315 1.0 -0.020939 -0.012473 0.023005 0.999438
-0.00718 0.07562 -0.04315 1.0 -0.020939 0.012473 -0.023005 0.999438
0.04641 0.1142 -0.0041 1.0 -0.069963 0.118305 -0.193917 0.971342
-0.04641 0.1142 -0.0041 1.0 -0.069967 -0.118302 0.193917 0.971342
0.0198 0.12271 0.00007 1.0 -0.084441 0.026319 -0.04193 0.995198
-0.0198 0.12271 0.00007 1.0 -0.084441 -0.026319 0.04193 0.995198
-0.02942 0.11104 -0.00169 1.0 -0.124381 -0.119509 0.173396 0.969629
0.02942 0.11104 -0.00169 1.0 -0.124381 0.119509 -0.173396 0.969629
-0.00705 0.12057 -0.00087 1.0 -0.065424 -0.024988 0.041556 0.996679
0.00705 0.12057 -0.00087 1.0 -0.065427 0.024991 -0.041556 0.996678
0.03234 0.03392 -0.01127 1.0 0.110514 0.463106 -0.46147 0.748575
-0.03234 0.03392 -0.01127 1.0 0.110514 -0.463106 0.46147 0.748575
0.0 0.13612 0.0 1.0 -0.054525 0.085912 0.011305 0.994745
0.0 0.13612 0.0 1.0 -0.054525 -0.085912 -0.011305 0.994745
0.0 0.03329 0.0 1.0 -0.061051 -0.000004 -0.000001 0.998135
0.0 0.03329 0.0 1.0 -0.061048 0.0 0.0 0.998135
0.0 0.03781 0.0 1.0 -0.061049 -0.000001 0.0 0.998135
0.0 0.03781 0.0 1.0 -0.061049 0.000001 0.0 0.998135
0.0 0.0258 0.0 1.0 -0.061049 0.0 0.0 0.998135
0.0 0.0258 0.0 1.0 -0.06105 0.0 0.0 0.998135
0.0 0.03416 0.0 1.0 -0.061051 -0.000003 0.0 0.998135
0.0 0.03416 0.0 1.0 -0.061049 0.000001 0.0 0.998135
0.0 0.03794 0.0 1.0 -0.086195 -0.000574 0.006638 0.996256
0.0 0.03794 0.0 1.0 -0.086196 0.000574 -0.006638 0.996256
0.0 0.02674 0.0 1.0 -0.043619 0.000001 0.000001 0.999048
0.0 0.02674 0.0 1.0 -0.043619 -0.000001 -0.000001 0.999048
0.0 0.03015 0.0 1.0 -0.043618 0.000001 0.0 0.999048
0.0 0.03015 0.0 1.0 -0.043618 -0.000001 0.0 0.999048
0.0 0.02184 0.0 1.0 -0.04362 -0.000001 0.0 0.999048
0.0 0.02184 0.0 1.0 -0.04362 0.000001 0.0 0.999048
0.0 0.02809 0.0 1.0 -0.04362 0.0 0.0 0.999048
0.0 0.02809 0.0 1.0 -0.04362 0.0 0.0 0.999048
0.0 0.03551 0.0 1.0 -0.028694 -0.005283 0.025885 0.999239
0.0 0.03551 0.0 1.0 -0.028693 0.005283 -0.025885 0.999239


##### Pose: 1 ##############################################

0.0 0.0 0.0 1.0 0.0 0.707107 0.707107 0.0
0.0 0.842 -0.03 1.0 0.0 0.0 0.0 1.0
0.10439 0.0305 -0.01223 1.0 0.999663 0.020689 -0.013763 0.007529
-0.10439 0.0305 -0.01223 1.0 0.999663 -0.020689 0.013763 0.007529
0.0 0.11713 0.0 1.0 0.103649 0.0 0.0 0.994614
0.0 0.40298 0.0 1.0 0.245325 -0.00031 -0.04251 0.968508
0.0 0.40298 0.0 1.0 0.245325 0.00031 0.04251 0.968508
0.0 0.11353 0.0 1.0 -0.096095 0.000001 0.0 0.995372
0.0 0.40596 0.0 1.0 -0.722088 -0.079753 0.037893 0.686144
0.0 0.40596 0.0 1.0 -0.722088 0.079753 -0.037893 0.686144
0.0 0.14148 0.0 1.0 -0.010324 -0.000001 0.0 0.999947
0.0 0.1733 0.0 1.0 -0.179058 0.005342 0.021538 0.983588
0.0 0.1733 0.0 1.0 -0.179058 -0.005343 -0.021538 0.983588
0.0 0.24687 0.0 1.0 0.205912 0.0 0.0 0.97857
0.05 0.20606 -0.00339 1.0 -0.542989 -0.32801 -0.627472 0.4515
-0.05 0.20606 -0.00339 1.0 -0.542989 0.32801 0.627471 0.4515
0.0 0.11937 0.0 1.0 -0.177614 0.029048 0.180017 0.967059
0.0 0.11937 0.0 1.0 -0.177614 -0.029048 -0.180018 0.967059
0.0 0.09951 0.0 1.0 0.030305 0.0 0.0 0.999541
0.0 0.1329 0.0 1.0 0.0 0.011381 0.0 0.999935
0.0 0.1329 0.0 1.0 0.0 -0.011381 0.0 0.999935
0.054 0.12356 0.10523 1.0 -0.000163 0.730707 0.682691 0.000152
-0.054 0.12356 0.10523 1.0 0.000163 0.730707 0.682691 -0.000152
0.0 0.1329 0.0 1.0 -0.047202 0.003316 -0.332376 0.941959
0.0 0.1329 0.0 1.0 -0.047202 -0.003317 0.332376 0.941959
-0.03957 0.16679 -0.00162 1.0 0.142105 -0.604417 0.285538 0.730037
0.03957 0.16679 -0.00162 1.0 0.142106 0.604417 -0.285538 0.730037
0.0 0.2624 0.0 1.0 0.202463 -0.042896 0.069548 0.975875
0.0 0.2624 0.0 1.0 0.202463 0.042896 -0.069548 0.975875
0.0 0.13077 0.0 1.0 -0.04751 0.087076 0.024633 0.994763
0.0 0.13077 0.0 1.0 -0.04751 -0.087077 -0.024633 0.994763
0.00718 0.07562 -0.04315 1.0 -0.020939 -0.012473 0.023005 0.999438
-0.00718 0.07562 -0.04315 1.0 -0.020939 0.012473 -0.023005 0.999438
0.04641 0.1142 -0.0041 1.0 -0.069963 0.118305 -0.193917 0.971342
-0.04641 0.1142 -0.0041 1.0 -0.069967 -0.118302 0.193917 0.971342
0.0198 0.12271 0.00007 1.0 -0.084441 0.026319 -0.04193 0.995198
-0.0198 0.12271 0.00007 1.0 -0.084441 -0.026319 0.04193 0.995198
-0.02942 0.11104 -0.00169 1.0 -0.124381 -0.119509 0.173396 0.969629
0.02942 0.11104 -0.00169 1.0 -0.124381 0.119509 -0.173396 0.969629
-0.00705 0.12057 -0.00087 1.0 -0.065424 -0.024988 0.041556 0.996679
0.00705 0.12057 -0.00087 1.0 -0.065427 0.024991 -0.041556 0.996678
0.03234 0.03392 -0.01127 1.0 0.110514 0.463106 -0.46147 0.748575
-0.03234 0.03392 -0.01127 1.0 0.110514 -0.463106 0.46147 0.748575
0.0 0.13612 0.0 1.0 -0.054525 0.085912 0.011305 0.994745
0.0 0.13612 0.0 1.0 -0.054525 -0.085912 -0.011305 0.994745
0.0 0.03329 0.0 1.0 -0.061051 -0.000004 -0.000001 0.998135
0.0 0.03329 0.0 1.0 -0.061048 0.0 0.0 0.998135
0.0 0.03781 0.0 1.0 -0.061049 -0.000001 0.0 0.998135
0.0 0.03781 0.0 1.0 -0.061049 0.000001 0.0 0.998135
0.0 0.0258 0.0 1.0 -0.061049 0.0 0.0 0.998135
0.0 0.0258 0.0 1.0 -0.06105 0.0 0.0 0.998135
0.0 0.03416 0.0 1.0 -0.061051 -0.000003 0.0 0.998135
0.0 0.03416 0.0 1.0 -0.061049 0.000001 0.0 0.998135
0.0 0.03794 0.0 1.0 -0.086195 -0.000574 0.006638 0.996256
0.0 0.03794 0.0 1.0 -0.086196 0.000574 -0.006638 0.996256
0.0 0.02674 0.0 1.0 -0.043619 0.000001 0.000001 0.999048
0.0 0.02674 0.0 1.0 -0.043619 -0.000001 -0.000001 0.999048
0.0 0.03015 0.0 1.0 -0.043618 0.000001 0.0 0.999048
0.0 0.03015 0.0 1.0 -0.043618 -0.000001 0.0 0.999048
0.0 0.02184 0.0 1.0 -0.04362 -0.000001 0.0 0.999048
0.0 0.02184 0.0 1.0 -0.04362 0.000001 0.0 0.999048
0.0 0.02809 0.0 1.0 -0.04362 0.0 0.0 0.999048
0.0 0.02809 0.0 1.0 -0.04362 0.0 0.0 0.999048
0.0 0.03551 0.0 1.0 -0.028693 -0.005283 0.025885 0.999239
0.0 0.03551 0.0 1.0 -0.028693 0.005283 -0.025885 0.999239


##### Pose: 2 ##############################################

0.0 0.0 0.0 1.0 0.0 0.707107 0.707107 0.0
0.0 0.842 -0.045 1.0 0.0 0.0 0.0 1.0
0.1044 0.03028 -0.01047 1.0 0.999456 0.019434 -0.012915 0.023312
-0.1044 0.03028 -0.01047 1.0 0.999456 -0.019417 0.01292 0.023313
0.0 0.11713 0.0 1.0 0.103649 0.0 0.0 0.994614
0.0 0.40298 0.0 1.0 0.259934 -0.000312 -0.044917 0.964581
0.0 0.40298 0.0 1.0 0.259934 0.000312 0.044917 0.964581
0.0 0.11353 0.0 1.0 -0.096095 0.000001 0.0 0.995372
0.0 0.40596 0.0 1.0 -0.721528 -0.080449 0.038658 0.686608
0.0 0.40596 0.0 1.0 -0.721528 0.080449 -0.038658 0.686608
0.0 0.14148 0.0 1.0 -0.010324 -0.000001 0.0 0.999947
0.0 0.1733 0.0 1.0 -0.179058 0.005342 0.021538 0.983588
0.0 0.1733 0.0 1.0 -0.179058 -0.005343 -0.021538 0.983588
0.0 0.24687 0.0 1.0 0.214444 0.0 0.0 0.976736
0.05 0.20606 -0.00339 1.0 -0.548472 -0.321506 -0.629409 0.446829
-0.05 0.20606 -0.00339 1.0 -0.548472 0.321506 0.629409 0.446829
0.0 0.11937 0.0 1.0 -0.151354 0.018138 0.106368 0.982573
0.0 0.11937 0.0 1.0 -0.151354 -0.018138 -0.106369 0.982573
0.0 0.09951 0.0 1.0 0.039026 0.0 0.0 0.999238
0.0 0.1329 0.0 1.0 0.0 0.007708 0.0 0.99997
0.0 0.1329 0.0 1.0 0.0 -0.007708 0.0 0.99997
0.054 0.12356 0.10523 1.0 -0.000163 0.730707 0.682691 0.000152
-0.054 0.12356 0.10523 1.0 0.000163 0.730707 0.682691 -0.000152
0.0 0.1329 0.0 1.0 -0.03602 0.003908 -0.265352 0.963471
0.0 0.1329 0.0 1.0 -0.03602 -0.003908 0.265352 0.963471
-0.03957 0.16679 -0.00162 1.0 0.142105 -0.604417 0.285538 0.730037
0.03957 0.16679 -0.00162 1.0 0.142106 0.604417 -0.285538 0.730037
0.0 0.2624 0.0 1.0 0.173158 -0.054385 0.076485 0.980413
0.0 0.2624 0.0 1.0 0.173158 0.054385 -0.076484 0.980413
0.0 0.13077 0.0 1.0 -0.04751 0.087076 0.024633 0.994763
0.0 0.13077 0.0 1.0 -0.04751 -0.087077 -0.024633 0.994763
0.00718 0.07562 -0.04315 1.0 -0.020939 -0.012473 0.023005 0.999438
-0.00718 0.07562 -0.04315 1.0 -0.020939 0.012473 -0.023005 0.999438
0.04641 0.1142 -0.0041 1.0 -0.069963 0.118305 -0.193917 0.971342
-0.04641 0.1142 -0.0041 1.0 -0.069967 -0.118302 0.193917 0.971342
0.0198 0.12271 0.00007 1.0 -0.084441 0.026319 -0.04193 0.995198
-0.0198 0.12271 0.00007 1.0 -0.084441 -0.026319 0.04193 0.995198
-0.02942 0.11104 -0.00169 1.0 -0.124381 -0.119509 0.173396 0.969629
0.02942 0.11104 -0.00169 1.0 -0.124381 0.119509 -0.173396 0.969629
-0.00705 0.12057 -0.00087 1.0 -0.065424 -0.024988 0.041556 0.996679
0.00705 0.12057 -0.00087 1.0 -0.065427 0.024991 -0.041556 0.996678
0.03234 0.03392 -0.01127 1.0 0.110514 0.463106 -0.46147 0.748575
-0.03234 0.03392 -0.01127 1.0 0.110514 -0.463106 0.46147 0.748575
0.0 0.13612 0.0 1.0 -0.054525 0.085912 0.011305 0.994745
0.0 0.13612 0.0 1.0 -0.054525 -0.085912 -0.011305 0.994745
0.0 0.03329 0.0 1.0 -0.061051 -0.000004 -0.000001 0.998135
0.0 0.03329 0.0 1.0 -0.061048 0.0 0.0 0.998135
0.0 0.03781 0.0 1.0 -0.061049 -0.000001 0.0 0.998135
0.0 0.03781 0.0 1.0 -0.061049 0.000001 0.0 0.998135
0.0 0.0258 0.0 1.0 -0.061049 0.0 0.0 0.998135
0.0 0.0258 0.0 1.0 -0.06105 0.0 0.0 0.998135
0.0 0.03416 0.0 1.0 -0.061051 -0.000003 0.0 0.998135
0.0 0.03416 0.0 1.0 -0.061049 0.000001 0.0 0.998135
0.0 0.03794 0.0 1.0 -0.086195 -0.000574 0.006638 0.996256
0.0 0.03794 0.0 1.0 -0.086196 0.000574 -0.006638 0.996256
0.0 0.02674 0.0 1.0 -0.043619 0.000001 0.000001 0.999048
0.0 0.02674 0.0 1.0 -0.043619 -0.000001 -0.000001 0.999048
0.0 0.03015 0.0 1.0 -0.043618 0.000001 0.0 0.999048
0.0 0.03015 0.0 1.0 -0.043618 -0.000001 0.0 0.999048
0.0 0.02184 0.0 1.0 -0.04362 -0.000001 0.0 0.999048
0.0 0.02184 0.0 1.0 -0.04362 0.000001 0.0 0.999048
0.0 0.02809 0.0 1.0 -0.04362 0.0 0.0 0.999048
0.0 0.02809 0.0 1.0 -0.04362 0.0 0.0 0.999048
0.0 0.03551 0.0 1.0 -0.028693 -0.005283 0.025885 0.999239
0.0 0.03551 0.0 1.0 -0.028693 0.005283 -0.025885 0.999239