# SQEE Animation Format


################################################################################

SECTION Header

BoneCount 65
PoseCount 10
TotalTime 80

Times 8 8 8 8 8 8 8 8 8 8


################################################################################

SECTION Poses


##### Pose: 0 ##############################################

0.0 0.0 0.0 1.0 0.0 0.707107 0.707107 0.0
0.02 0.847 0.01 1.0 0.0 0.0 0.0 1.0
0.10083 0.02588 0.0076 1.0 0.989898 -0.006228 -0.006543 0.141497
-0.10799 0.03427 0.00479 1.0 0.96556 -0.015448 0.005056 0.259673
0.0 0.11713 0.0 1.0 0.172718 0.004523 0.025783 0.984623
0.0 0.40298 0.0 1.0 0.331152 -0.000267 -0.058202 0.941781
0.0 0.40298 0.0 1.0 0.546388 0.000387 0.086772 0.833025
0.0 0.11353 0.0 1.0 -0.122113 -0.001944 -0.008507 0.992478
0.0 0.40596 0.0 1.0 -0.694365 -0.038493 0.039631 0.717499
0.0 0.40596 0.0 1.0 -0.69143 0.031041 -0.091111 0.716003
0.0 0.14148 0.0 1.0 -0.071348 -0.000272 -0.008722 0.997413
0.0 0.1733 0.0 1.0 -0.179058 0.005342 0.021538 0.983588
0.0 0.1733 0.0 1.0 -0.179058 -0.005343 -0.021538 0.983588
0.0 0.24687 0.0 1.0 0.137148 -0.000423 -0.004343 0.990541
0.05338 0.22008 -0.07062 1.0 -0.533142 -0.379202 -0.593206 0.469118
-0.05 0.20606 -0.00339 1.0 -0.534525 0.378746 0.596416 0.463813
0.0 0.11937 0.0 1.0 -0.474933 0.031582 -0.049705 0.878049
0.0 0.11937 0.0 1.0 -0.43146 -0.017873 0.129912 0.89255
0.0 0.09951 0.0 1.0 -0.083041 -0.000659 -0.004313 0.996537
0.0 0.1329 0.0 1.0 0.0 0.042481 0.0 0.999097
0.0 0.1329 0.0 1.0 0.0 -0.041332 0.0 0.999146
0.054 0.12356 0.10523 1.0 -0.000163 0.730707 0.682691 0.000152
-0.054 0.12356 0.10523 1.0 0.000163 0.730707 0.682691 -0.000152
0.0 0.1329 0.0 1.0 -0.060912 0.004373 -0.267645 0.96158
0.0 0.1329 0.0 1.0 -0.053033 -0.004443 0.24866 0.967128
-0.03957 0.16679 -0.00162 1.0 -0.007737 -0.489627 0.427294 0.760017
0.03957 0.16679 -0.00162 1.0 -0.041363 0.49122 -0.423682 0.759925
0.0 0.2624 0.0 1.0 0.004311 -0.10994 0.206912 0.972153
0.0 0.2624 0.0 1.0 -0.020251 0.153988 -0.26153 0.952617
0.0 0.13077 0.0 1.0 -0.050289 -0.128321 -0.235142 0.96214
0.0 0.13077 0.0 1.0 -0.063751 0.124945 0.217383 0.965955
0.00718 0.07562 -0.04315 1.0 -0.020939 -0.012473 0.023005 0.999438
-0.00718 0.07562 -0.04315 1.0 -0.020939 0.012473 -0.023005 0.999438
0.04641 0.1142 -0.0041 1.0 -0.204192 0.119044 -0.170355 0.956616
-0.04641 0.1142 -0.00409 1.0 -0.204138 -0.11904 0.170366 0.956626
0.0198 0.12271 0.00007 1.0 -0.218046 0.028183 -0.037696 0.974803
-0.0198 0.12271 0.00007 1.0 -0.218046 -0.028183 0.037696 0.974803
-0.02942 0.11104 -0.00169 1.0 -0.253489 -0.123201 0.151819 0.947373
0.02942 0.11104 -0.00169 1.0 -0.253481 0.123201 -0.15182 0.947375
-0.00705 0.12057 -0.00087 1.0 -0.202765 -0.025162 0.037353 0.978191
0.00705 0.12057 -0.00087 1.0 -0.202769 0.025164 -0.037353 0.97819
0.03234 0.03392 -0.01127 1.0 0.098115 0.51766 -0.381211 0.759658
-0.03234 0.03392 -0.01127 1.0 0.098112 -0.517672 0.381191 0.75966
0.0 0.13612 0.0 1.0 -0.054659 0.212186 0.135062 0.966306
0.0 0.13612 0.0 1.0 -0.059728 -0.210932 -0.140577 0.965494
0.0 0.03329 0.0 1.0 -0.211691 -0.000004 -0.000001 0.977337
0.0 0.03329 0.0 1.0 -0.211688 0.0 0.0 0.977337
0.0 0.03781 0.0 1.0 -0.211689 -0.000001 0.0 0.977337
0.0 0.03781 0.0 1.0 -0.211689 0.000001 0.0 0.977337
0.0 0.0258 0.0 1.0 -0.200211 0.0 0.0 0.979753
0.0 0.0258 0.0 1.0 -0.200541 0.0 0.0 0.979685
0.0 0.03416 0.0 1.0 -0.211691 -0.000003 -0.000001 0.977337
0.0 0.03416 0.0 1.0 -0.211688 0.000001 0.0 0.977337
0.0 0.03794 0.0 1.0 -0.155783 0.026004 0.038256 0.986708
0.0 0.03794 0.0 1.0 -0.155787 -0.026005 -0.038258 0.986707
0.0 0.02674 0.0 1.0 -0.159727 0.000001 0.000001 0.987161
0.0 0.02674 0.0 1.0 -0.160466 -0.000001 -0.000001 0.987041
0.0 0.03015 0.0 1.0 -0.159727 0.000001 0.0 0.987161
0.0 0.03015 0.0 1.0 -0.160466 -0.000001 0.0 0.987042
0.0 0.02184 0.0 1.0 -0.153506 -0.000001 0.0 0.988148
0.0 0.02184 0.0 1.0 -0.153471 0.000001 0.0 0.988153
0.0 0.02809 0.0 1.0 -0.159728 0.0 0.0 0.987161
0.0 0.02809 0.0 1.0 -0.160467 0.0 0.0 0.987041
0.0 0.03551 0.0 1.0 -0.091791 -0.002931 0.029253 0.995344
0.0 0.03551 0.0 1.0 -0.091791 0.00293 -0.029253 0.995344


##### Pose: 1 ##############################################

0.0 0.0 0.0 1.0 0.0 0.707107 0.707107 0.0
0.015 0.847 0.01 1.0 0.0 0.017452 0.0 0.999848
0.10155 0.02637 -0.00125 1.0 0.997459 -0.00183 0.007259 0.070854
-0.10763 0.03543 0.0171 1.0 0.951314 -0.019191 0.020088 0.30697
0.0 0.11713 0.0 1.0 0.172294 -0.00558 0.018692 0.984852
0.0 0.40298 0.0 1.0 0.308548 -0.000253 -0.054868 0.949625
0.0 0.40298 0.0 1.0 0.496358 0.000428 0.077489 0.864653
0.0 0.11353 0.0 1.0 -0.122147 -0.027461 -0.00267 0.992128
0.0 0.40596 0.0 1.0 -0.710821 -0.037436 0.042296 0.701101
0.0 0.40596 0.0 1.0 -0.676133 0.035686 -0.08016 0.731536
0.0 0.14148 0.0 1.0 -0.071472 -0.00011 -0.003487 0.997437
0.0 0.1733 0.0 1.0 -0.218242 0.004344 0.021767 0.975642
0.0 0.1733 0.0 1.0 -0.179058 -0.005343 -0.021538 0.983588
0.0 0.24687 0.0 1.0 0.137098 0.008516 -0.002583 0.990517
0.05338 0.22008 -0.07062 1.0 -0.542233 -0.372591 -0.617922 0.430501
-0.05 0.20606 -0.00339 1.0 -0.526231 0.384612 0.585975 0.481443
0.0 0.11937 0.0 1.0 -0.425724 -0.024486 -0.236146 0.873152
0.0 0.11937 0.0 1.0 -0.47106 -0.067594 -0.082826 0.875599
0.0 0.09951 0.0 1.0 -0.083053 0.008363 -0.003044 0.996505
0.0 0.1329 0.0 1.0 0.0 0.037082 0.0 0.999312
0.0 0.1329 0.0 1.0 0.0 -0.04048 0.0 0.99918
0.054 0.12356 0.10523 1.0 -0.000163 0.730707 0.682691 0.000152
-0.054 0.12356 0.10523 1.0 0.000163 0.730707 0.682691 -0.000152
0.0 0.1329 0.0 1.0 -0.034803 0.006517 -0.028794 0.998958
0.0 0.1329 0.0 1.0 -0.069642 -0.003204 0.376599 0.92375
-0.03957 0.16679 -0.00162 1.0 -0.033584 -0.489878 0.428373 0.758543
0.03957 0.16679 -0.00162 1.0 -0.007751 0.489799 -0.42626 0.760487
0.0 0.2624 0.0 1.0 -0.032754 -0.185492 0.125925 0.973993
0.0 0.2624 0.0 1.0 0.003226 0.04398 -0.205896 0.97758
0.0 0.13077 0.0 1.0 -0.064299 -0.12774 -0.217022 0.965634
0.0 0.13077 0.0 1.0 -0.046798 0.128197 0.240839 0.960922
0.00718 0.07562 -0.04315 1.0 -0.020939 -0.012473 0.023005 0.999438
-0.00718 0.07562 -0.04315 1.0 -0.020939 0.012473 -0.023005 0.999438
0.04641 0.1142 -0.0041 1.0 -0.204192 0.119044 -0.170355 0.956616
-0.04641 0.1142 -0.00409 1.0 -0.204138 -0.119041 0.170366 0.956626
0.0198 0.12271 0.00007 1.0 -0.218046 0.028183 -0.037696 0.974803
-0.0198 0.12271 0.00007 1.0 -0.218046 -0.028183 0.037696 0.974803
-0.02942 0.11104 -0.00169 1.0 -0.253489 -0.123201 0.151819 0.947373
0.02942 0.11104 -0.00169 1.0 -0.253481 0.123201 -0.15182 0.947375
-0.00705 0.12057 -0.00087 1.0 -0.202765 -0.025162 0.037353 0.978191
0.00705 0.12057 -0.00087 1.0 -0.202769 0.025164 -0.037353 0.97819
0.03234 0.03392 -0.01127 1.0 0.098115 0.51766 -0.381211 0.759658
-0.03234 0.03392 -0.01127 1.0 0.098112 -0.517672 0.381191 0.75966
0.0 0.13612 0.0 1.0 -0.05972 0.209998 0.140469 0.965714
0.0 0.13612 0.0 1.0 -0.053388 -0.212904 -0.13333 0.96646
0.0 0.03329 0.0 1.0 -0.211691 -0.000004 -0.000001 0.977337
0.0 0.03329 0.0 1.0 -0.211688 0.0 0.0 0.977337
0.0 0.03781 0.0 1.0 -0.211689 -0.000001 0.0 0.977337
0.0 0.03781 0.0 1.0 -0.211689 0.000001 0.0 0.977337
0.0 0.0258 0.0 1.0 -0.200211 0.0 0.0 0.979753
0.0 0.0258 0.0 1.0 -0.200541 0.0 0.0 0.979685
0.0 0.03416 0.0 1.0 -0.211691 -0.000003 -0.000001 0.977337
0.0 0.03416 0.0 1.0 -0.211688 0.000001 0.0 0.977337
0.0 0.03794 0.0 1.0 -0.155783 0.026004 0.038256 0.986708
0.0 0.03794 0.0 1.0 -0.155787 -0.026005 -0.038258 0.986707
0.0 0.02674 0.0 1.0 -0.159727 0.000001 0.000001 0.987161
0.0 0.02674 0.0 1.0 -0.160466 -0.000001 -0.000001 0.987041
0.0 0.03015 0.0 1.0 -0.159727 0.000001 0.0 0.987161
0.0 0.03015 0.0 1.0 -0.160466 -0.000001 0.0 0.987042
0.0 0.02184 0.0 1.0 -0.153506 -0.000001 0.0 0.988148
0.0 0.02184 0.0 1.0 -0.153471 0.000001 0.0 0.988153
0.0 0.0281 0.0 1.0 -0.159728 0.0 0.0 0.987161
0.0 0.0281 0.0 1.0 -0.160467 0.0 0.0 0.987041
0.0 0.03551 0.0 1.0 -0.091791 -0.002931 0.029253 0.995344
0.0 0.03551 0.0 1.0 -0.091791 0.00293 -0.029253 0.995344


##### Pose: 2 ##############################################

0.0 0.0 0.0 1.0 0.0 0.707107 0.707107 0.0
0.0 0.817 0.01 1.0 0.0 0.052336 0.0 0.99863
0.10576 0.03229 -0.01301 1.0 0.997127 -0.002222 0.034393 0.067455
-0.10797 0.0391 0.02836 1.0 0.963628 -0.033949 0.063892 0.257269
0.0 0.11713 0.0 1.0 0.198363 -0.02542 0.006544 0.979777
0.0 0.40298 0.0 1.0 0.464777 -0.000241 -0.082388 0.881586
0.0 0.40298 0.0 1.0 0.215628 0.000489 0.033546 0.975899
0.0 0.11353 0.0 1.0 -0.121333 -0.110352 0.025242 0.986136
0.0 0.40596 0.0 1.0 -0.644974 -0.02144 0.067983 0.760873
0.0 0.40596 0.0 1.0 -0.625463 0.033918 -0.043791 0.778285
0.0 0.14148 0.0 1.0 -0.07992 0.000046 0.001514 0.9968
0.0 0.1733 0.0 1.0 -0.427508 -0.001273 0.022399 0.903733
0.0 0.1733 0.0 1.0 -0.264095 -0.003156 -0.021993 0.964241
0.0 0.24687 0.0 1.0 0.128443 0.043522 -0.0031 0.990757
0.05338 0.22008 -0.07062 1.0 -0.538129 -0.37777 -0.631913 0.410358
-0.05 0.20606 -0.00339 1.0 -0.510868 0.401933 0.578936 0.492236
0.0 0.11937 0.0 1.0 -0.337628 -0.026325 -0.292314 0.894353
0.0 0.11937 0.0 1.0 -0.471619 -0.089875 -0.232156 0.845932
0.0 0.09951 0.0 1.0 -0.091647 0.043175 -0.006213 0.994836
0.0 0.1329 0.0 1.0 0.0 0.030209 0.0 0.999544
0.0 0.1329 0.0 1.0 0.0 -0.036299 0.0 0.999341
0.054 0.12356 0.10523 1.0 -0.000163 0.730707 0.682691 0.000152
-0.054 0.12356 0.10523 1.0 0.000163 0.730707 0.682691 -0.000152
0.0 0.1329 0.0 1.0 -0.021269 0.006542 -0.000261 0.999752
0.0 0.1329 0.0 1.0 -0.090034 -0.003312 0.399308 0.912379
-0.03957 0.16679 -0.00162 1.0 -0.001012 -0.642127 0.475313 0.601456
0.03957 0.16679 -0.00162 1.0 -0.015649 0.570926 -0.397984 0.717918
0.0 0.2624 0.0 1.0 -0.07745 -0.2101 0.100445 0.969418
0.0 0.2624 0.0 1.0 -0.021341 -0.096719 -0.094856 0.990552
0.0 0.13077 0.0 1.0 -0.011953 -0.113833 -0.214423 0.970011
0.0 0.13077 0.0 1.0 -0.069763 0.083236 0.309206 0.944773
0.00718 0.07562 -0.04315 1.0 -0.020939 -0.012473 0.023005 0.999438
-0.00718 0.07562 -0.04315 1.0 -0.020939 0.012473 -0.023005 0.999438
0.04641 0.1142 -0.0041 1.0 -0.204192 0.119044 -0.170355 0.956616
-0.04641 0.1142 -0.00409 1.0 -0.204138 -0.11904 0.170366 0.956626
0.0198 0.12271 0.00007 1.0 -0.218046 0.028183 -0.037696 0.974803
-0.0198 0.12271 0.00007 1.0 -0.218046 -0.028183 0.037696 0.974803
-0.02942 0.11104 -0.00169 1.0 -0.253489 -0.123201 0.151819 0.947373
0.02942 0.11104 -0.00169 1.0 -0.253481 0.123201 -0.15182 0.947375
-0.00705 0.12057 -0.00087 1.0 -0.202765 -0.025162 0.037353 0.978191
0.00705 0.12057 -0.00087 1.0 -0.202769 0.025164 -0.037353 0.97819
0.03234 0.03392 -0.01127 1.0 0.098115 0.51766 -0.381211 0.759658
-0.03234 0.03392 -0.01127 1.0 0.098112 -0.517672 0.381191 0.75966
0.0 0.13612 0.0 1.0 -0.020828 0.218867 0.162267 0.961942
0.0 0.13612 0.0 1.0 -0.089476 -0.214143 -0.108842 0.966587
0.0 0.03329 0.0 1.0 -0.211691 -0.000004 -0.000001 0.977337
0.0 0.03329 0.0 1.0 -0.211688 0.0 0.0 0.977337
0.0 0.03781 0.0 1.0 -0.211689 -0.000001 0.0 0.977337
0.0 0.03781 0.0 1.0 -0.211689 0.000001 0.0 0.977337
0.0 0.0258 0.0 1.0 -0.200211 0.0 0.0 0.979753
0.0 0.0258 0.0 1.0 -0.200541 0.0 0.0 0.979685
0.0 0.03416 0.0 1.0 -0.211691 -0.000003 -0.000001 0.977337
0.0 0.03416 0.0 1.0 -0.211688 0.000001 0.0 0.977337
0.0 0.03794 0.0 1.0 -0.155783 0.026004 0.038256 0.986708
0.0 0.03794 0.0 1.0 -0.155787 -0.026005 -0.038258 0.986707
0.0 0.02674 0.0 1.0 -0.159727 0.000001 0.000001 0.987161
0.0 0.02674 0.0 1.0 -0.160466 -0.000001 -0.000001 0.987041
0.0 0.03015 0.0 1.0 -0.159727 0.000001 0.0 0.987161
0.0 0.03015 0.0 1.0 -0.160466 -0.000001 0.0 0.987042
0.0 0.02184 0.0 1.0 -0.153506 -0.000001 0.0 0.988148
0.0 0.02184 0.0 1.0 -0.153471 0.000001 0.0 0.988153
0.0 0.0281 0.0 1.0 -0.159728 0.0 0.0 0.987161
0.0 0.02809 0.0 1.0 -0.160467 0.0 0.0 0.987041
0.0 0.03551 0.0 1.0 -0.091791 -0.002931 0.029253 0.995344
0.0 0.03551 0.0 1.0 -0.091791 0.002931 -0.029253 0.995344


##### Pose: 3 ##############################################

0.0 0.0 0.0 1.0 0.0 0.707107 0.707107 0.0
0.0 0.807 0.01 1.0 0.0 0.061049 0.0 0.998135
0.10783 0.03749 -0.02409 1.0 0.998555 -0.002981 0.040324 0.035409
-0.10868 0.03953 0.02677 1.0 0.95119 -0.034098 0.069219 0.298803
0.0 0.11713 0.0 1.0 0.198298 -0.033969 0.008275 0.979518
0.0 0.40298 0.0 1.0 0.523761 -0.000203 -0.094726 0.846582
0.0 0.40298 0.0 1.0 0.292762 0.000491 0.045204 0.955116
0.0 0.11353 0.0 1.0 -0.121333 -0.110352 0.025242 0.986136
0.0 0.40596 0.0 1.0 -0.62182 -0.013589 0.074399 0.7795
0.0 0.40596 0.0 1.0 -0.534862 0.025176 -0.048774 0.843155
0.0 0.14148 0.0 1.0 -0.07992 0.000046 0.001514 0.9968
0.0 0.1733 0.0 1.0 -0.330708 0.001388 0.022237 0.94347
0.0 0.1733 0.0 1.0 -0.179058 -0.005343 -0.021538 0.983588
0.0 0.24687 0.0 1.0 0.128443 0.043522 -0.0031 0.990757
0.05338 0.22008 -0.07062 1.0 -0.532086 -0.377166 -0.681147 0.33267
-0.05 0.20606 -0.00339 1.0 -0.502738 0.41321 0.576398 0.494244
0.0 0.11937 0.0 1.0 -0.25997 -0.025383 -0.26634 0.927811
0.0 0.11937 0.0 1.0 -0.474339 -0.076541 -0.244605 0.842207
0.0 0.09951 0.0 1.0 -0.091647 0.043175 -0.006213 0.994836
0.0 0.1329 0.0 1.0 0.0 0.029819 0.0 0.999555
0.0 0.1329 0.0 1.0 0.0 -0.031785 0.0 0.999495
0.054 0.12356 0.10523 1.0 -0.000163 0.730707 0.682691 0.000152
-0.054 0.12356 0.10523 1.0 0.000163 0.730707 0.682691 -0.000152
0.0 0.1329 0.0 1.0 -0.002793 0.006229 0.005273 0.999963
0.0 0.1329 0.0 1.0 -0.104324 -0.004542 0.323748 0.940363
-0.03957 0.16679 -0.00162 1.0 -0.00564 -0.639603 0.475978 0.60359
0.03957 0.16679 -0.00162 1.0 -0.012965 0.509959 -0.384736 0.769254
0.0 0.2624 0.0 1.0 -0.093603 -0.192702 0.081319 0.973392
0.0 0.2624 0.0 1.0 -0.017098 -0.12297 -0.032354 0.991736
0.0 0.13077 0.0 1.0 0.054817 -0.101283 -0.158944 0.980548
0.0 0.13077 0.0 1.0 -0.061717 0.042203 0.314785 0.946214
0.00718 0.07562 -0.04315 1.0 -0.020939 -0.012473 0.023005 0.999438
-0.00718 0.07562 -0.04315 1.0 -0.020939 0.012473 -0.023005 0.999438
0.04641 0.1142 -0.0041 1.0 -0.204192 0.119044 -0.170355 0.956616
-0.04641 0.1142 -0.00409 1.0 -0.204138 -0.11904 0.170366 0.956626
0.0198 0.12271 0.00007 1.0 -0.218046 0.028183 -0.037696 0.974803
-0.0198 0.12271 0.00007 1.0 -0.218046 -0.028183 0.037696 0.974803
-0.02942 0.11104 -0.00169 1.0 -0.253489 -0.123201 0.151819 0.947373
0.02942 0.11104 -0.00169 1.0 -0.253481 0.123201 -0.15182 0.947375
-0.00705 0.12057 -0.00087 1.0 -0.202765 -0.025162 0.037353 0.978191
0.00705 0.12057 -0.00087 1.0 -0.202769 0.025164 -0.037353 0.97819
0.03234 0.03392 -0.01127 1.0 0.098115 0.51766 -0.381211 0.759658
-0.03234 0.03392 -0.01127 1.0 0.098112 -0.517672 0.381191 0.75966
0.0 0.13612 0.0 1.0 0.041066 0.226089 0.222148 0.947548
0.0 0.13612 0.0 1.0 -0.089476 -0.214143 -0.108842 0.966587
0.0 0.03329 0.0 1.0 -0.211691 -0.000004 -0.000001 0.977337
0.0 0.03329 0.0 1.0 -0.211688 0.0 0.0 0.977337
0.0 0.03781 0.0 1.0 -0.211689 -0.000001 0.0 0.977337
0.0 0.03781 0.0 1.0 -0.211689 0.000001 0.0 0.977337
0.0 0.0258 0.0 1.0 -0.200211 0.0 0.0 0.979753
0.0 0.0258 0.0 1.0 -0.200541 0.0 0.0 0.979685
0.0 0.03416 0.0 1.0 -0.211691 -0.000003 -0.000001 0.977337
0.0 0.03416 0.0 1.0 -0.211688 0.000001 0.0 0.977337
0.0 0.03794 0.0 1.0 -0.155783 0.026004 0.038256 0.986708
0.0 0.03794 0.0 1.0 -0.155787 -0.026005 -0.038258 0.986707
0.0 0.02674 0.0 1.0 -0.159727 0.000001 0.000001 0.987161
0.0 0.02674 0.0 1.0 -0.160466 -0.000001 -0.000001 0.987041
0.0 0.03015 0.0 1.0 -0.159727 0.000001 0.0 0.987161
0.0 0.03015 0.0 1.0 -0.160466 -0.000001 0.0 0.987042
0.0 0.02184 0.0 1.0 -0.153506 -0.000001 0.0 0.988148
0.0 0.02184 0.0 1.0 -0.153471 0.000001 0.0 0.988153
0.0 0.0281 0.0 1.0 -0.159728 0.0 0.0 0.987161
0.0 0.02809 0.0 1.0 -0.160467 0.0 0.0 0.987041
0.0 0.03551 0.0 1.0 -0.091791 -0.002931 0.029253 0.995344
0.0 0.03551 0.0 1.0 -0.091791 0.002931 -0.029253 0.995344


##### Pose: 4 ##############################################

0.0 0.0 0.0 1.0 0.0 0.707107 0.707107 0.0
-0.015 0.827 0.01 1.0 0.0 0.030538 0.0 0.999534
0.10778 0.03453 -0.01056 1.0 0.985829 0.004567 0.016519 0.166873
-0.10351 0.03065 0.01892 1.0 0.968116 -0.00549 0.033438 0.248199
0.0 0.11713 0.0 1.0 0.186304 -0.020223 -0.012995 0.982198
0.0 0.40298 0.0 1.0 0.565565 -0.000297 -0.095248 0.819185
0.0 0.40298 0.0 1.0 0.363975 0.000351 0.060675 0.92943
0.0 0.11353 0.0 1.0 -0.121654 -0.053095 0.02109 0.990927
0.0 0.40596 0.0 1.0 -0.671028 -0.018671 0.090142 0.735695
0.0 0.40596 0.0 1.0 -0.638017 0.055775 -0.036412 0.767136
0.0 0.14148 0.0 1.0 -0.075332 0.000206 0.00423 0.99715
0.0 0.1733 0.0 1.0 -0.255672 0.003376 0.021955 0.966509
0.0 0.1733 0.0 1.0 -0.179058 -0.005343 -0.021538 0.983588
0.0 0.24687 0.0 1.0 0.132942 0.021958 0.000181 0.990881
0.05338 0.22008 -0.07062 1.0 -0.541199 -0.370127 -0.659209 0.368176
-0.05 0.20606 -0.00339 1.0 -0.517887 0.392983 0.581721 0.488834
0.0 0.11937 0.0 1.0 -0.320263 -0.027356 -0.268182 0.908164
0.0 0.11937 0.0 1.0 -0.486001 -0.092015 -0.187489 0.848636
0.0 0.09951 0.0 1.0 -0.087328 0.021864 -0.001384 0.995939
0.0 0.1329 0.0 1.0 0.0 0.03281 0.0 0.999462
0.0 0.1329 0.0 1.0 0.0 -0.041089 0.0 0.999156
0.054 0.12356 0.10523 1.0 -0.000163 0.730707 0.682691 0.000152
-0.054 0.12356 0.10523 1.0 0.000163 0.730707 0.682691 -0.000152
0.0 0.1329 0.0 1.0 -0.009266 0.006357 0.005136 0.999924
0.0 0.1329 0.0 1.0 -0.081544 -0.002829 0.42372 0.902111
-0.03957 0.16679 -0.00162 1.0 -0.01069 -0.622102 0.440995 0.646837
0.03957 0.16679 -0.00162 1.0 0.006154 0.529003 -0.414688 0.740373
0.0 0.2624 0.0 1.0 -0.0844 -0.248578 0.138722 0.954904
0.0 0.2624 0.0 1.0 0.002587 -0.029485 -0.157028 0.987151
0.0 0.13077 0.0 1.0 -0.009257 -0.114746 -0.21904 0.968901
0.0 0.13077 0.0 1.0 -0.034685 0.129451 0.2697 0.953573
0.00718 0.07562 -0.04315 1.0 -0.020939 -0.012473 0.023005 0.999438
-0.00718 0.07562 -0.04315 1.0 -0.020939 0.012473 -0.023005 0.999438
0.04641 0.1142 -0.0041 1.0 -0.204163 0.119044 -0.170361 0.956621
-0.04641 0.1142 -0.00409 1.0 -0.204167 -0.11904 0.17036 0.95662
0.0198 0.12271 0.00007 1.0 -0.218046 0.028183 -0.037696 0.974803
-0.0198 0.12271 0.00007 1.0 -0.218046 -0.028183 0.037696 0.974803
-0.02942 0.11104 -0.00169 1.0 -0.253485 -0.123201 0.151819 0.947374
0.02942 0.11104 -0.00169 1.0 -0.253485 0.123201 -0.151819 0.947374
-0.00705 0.12057 -0.00087 1.0 -0.202766 -0.025162 0.037353 0.978191
0.00705 0.12057 -0.00087 1.0 -0.202768 0.025164 -0.037353 0.97819
0.03234 0.03392 -0.01127 1.0 0.098114 0.517666 -0.381201 0.759659
-0.03234 0.03392 -0.01127 1.0 0.098114 -0.517666 0.381201 0.759659
0.0 0.13612 0.0 1.0 -0.0183 0.220172 0.158597 0.962308
0.0 0.13612 0.0 1.0 -0.048634 -0.215571 -0.124104 0.967348
0.0 0.03329 0.0 1.0 -0.211691 -0.000004 -0.000001 0.977337
0.0 0.03329 0.0 1.0 -0.211688 0.0 0.0 0.977337
0.0 0.03781 0.0 1.0 -0.211689 -0.000001 0.0 0.977337
0.0 0.03781 0.0 1.0 -0.211689 0.000001 0.0 0.977337
0.0 0.0258 0.0 1.0 -0.200376 0.0 0.0 0.979719
0.0 0.0258 0.0 1.0 -0.200376 0.0 0.0 0.979719
0.0 0.03416 0.0 1.0 -0.211691 -0.000003 -0.000001 0.977337
0.0 0.03416 0.0 1.0 -0.211688 0.000001 0.0 0.977337
0.0 0.03794 0.0 1.0 -0.155785 0.026004 0.038257 0.986707
0.0 0.03794 0.0 1.0 -0.155785 -0.026004 -0.038257 0.986707
0.0 0.02674 0.0 1.0 -0.160097 0.000001 0.000001 0.987101
0.0 0.02674 0.0 1.0 -0.160097 -0.000001 -0.000001 0.987101
0.0 0.03015 0.0 1.0 -0.160096 0.000001 0.0 0.987101
0.0 0.03015 0.0 1.0 -0.160096 -0.000001 0.0 0.987101
0.0 0.02184 0.0 1.0 -0.153488 -0.000001 0.0 0.98815
0.0 0.02184 0.0 1.0 -0.153488 0.000001 0.0 0.98815
0.0 0.0281 0.0 1.0 -0.160098 0.0 0.0 0.987101
0.0 0.02809 0.0 1.0 -0.160098 0.0 0.0 0.987101
0.0 0.03551 0.0 1.0 -0.091791 -0.002931 0.029253 0.995344
0.0 0.03551 0.0 1.0 -0.091791 0.00293 -0.029253 0.995344


##### Pose: 5 ##############################################

0.0 0.0 0.0 1.0 0.0 0.707107 0.707107 0.0
-0.02 0.847 0.01 1.0 0.0 0.0 0.0 1.0
0.10799 0.03427 0.00479 1.0 0.96556 0.01545 -0.005056 0.259673
-0.10083 0.02588 0.0076 1.0 0.989898 0.006231 0.006543 0.141496
0.0 0.11713 0.0 1.0 0.172718 -0.004523 -0.025783 0.984623
0.0 0.40298 0.0 1.0 0.546388 -0.000387 -0.086772 0.833025
0.0 0.40298 0.0 1.0 0.331152 0.000267 0.058202 0.941781
0.0 0.11353 0.0 1.0 -0.122113 0.001947 0.008507 0.992478
0.0 0.40596 0.0 1.0 -0.69143 -0.031041 0.09111 0.716003
0.0 0.40596 0.0 1.0 -0.694365 0.038494 -0.039631 0.717499
0.0 0.14148 0.0 1.0 -0.071348 0.000269 0.008722 0.997413
0.0 0.1733 0.0 1.0 -0.179058 0.005342 0.021538 0.983588
0.0 0.1733 0.0 1.0 -0.179058 -0.005343 -0.021538 0.983588
0.0 0.24687 0.0 1.0 0.137148 0.000424 0.004343 0.990541
0.05338 0.22008 -0.07062 1.0 -0.546041 -0.365841 -0.644582 0.390531
-0.05 0.20606 -0.00339 1.0 -0.527576 0.383378 0.587288 0.479351
0.0 0.11937 0.0 1.0 -0.368512 -0.02801 -0.251032 0.894649
0.0 0.11937 0.0 1.0 -0.483858 -0.06287 -0.060402 0.870793
0.0 0.09951 0.0 1.0 -0.083041 0.000659 0.004313 0.996537
0.0 0.1329 0.0 1.0 0.0 0.034088 0.0 0.999419
0.0 0.1329 0.0 1.0 0.0 -0.042519 0.0 0.999096
0.054 0.12356 0.10523 1.0 -0.000163 0.730707 0.682691 0.000152
-0.054 0.12356 0.10523 1.0 0.000163 0.730707 0.682691 -0.000152
0.0 0.1329 0.0 1.0 -0.016064 0.006498 0.005578 0.999834
0.0 0.1329 0.0 1.0 -0.069451 -0.003417 0.359454 0.930568
-0.03957 0.16679 -0.00162 1.0 -0.041364 -0.49122 0.423682 0.759925
0.03957 0.16679 -0.00162 1.0 -0.007736 0.489627 -0.427294 0.760016
0.0 0.2624 0.0 1.0 -0.075655 -0.176322 0.186107 0.963614
0.0 0.2624 0.0 1.0 0.01149 0.068246 -0.193281 0.9787
0.0 0.13077 0.0 1.0 -0.063751 -0.124945 -0.217383 0.965955
0.0 0.13077 0.0 1.0 -0.050289 0.12832 0.235142 0.96214
0.00718 0.07562 -0.04315 1.0 -0.020939 -0.012473 0.023005 0.999438
-0.00718 0.07562 -0.04315 1.0 -0.020939 0.012473 -0.023005 0.999438
0.04641 0.1142 -0.0041 1.0 -0.204134 0.119044 -0.170366 0.956626
-0.04641 0.1142 -0.00409 1.0 -0.204196 -0.11904 0.170355 0.956615
0.0198 0.12271 0.00007 1.0 -0.218046 0.028183 -0.037696 0.974803
-0.0198 0.12271 0.00007 1.0 -0.218046 -0.028183 0.037696 0.974803
-0.02942 0.11104 -0.00169 1.0 -0.253481 -0.123201 0.15182 0.947375
0.02942 0.11104 -0.00169 1.0 -0.253489 0.123201 -0.151819 0.947373
-0.00705 0.12057 -0.00087 1.0 -0.202766 -0.025162 0.037353 0.978191
0.00705 0.12057 -0.00087 1.0 -0.202768 0.025164 -0.037353 0.978191
0.03234 0.03392 -0.01127 1.0 0.098112 0.517672 -0.381191 0.75966
-0.03234 0.03392 -0.01127 1.0 0.098115 -0.51766 0.381211 0.759658
0.0 0.13612 0.0 1.0 -0.059728 0.210932 0.140578 0.965494
0.0 0.13612 0.0 1.0 -0.054659 -0.212186 -0.135061 0.966306
0.0 0.03329 0.0 1.0 -0.211691 -0.000004 -0.000001 0.977337
0.0 0.03329 0.0 1.0 -0.211688 0.0 0.0 0.977337
0.0 0.03781 0.0 1.0 -0.211689 -0.000001 0.0 0.977337
0.0 0.03781 0.0 1.0 -0.211689 0.000001 0.0 0.977337
0.0 0.0258 0.0 1.0 -0.200541 0.0 0.0 0.979685
0.0 0.0258 0.0 1.0 -0.200211 0.0 0.0 0.979753
0.0 0.03416 0.0 1.0 -0.211691 -0.000003 -0.000001 0.977337
0.0 0.03416 0.0 1.0 -0.211688 0.000001 0.0 0.977337
0.0 0.03794 0.0 1.0 -0.155787 0.026005 0.038258 0.986707
0.0 0.03794 0.0 1.0 -0.155783 -0.026004 -0.038256 0.986708
0.0 0.02674 0.0 1.0 -0.160466 0.000001 0.000001 0.987041
0.0 0.02674 0.0 1.0 -0.159728 -0.000001 -0.000001 0.987161
0.0 0.03015 0.0 1.0 -0.160466 0.000001 0.0 0.987042
0.0 0.03015 0.0 1.0 -0.159727 -0.000001 0.0 0.987161
0.0 0.02184 0.0 1.0 -0.153471 -0.000001 0.0 0.988153
0.0 0.02184 0.0 1.0 -0.153506 0.000001 0.0 0.988148
0.0 0.0281 0.0 1.0 -0.160467 0.0 0.0 0.987041
0.0 0.0281 0.0 1.0 -0.159728 0.0 0.0 0.987161
0.0 0.03551 0.0 1.0 -0.091791 -0.002931 0.029253 0.995344
0.0 0.03551 0.0 1.0 -0.091791 0.00293 -0.029253 0.995344


##### Pose: 6 ##############################################

0.0 0.0 0.0 1.0 0.0 0.707107 0.707107 0.0
-0.015 0.847 0.01 1.0 0.0 -0.017452 0.0 0.999848
0.10763 0.03543 0.0171 1.0 0.951313 0.019192 -0.020088 0.30697
-0.10155 0.02637 -0.00125 1.0 0.997459 0.001836 -0.007258 0.070854
0.0 0.11713 0.0 1.0 0.172294 0.00558 -0.018692 0.984852
0.0 0.40298 0.0 1.0 0.496358 -0.000428 -0.077489 0.864653
0.0 0.40298 0.0 1.0 0.308548 0.000253 0.054868 0.949625
0.0 0.11353 0.0 1.0 -0.122147 0.027464 0.00267 0.992128
0.0 0.40596 0.0 1.0 -0.676133 -0.035685 0.08016 0.731536
0.0 0.40596 0.0 1.0 -0.710821 0.037437 -0.042296 0.701101
0.0 0.14148 0.0 1.0 -0.071472 0.000107 0.003487 0.997437
0.0 0.1733 0.0 1.0 -0.179058 0.005342 0.021538 0.983588
0.0 0.1733 0.0 1.0 -0.218242 -0.004344 -0.021767 0.975642
0.0 0.24687 0.0 1.0 0.137098 -0.008516 0.002583 0.990517
0.05338 0.22008 -0.07062 1.0 -0.53169 -0.380262 -0.591143 0.472501
-0.05 0.20606 -0.00339 1.0 -0.533463 0.378925 0.59396 0.468022
0.0 0.11937 0.0 1.0 -0.463373 0.040056 -0.0229 0.884961
0.0 0.11937 0.0 1.0 -0.456733 -0.029578 0.08356 0.885177
0.0 0.09951 0.0 1.0 -0.083053 -0.008363 0.003044 0.996505
0.0 0.1329 0.0 1.0 0.0 0.04076 0.0 0.999169
0.0 0.1329 0.0 1.0 0.0 -0.044336 0.0 0.999017
0.054 0.12356 0.10523 1.0 -0.000163 0.730707 0.682691 0.000152
-0.054 0.12356 0.10523 1.0 0.000163 0.730707 0.682691 -0.000152
0.0 0.1329 0.0 1.0 -0.061707 0.004004 -0.299641 0.952046
0.0 0.1329 0.0 1.0 -0.058067 -0.004103 0.285537 0.956598
-0.03957 0.16679 -0.00162 1.0 -0.007752 -0.489799 0.426259 0.760487
0.03957 0.16679 -0.00162 1.0 -0.033583 0.489878 -0.428373 0.758543
0.0 0.2624 0.0 1.0 -0.001903 -0.085132 0.227741 0.969991
0.0 0.2624 0.0 1.0 0.008243 0.15269 -0.199554 0.967882
0.0 0.13077 0.0 1.0 -0.046798 -0.128198 -0.240839 0.960922
0.0 0.13077 0.0 1.0 -0.064299 0.12774 0.217022 0.965634
0.00718 0.07562 -0.04315 1.0 -0.020939 -0.012473 0.023005 0.999438
-0.00718 0.07562 -0.04315 1.0 -0.020939 0.012473 -0.023005 0.999438
0.04641 0.1142 -0.0041 1.0 -0.204134 0.119044 -0.170366 0.956626
-0.04641 0.1142 -0.00409 1.0 -0.204196 -0.11904 0.170355 0.956615
0.0198 0.12271 0.00007 1.0 -0.218046 0.028183 -0.037696 0.974803
-0.0198 0.12271 0.00007 1.0 -0.218046 -0.028183 0.037696 0.974803
-0.02942 0.11104 -0.00169 1.0 -0.253481 -0.123201 0.15182 0.947375
0.02942 0.11104 -0.00169 1.0 -0.25349 0.123201 -0.151819 0.947373
-0.00705 0.12057 -0.00087 1.0 -0.202766 -0.025162 0.037353 0.978191
0.00705 0.12057 -0.00087 1.0 -0.202768 0.025164 -0.037353 0.978191
0.03234 0.03392 -0.01127 1.0 0.098112 0.517672 -0.381191 0.75966
-0.03234 0.03392 -0.01127 1.0 0.098115 -0.51766 0.381211 0.759658
0.0 0.13612 0.0 1.0 -0.053387 0.212904 0.13333 0.96646
0.0 0.13612 0.0 1.0 -0.05972 -0.209998 -0.140468 0.965714
0.0 0.03329 0.0 1.0 -0.211691 -0.000004 -0.000001 0.977337
0.0 0.03329 0.0 1.0 -0.211688 0.0 0.0 0.977337
0.0 0.03781 0.0 1.0 -0.211689 -0.000001 0.0 0.977337
0.0 0.03781 0.0 1.0 -0.211689 0.000001 0.0 0.977337
0.0 0.0258 0.0 1.0 -0.200541 0.0 0.0 0.979685
0.0 0.0258 0.0 1.0 -0.200211 0.0 0.0 0.979753
0.0 0.03416 0.0 1.0 -0.211691 -0.000003 -0.000001 0.977337
0.0 0.03416 0.0 1.0 -0.211688 0.000001 0.0 0.977337
0.0 0.03794 0.0 1.0 -0.155787 0.026005 0.038258 0.986707
0.0 0.03794 0.0 1.0 -0.155783 -0.026004 -0.038256 0.986708
0.0 0.02674 0.0 1.0 -0.160466 0.000001 0.000001 0.987041
0.0 0.02674 0.0 1.0 -0.159727 -0.000001 -0.000001 0.987161
0.0 0.03015 0.0 1.0 -0.160466 0.000001 0.0 0.987042
0.0 0.03015 0.0 1.0 -0.159727 -0.000001 0.0 0.987161
0.0 0.02184 0.0 1.0 -0.153471 -0.000001 0.0 0.988153
0.0 0.02184 0.0 1.0 -0.153506 0.000001 0.0 0.988148
0.0 0.0281 0.0 1.0 -0.160467 0.0 0.0 0.987041
0.0 0.02809 0.0 1.0 -0.159728 0.0 0.0 0.987161
0.0 0.03551 0.0 1.0 -0.091791 -0.002931 0.029253 0.995344
0.0 0.03551 0.0 1.0 -0.091791 0.00293 -0.029253 0.995344


##### Pose: 7 ##############################################

0.0 0.0 0.0 1.0 0.0 0.707107 0.707107 0.0
0.0 0.817 0.01 1.0 0.0 -0.052336 0.0 0.99863
0.10797 0.0391 0.02836 1.0 0.963628 0.03395 -0.063892 0.257268
-0.10576 0.03229 -0.01301 1.0 0.997127 0.002228 -0.03439 0.067455
0.0 0.11713 0.0 1.0 0.198363 0.02542 -0.006544 0.979777
0.0 0.40298 0.0 1.0 0.215627 -0.000489 -0.033546 0.975899
0.0 0.40298 0.0 1.0 0.464777 0.000241 0.082388 0.881586
0.0 0.11353 0.0 1.0 -0.121333 0.110354 -0.025243 0.986135
0.0 0.40596 0.0 1.0 -0.625463 -0.033918 0.043791 0.778286
0.0 0.40596 0.0 1.0 -0.644974 0.02144 -0.067984 0.760873
0.0 0.14148 0.0 1.0 -0.07992 -0.000048 -0.001515 0.9968
0.0 0.1733 0.0 1.0 -0.264095 0.003156 0.021993 0.964241
0.0 0.1733 0.0 1.0 -0.427508 0.001273 -0.022399 0.903733
0.0 0.24687 0.0 1.0 0.128443 -0.043522 0.0031 0.990757
0.05338 0.22008 -0.07062 1.0 -0.520995 -0.389794 -0.582779 0.48682
-0.05 0.20606 -0.00339 1.0 -0.533369 0.379722 0.594422 0.466894
0.0 0.11937 0.0 1.0 -0.468427 0.083061 0.155705 0.865698
0.0 0.11937 0.0 1.0 -0.380608 -0.023139 0.143355 0.913264
0.0 0.09951 0.0 1.0 -0.091647 -0.043175 0.006213 0.994836
0.0 0.1329 0.0 1.0 0.0 0.039099 0.0 0.999235
0.0 0.1329 0.0 1.0 0.0 -0.038829 0.0 0.999246
0.054 0.12356 0.10523 1.0 -0.000163 0.730707 0.682691 0.000152
-0.054 0.12356 0.10523 1.0 0.000163 0.730707 0.682691 -0.000152
0.0 0.1329 0.0 1.0 -0.075677 0.002858 -0.412685 0.90772
0.0 0.1329 0.0 1.0 -0.049204 -0.003655 0.308021 0.950099
-0.03957 0.16679 -0.00162 1.0 -0.01565 -0.570926 0.397984 0.717919
0.03957 0.16679 -0.00162 1.0 -0.001011 0.642127 -0.475313 0.601456
0.0 0.2624 0.0 1.0 -0.020856 0.050775 0.170334 0.983856
0.0 0.2624 0.0 1.0 -0.023738 0.189562 -0.205145 0.959905
0.0 0.13077 0.0 1.0 -0.069762 -0.083237 -0.309206 0.944773
0.0 0.13077 0.0 1.0 -0.011953 0.113833 0.214423 0.970011
0.00718 0.07562 -0.04315 1.0 -0.020939 -0.012473 0.023005 0.999438
-0.00718 0.07562 -0.04315 1.0 -0.020939 0.012473 -0.023005 0.999438
0.04641 0.1142 -0.0041 1.0 -0.204134 0.119044 -0.170366 0.956626
-0.04642 0.1142 -0.00409 1.0 -0.204196 -0.11904 0.170355 0.956615
0.0198 0.12271 0.00007 1.0 -0.218046 0.028183 -0.037696 0.974803
-0.0198 0.12271 0.00007 1.0 -0.218046 -0.028183 0.037696 0.974803
-0.02942 0.11104 -0.00169 1.0 -0.253481 -0.123201 0.15182 0.947375
0.02942 0.11104 -0.00169 1.0 -0.25349 0.123201 -0.151819 0.947373
-0.00705 0.12057 -0.00087 1.0 -0.202766 -0.025162 0.037353 0.978191
0.00705 0.12057 -0.00087 1.0 -0.202768 0.025164 -0.037353 0.978191
0.03234 0.03392 -0.01127 1.0 0.098112 0.517672 -0.381191 0.75966
-0.03234 0.03392 -0.01127 1.0 0.098115 -0.51766 0.381211 0.759658
0.0 0.13612 0.0 1.0 -0.089475 0.214143 0.108842 0.966587
0.0 0.13612 0.0 1.0 -0.020828 -0.218867 -0.162267 0.961942
0.0 0.03329 0.0 1.0 -0.211691 -0.000004 -0.000001 0.977337
0.0 0.03329 0.0 1.0 -0.211688 0.0 0.0 0.977337
0.0 0.03781 0.0 1.0 -0.211689 -0.000001 0.0 0.977337
0.0 0.03781 0.0 1.0 -0.211689 0.000001 0.0 0.977337
0.0 0.0258 0.0 1.0 -0.200541 0.0 0.0 0.979685
0.0 0.0258 0.0 1.0 -0.200211 0.0 0.0 0.979753
0.0 0.03416 0.0 1.0 -0.211691 -0.000003 -0.000001 0.977337
0.0 0.03416 0.0 1.0 -0.211688 0.000001 0.0 0.977337
0.0 0.03794 0.0 1.0 -0.155787 0.026005 0.038258 0.986707
0.0 0.03794 0.0 1.0 -0.155783 -0.026004 -0.038256 0.986708
0.0 0.02674 0.0 1.0 -0.160466 0.000001 0.000001 0.987041
0.0 0.02674 0.0 1.0 -0.159728 -0.000001 -0.000001 0.987161
0.0 0.03015 0.0 1.0 -0.160466 0.000001 0.0 0.987042
0.0 0.03015 0.0 1.0 -0.159727 -0.000001 0.0 0.987161
0.0 0.02184 0.0 1.0 -0.153471 -0.000001 0.0 0.988153
0.0 0.02184 0.0 1.0 -0.153506 0.000001 0.0 0.988148
0.0 0.02809 0.0 1.0 -0.160467 0.0 0.0 0.987041
0.0 0.02809 0.0 1.0 -0.159728 0.0 0.0 0.987161
0.0 0.03551 0.0 1.0 -0.091791 -0.002931 0.029253 0.995344
0.0 0.03551 0.0 1.0 -0.091791 0.00293 -0.029253 0.995344


##### Pose: 8 ##############################################

0.0 0.0 0.0 1.0 0.0 0.707107 0.707107 0.0
0.0 0.807 0.01 1.0 0.0 -0.061049 0.0 0.998135
0.10868 0.03953 0.02677 1.0 0.95119 0.0341 -0.069219 0.298803
-0.10783 0.03749 -0.02409 1.0 0.998555 0.002991 -0.040316 0.035408
0.0 0.11713 0.0 1.0 0.198298 0.033969 -0.008275 0.979518
0.0 0.40298 0.0 1.0 0.292761 -0.000491 -0.045204 0.955116
0.0 0.40298 0.0 1.0 0.523761 0.000203 0.094726 0.846582
0.0 0.11353 0.0 1.0 -0.121333 0.110354 -0.025243 0.986135
0.0 0.40596 0.0 1.0 -0.534862 -0.025176 0.048773 0.843155
0.0 0.40596 0.0 1.0 -0.62182 0.01359 -0.0744 0.7795
0.0 0.14148 0.0 1.0 -0.07992 -0.000048 -0.001515 0.9968
0.0 0.1733 0.0 1.0 -0.179058 0.005342 0.021538 0.983588
0.0 0.1733 0.0 1.0 -0.330708 -0.001388 -0.022237 0.94347
0.0 0.24687 0.0 1.0 0.128443 -0.043522 0.0031 0.990757
0.05338 0.22008 -0.07062 1.0 -0.517361 -0.394791 -0.581417 0.488294
-0.05 0.20606 -0.00339 1.0 -0.53391 0.380753 0.599033 0.459486
0.0 0.11937 0.0 1.0 -0.4698 0.07946 0.183876 0.859746
0.0 0.11937 0.0 1.0 -0.359151 -0.007001 0.217694 0.907508
0.0 0.09951 0.0 1.0 -0.091647 -0.043175 0.006213 0.994836
0.0 0.1329 0.0 1.0 0.0 0.035127 0.0 0.999383
0.0 0.1329 0.0 1.0 0.0 -0.036878 0.0 0.99932
0.054 0.12356 0.10523 1.0 -0.000163 0.730707 0.682691 0.000152
-0.054 0.12356 0.10523 1.0 0.000163 0.730707 0.682691 -0.000152
0.0 0.1329 0.0 1.0 -0.081183 0.003425 -0.376983 0.922649
0.0 0.1329 0.0 1.0 -0.043936 -0.004364 0.240073 0.96975
-0.03957 0.16679 -0.00162 1.0 -0.012965 -0.509959 0.384735 0.769254
0.03957 0.16679 -0.00162 1.0 -0.005639 0.639603 -0.475978 0.60359
0.0 0.2624 0.0 1.0 -0.022812 0.07635 0.127285 0.98866
0.0 0.2624 0.0 1.0 -0.030395 0.175524 -0.16576 0.969944
0.0 0.13077 0.0 1.0 -0.061717 -0.042203 -0.314785 0.946214
0.0 0.13077 0.0 1.0 0.054817 0.101283 0.158944 0.980548
0.00718 0.07562 -0.04315 1.0 -0.020939 -0.012473 0.023005 0.999438
-0.00718 0.07562 -0.04315 1.0 -0.020939 0.012473 -0.023005 0.999438
0.04641 0.1142 -0.0041 1.0 -0.204134 0.119044 -0.170366 0.956626
-0.04641 0.1142 -0.00409 1.0 -0.204196 -0.11904 0.170355 0.956615
0.0198 0.12271 0.00007 1.0 -0.218046 0.028183 -0.037696 0.974803
-0.0198 0.12271 0.00007 1.0 -0.218046 -0.028183 0.037696 0.974803
-0.02942 0.11104 -0.00169 1.0 -0.253481 -0.123201 0.15182 0.947375
0.02942 0.11104 -0.00169 1.0 -0.253489 0.123201 -0.151819 0.947373
-0.00705 0.12057 -0.00087 1.0 -0.202766 -0.025162 0.037353 0.978191
0.00705 0.12057 -0.00087 1.0 -0.202768 0.025164 -0.037353 0.978191
0.03234 0.03392 -0.01127 1.0 0.098112 0.517672 -0.381191 0.75966
-0.03234 0.03392 -0.01127 1.0 0.098115 -0.51766 0.381211 0.759658
0.0 0.13612 0.0 1.0 -0.089475 0.214143 0.108842 0.966587
0.0 0.13612 0.0 1.0 0.041066 -0.226089 -0.222148 0.947548
0.0 0.03329 0.0 1.0 -0.211691 -0.000004 -0.000001 0.977337
0.0 0.03329 0.0 1.0 -0.211688 0.0 0.0 0.977337
0.0 0.03781 0.0 1.0 -0.211689 -0.000001 0.0 0.977337
0.0 0.03781 0.0 1.0 -0.211689 0.000001 0.0 0.977337
0.0 0.0258 0.0 1.0 -0.200541 0.0 0.0 0.979685
0.0 0.0258 0.0 1.0 -0.200211 0.0 0.0 0.979753
0.0 0.03416 0.0 1.0 -0.211691 -0.000003 -0.000001 0.977337
0.0 0.03416 0.0 1.0 -0.211688 0.000001 0.0 0.977337
0.0 0.03794 0.0 1.0 -0.155787 0.026005 0.038258 0.986707
0.0 0.03794 0.0 1.0 -0.155783 -0.026004 -0.038256 0.986708
0.0 0.02674 0.0 1.0 -0.160466 0.000001 0.000001 0.987041
0.0 0.02674 0.0 1.0 -0.159727 -0.000001 -0.000001 0.987161
0.0 0.03015 0.0 1.0 -0.160466 0.000001 0.0 0.987042
0.0 0.03015 0.0 1.0 -0.159727 -0.000001 0.0 0.987161
0.0 0.02184 0.0 1.0 -0.153471 -0.000001 0.0 0.988153
0.0 0.02184 0.0 1.0 -0.153506 0.000001 0.0 0.988148
0.0 0.0281 0.0 1.0 -0.160467 0.0 0.0 0.987041
0.0 0.0281 0.0 1.0 -0.159728 0.0 0.0 0.987161
0.0 0.03551 0.0 1.0 -0.091791 -0.002931 0.029253 0.995344
0.0 0.03551 0.0 1.0 -0.091791 0.00293 -0.029253 0.995344


##### Pose: 9 ##############################################

0.0 0.0 0.0 1.0 0.0 0.707107 0.707107 0.0
0.015 0.827 0.01 1.0 0.0 -0.030539 0.0 0.999534
0.10351 0.03065 0.01892 1.0 0.968116 0.005491 -0.033438 0.248199
-0.10778 0.03453 -0.01056 1.0 0.985829 -0.004565 -0.016518 0.166873
0.0 0.11713 0.0 1.0 0.186304 0.020223 0.012995 0.982198
0.0 0.40298 0.0 1.0 0.363974 -0.000351 -0.060675 0.929431
0.0 0.40298 0.0 1.0 0.565565 0.000297 0.095248 0.819185
0.0 0.11353 0.0 1.0 -0.121654 0.053098 -0.02109 0.990927
0.0 0.40596 0.0 1.0 -0.638017 -0.055775 0.036412 0.767136
0.0 0.40596 0.0 1.0 -0.671028 0.018672 -0.090143 0.735695
0.0 0.14148 0.0 1.0 -0.075332 -0.000209 -0.00423 0.99715
0.0 0.1733 0.0 1.0 -0.179058 0.005342 0.021538 0.983588
0.0 0.1733 0.0 1.0 -0.255672 -0.003376 -0.021955 0.966509
0.0 0.24687 0.0 1.0 0.132942 -0.021958 -0.000181 0.990881
0.05338 0.22008 -0.07062 1.0 -0.525197 -0.385112 -0.585393 0.482878
-0.05 0.20606 -0.00339 1.0 -0.534302 0.379499 0.59739 0.462198
0.0 0.11937 0.0 1.0 -0.48196 0.076283 0.098679 0.867271
0.0 0.11937 0.0 1.0 -0.397503 -0.013466 0.171578 0.901316
0.0 0.09951 0.0 1.0 -0.087328 -0.021864 0.001384 0.995939
0.0 0.1329 0.0 1.0 0.0 0.043739 0.0 0.999043
0.0 0.1329 0.0 1.0 0.0 -0.039954 0.0 0.999202
0.054 0.12356 0.10523 1.0 -0.000163 0.730707 0.682691 0.000152
-0.054 0.12356 0.10523 1.0 0.000163 0.730707 0.682691 -0.000152
0.0 0.1329 0.0 1.0 -0.071882 0.002889 -0.404605 0.911657
0.0 0.1329 0.0 1.0 -0.048831 -0.004299 0.253806 0.966012
-0.03957 0.16679 -0.00162 1.0 0.006153 -0.529003 0.414687 0.740373
0.03957 0.16679 -0.00162 1.0 -0.010689 0.622102 -0.440995 0.646837
0.0 0.2624 0.0 1.0 0.005473 -0.016524 0.214103 0.976656
0.0 0.2624 0.0 1.0 -0.01931 0.228966 -0.218266 0.948452
0.0 0.13077 0.0 1.0 -0.034685 -0.129451 -0.2697 0.953573
0.0 0.13077 0.0 1.0 -0.009257 0.114745 0.219039 0.968901
0.00718 0.07562 -0.04315 1.0 -0.020939 -0.012473 0.023005 0.999438
-0.00718 0.07562 -0.04315 1.0 -0.020939 0.012473 -0.023005 0.999438
0.04641 0.1142 -0.0041 1.0 -0.204163 0.119044 -0.170361 0.956621
-0.04641 0.1142 -0.00409 1.0 -0.204167 -0.11904 0.17036 0.95662
0.0198 0.12271 0.00007 1.0 -0.218046 0.028183 -0.037696 0.974803
-0.0198 0.12271 0.00007 1.0 -0.218046 -0.028183 0.037696 0.974803
-0.02942 0.11104 -0.00169 1.0 -0.253485 -0.123201 0.151819 0.947374
0.02942 0.11104 -0.00169 1.0 -0.253485 0.123201 -0.151819 0.947374
-0.00705 0.12057 -0.00087 1.0 -0.202766 -0.025162 0.037353 0.978191
0.00705 0.12057 -0.00087 1.0 -0.202768 0.025164 -0.037353 0.97819
0.03234 0.03392 -0.01127 1.0 0.098114 0.517666 -0.381201 0.759659
-0.03234 0.03392 -0.01127 1.0 0.098114 -0.517666 0.381201 0.759659
0.0 0.13612 0.0 1.0 -0.048634 0.215571 0.124104 0.967348
0.0 0.13612 0.0 1.0 -0.0183 -0.220172 -0.158597 0.962308
0.0 0.03329 0.0 1.0 -0.211691 -0.000004 -0.000001 0.977337
0.0 0.03329 0.0 1.0 -0.211688 0.0 0.0 0.977337
0.0 0.03781 0.0 1.0 -0.211689 -0.000001 0.0 0.977337
0.0 0.03781 0.0 1.0 -0.211689 0.000001 0.0 0.977337
0.0 0.0258 0.0 1.0 -0.200376 0.0 0.0 0.979719
0.0 0.0258 0.0 1.0 -0.200376 0.0 0.0 0.979719
0.0 0.03416 0.0 1.0 -0.211691 -0.000003 -0.000001 0.977337
0.0 0.03416 0.0 1.0 -0.211688 0.000001 0.0 0.977337
0.0 0.03794 0.0 1.0 -0.155785 0.026004 0.038257 0.986707
0.0 0.03794 0.0 1.0 -0.155785 -0.026004 -0.038257 0.986707
0.0 0.02674 0.0 1.0 -0.160097 0.000001 0.000001 0.987101
0.0 0.02674 0.0 1.0 -0.160097 -0.000001 -0.000001 0.987101
0.0 0.03015 0.0 1.0 -0.160096 0.000001 0.0 0.987101
0.0 0.03015 0.0 1.0 -0.160096 -0.000001 0.0 0.987101
0.0 0.02184 0.0 1.0 -0.153489 -0.000001 0.0 0.98815
0.0 0.02184 0.0 1.0 -0.153488 0.000001 0.0 0.98815
0.0 0.02809 0.0 1.0 -0.160098 0.0 0.0 0.987101
0.0 0.02809 0.0 1.0 -0.160098 0.0 0.0 0.987101
0.0 0.03551 0.0 1.0 -0.091791 -0.002931 0.029253 0.995344
0.0 0.03551 0.0 1.0 -0.091791 0.00293 -0.029253 0.995344