# SQEE Animation Format


################################################################################

SECTION Header

BoneCount 62
TickRate 48
FrameCount 8
PoseCount 8


################################################################################

SECTION Frames

0 6
1 6
2 6
3 6
4 6
5 6
6 6
7 6


################################################################################

SECTION Poses


##### Pose 0 ###############################################

0.02 0.0098 0.85681 0.70743 0.0 0.0 0.706783 1.0 1.0 1.0
0.1077 0.03506 0.01163 0.985435 0.052332 -0.005254 0.161712 1.0 1.0 1.0
-0.1077 0.03506 0.01163 0.998879 -0.035102 -0.00108 0.031728 1.0 1.0 1.0
0.0 0.11713 0.0 0.101104 0.0 0.0 0.994876 1.0 1.0 1.0
0.0 0.40282 0.0 0.323562 0.027542 -0.015691 0.945676 1.0 1.0 1.0
0.0 0.40282 0.0 0.138521 -0.004736 0.015342 0.990229 1.0 1.0 1.0
0.0 0.11316 0.0 -0.119578 0.0 0.0 0.992825 1.0 1.0 1.0
0.0 0.40599 0.0 -0.675739 -0.100943 0.029208 0.729612 1.0 1.0 1.0
0.0 0.40599 0.0 -0.626105 0.070349 -0.037575 0.775649 1.0 1.0 1.0
0.0 0.14148 0.0 -0.053705 0.0 0.0 0.998557 1.0 1.0 1.0
0.0 0.1733 0.0 -0.178249 0.005593 0.022454 0.983713 1.0 1.0 1.0
0.0 0.1733 0.0 -0.178249 -0.005593 -0.022454 0.983713 1.0 1.0 1.0
0.0 0.24737 0.0 0.155396 0.0 0.0 0.987852 1.0 1.0 1.0
0.09603 0.21389 0.04364 -0.582255 -0.326191 -0.472486 0.575618 1.0 1.0 1.0
-0.09603 0.21389 0.04364 -0.582255 0.326191 0.472487 0.575617 1.0 1.0 1.0
-0.00884 0.11623 -0.04528 -0.423091 0.090583 -0.139652 0.890666 1.0 1.0 1.0
0.00884 0.11623 -0.04528 -0.423091 -0.090583 0.139652 0.890666 1.0 1.0 1.0
0.0 0.0994 0.0 -0.048828 1e-06 1e-06 0.998807 1.0 1.0 1.0
0.0 0.26759 0.0 -0.184586 -0.004545 -0.043805 0.981829 1.0 1.0 1.0
0.0 0.26759 0.0 -0.184586 0.004545 0.043805 0.981829 1.0 1.0 1.0
0.05424 0.12331 0.10485 0.482032 -0.517346 -0.482032 0.517343 1.0 1.0 1.0
-0.05424 0.12331 0.10485 0.482032 0.517344 0.482032 0.517345 1.0 1.0 1.0
-0.03846 0.16544 -0.00076 -0.126756 -0.276195 0.415628 0.857265 1.0 1.0 1.0
0.03846 0.16544 -0.00076 -0.126756 0.276195 -0.415628 0.857264 1.0 1.0 1.0
0.0 0.26236 0.0 -0.081269 0.009153 0.010707 0.996593 1.0 1.0 1.0
0.0 0.26236 0.0 -0.081269 -0.009153 -0.010707 0.996593 1.0 1.0 1.0
0.0 0.13101 0.0 -0.110516 -0.132474 -0.130921 0.976267 1.0 1.0 1.0
0.0 0.13101 0.0 0.015436 -0.04407 0.146262 0.988143 1.0 1.0 1.0
0.00631 0.07413 -0.04325 -0.025177 -0.01087 0.020157 0.999421 1.0 1.0 1.0
-0.00631 0.07413 -0.04325 -0.025177 0.01087 -0.020157 0.999421 1.0 1.0 1.0
0.04573 0.11286 -0.0052 -0.074034 0.118242 -0.194817 0.970868 1.0 1.0 1.0
-0.04573 0.11286 -0.0052 -0.074034 -0.118242 0.194817 0.970868 1.0 1.0 1.0
0.01789 0.12159 -0.00077 -0.089009 0.039008 -0.062389 0.993309 1.0 1.0 1.0
-0.01789 0.12159 -0.00077 -0.089009 -0.039008 0.062389 0.993309 1.0 1.0 1.0
-0.02936 0.1099 -0.0018 -0.142916 -0.076417 0.10839 0.980809 1.0 1.0 1.0
0.02936 0.1099 -0.0018 -0.142916 0.076417 -0.10839 0.980809 1.0 1.0 1.0
-0.0078 0.12036 -0.00132 -0.060051 -0.013198 0.022552 0.997853 1.0 1.0 1.0
0.0078 0.12036 -0.00132 -0.060051 0.013198 -0.022552 0.997853 1.0 1.0 1.0
0.0348 0.04016 -0.01632 -0.030621 0.340371 -0.548827 0.762889 1.0 1.0 1.0
-0.0348 0.04016 -0.01632 -0.045435 -0.319639 0.5478 0.771805 1.0 1.0 1.0
0.0 0.13612 0.0 -0.009876 -0.096408 -0.050059 0.994033 1.0 1.0 1.0
0.0 0.13612 0.0 0.060796 -0.062333 0.063894 0.994151 1.0 1.0 1.0
0.0 0.03494 0.0 -0.102475 -0.007274 0.008222 0.994675 1.0 1.0 1.0
0.0 0.03494 0.0 -0.102474 0.007273 -0.008222 0.994675 1.0 1.0 1.0
0.0 0.03784 0.0 -0.081863 -0.014703 0.016425 0.9964 1.0 1.0 1.0
0.0 0.03784 0.0 -0.081863 0.014703 -0.016425 0.9964 1.0 1.0 1.0
0.0 0.02367 0.0 -0.012441 -0.054151 0.055704 0.9969 1.0 1.0 1.0
0.0 0.02367 0.0 -0.012441 0.054151 -0.055704 0.9969 1.0 1.0 1.0
0.0 0.03623 0.0 -0.097624 -0.024638 0.030007 0.994466 1.0 1.0 1.0
0.0 0.03623 0.0 -0.097624 0.024638 -0.030007 0.994466 1.0 1.0 1.0
0.0 0.02854 0.0 -0.131243 -0.035821 0.144387 0.980125 1.0 1.0 1.0
0.0 0.02854 0.0 -0.10703 0.136513 -0.163147 0.971232 1.0 1.0 1.0
0.0 0.0256 0.0 0.00031 -0.008097 0.007455 0.999939 1.0 1.0 1.0
0.0 0.0256 0.0 0.00031 0.008097 -0.007455 0.999939 1.0 1.0 1.0
0.0 0.03034 0.0 -0.095399 -0.026326 0.020564 0.994878 1.0 1.0 1.0
0.0 0.03034 0.0 -0.095399 0.026326 -0.020564 0.994878 1.0 1.0 1.0
0.0 0.0149 0.0 -0.139529 0.030786 -0.023257 0.989466 1.0 1.0 1.0
0.0 0.0149 0.0 -0.139529 -0.030786 0.023257 0.989466 1.0 1.0 1.0
0.0 0.02547 0.0 -0.063068 -0.021841 0.019247 0.997585 1.0 1.0 1.0
0.0 0.02547 0.0 -0.063068 0.021841 -0.019247 0.997585 1.0 1.0 1.0
0.0 0.03516 0.0 -0.017106 0.221344 0.031696 0.97453 1.0 1.0 1.0
0.0 0.03516 0.0 0.000944 0.037487 -0.036005 0.998648 1.0 1.0 1.0


##### Pose 1 ###############################################

0.01 0.0098 0.84181 0.70743 0.0 0.0 0.706783 1.0 1.0 1.0
0.1077 0.03506 0.01163 0.971399 0.030473 -0.015897 0.234954 1.0 1.0 1.0
-0.1077 0.02505 0.00164 -0.993555 0.030629 0.01442 0.108178 1.0 1.0 1.0
0.0 0.11713 0.0 0.101104 0.0 0.0 0.994876 1.0 1.0 1.0
0.0 0.40282 0.0 0.273995 0.021388 -0.015653 0.961366 1.0 1.0 1.0
0.0 0.40282 0.0 0.069128 -0.000566 0.017653 0.997452 1.0 1.0 1.0
0.0 0.11316 0.0 -0.119578 0.0 0.0 0.992825 1.0 1.0 1.0
0.0 0.40599 0.0 -0.58628 -0.063994 0.026562 0.80714 1.0 1.0 1.0
0.0 0.40599 0.0 -0.673293 0.062395 -0.029019 0.736166 1.0 1.0 1.0
0.0 0.14148 0.0 -0.053705 0.0 0.0 0.998557 1.0 1.0 1.0
0.0 0.1733 0.0 -0.17825 0.005593 0.022454 0.983713 1.0 1.0 1.0
0.0 0.1733 0.0 -0.220738 -0.000916 -0.023596 0.975047 1.0 1.0 1.0
0.0 0.24737 0.0 0.155396 0.0 0.0 0.987852 1.0 1.0 1.0
0.09603 0.21389 0.04364 -0.573598 -0.340481 -0.461765 0.584663 1.0 1.0 1.0
-0.09603 0.21389 0.04364 -0.573598 0.340481 0.461765 0.584663 1.0 1.0 1.0
-0.01428 0.09995 -0.04187 -0.390986 0.225874 -0.056048 0.890489 1.0 1.0 1.0
0.01428 0.09995 -0.04187 -0.439321 0.010303 0.198718 0.876015 1.0 1.0 1.0
0.0 0.0994 0.0 -0.048828 1e-06 1e-06 0.998807 1.0 1.0 1.0
0.0 0.26759 0.0 -0.138302 -0.024992 -0.105712 0.984415 1.0 1.0 1.0
0.0 0.26759 0.0 -0.183205 0.064068 0.105143 0.975334 1.0 1.0 1.0
0.05424 0.12331 0.10485 0.482032 -0.517346 -0.482032 0.517343 1.0 1.0 1.0
-0.05424 0.12331 0.10485 0.482032 0.517344 0.482032 0.517345 1.0 1.0 1.0
-0.03846 0.16544 -0.00076 -0.244981 -0.420847 0.422978 0.764174 1.0 1.0 1.0
0.03846 0.16544 -0.00076 0.079982 0.078352 -0.597193 0.794245 1.0 1.0 1.0
0.0 0.26236 0.0 -0.081269 0.009153 0.010707 0.996593 1.0 1.0 1.0
0.0 0.26236 0.0 -0.081269 -0.009153 -0.010707 0.996593 1.0 1.0 1.0
0.0 0.13101 0.0 -0.280729 -0.097894 -0.121548 0.947013 1.0 1.0 1.0
0.0 0.13101 0.0 0.146885 0.053336 0.069856 0.985241 1.0 1.0 1.0
0.00631 0.07413 -0.04325 -0.025177 -0.01087 0.020157 0.999421 1.0 1.0 1.0
-0.00631 0.07413 -0.04325 -0.025177 0.01087 -0.020157 0.999421 1.0 1.0 1.0
0.04573 0.11286 -0.0052 -0.074034 0.118242 -0.194817 0.970868 1.0 1.0 1.0
-0.04573 0.11286 -0.0052 -0.074034 -0.118242 0.194817 0.970868 1.0 1.0 1.0
0.01789 0.12159 -0.00077 -0.089009 0.039008 -0.062389 0.993309 1.0 1.0 1.0
-0.01789 0.12159 -0.00077 -0.089009 -0.039008 0.062389 0.993309 1.0 1.0 1.0
-0.02936 0.1099 -0.0018 -0.142916 -0.076417 0.10839 0.980809 1.0 1.0 1.0
0.02936 0.1099 -0.0018 -0.142916 0.076417 -0.10839 0.980809 1.0 1.0 1.0
-0.0078 0.12036 -0.00132 -0.060051 -0.013198 0.022552 0.997853 1.0 1.0 1.0
0.0078 0.12036 -0.00132 -0.060051 0.013198 -0.022552 0.997853 1.0 1.0 1.0
0.0348 0.04016 -0.01632 -0.030621 0.340371 -0.548827 0.762889 1.0 1.0 1.0
-0.0348 0.04016 -0.01632 -0.045435 -0.319639 0.5478 0.771805 1.0 1.0 1.0
0.0 0.13612 0.0 0.054902 0.043962 -0.122518 0.989971 1.0 1.0 1.0
0.0 0.13612 0.0 0.028669 -0.030711 -0.074329 0.996348 1.0 1.0 1.0
0.0 0.03494 0.0 -0.102474 -0.007274 0.008222 0.994675 1.0 1.0 1.0
0.0 0.03494 0.0 -0.102474 0.007273 -0.008222 0.994675 1.0 1.0 1.0
0.0 0.03784 0.0 -0.081863 -0.014703 0.016425 0.9964 1.0 1.0 1.0
0.0 0.03784 0.0 -0.081863 0.014703 -0.016425 0.9964 1.0 1.0 1.0
0.0 0.02367 0.0 -0.012441 -0.054151 0.055704 0.9969 1.0 1.0 1.0
0.0 0.02367 0.0 -0.012441 0.054151 -0.055704 0.9969 1.0 1.0 1.0
0.0 0.03623 0.0 -0.097624 -0.024638 0.030007 0.994466 1.0 1.0 1.0
0.0 0.03623 0.0 -0.097624 0.024638 -0.030007 0.994466 1.0 1.0 1.0
0.0 0.02854 0.0 -0.131243 -0.035821 0.144387 0.980125 1.0 1.0 1.0
0.0 0.02854 0.0 -0.10703 0.136513 -0.163147 0.971232 1.0 1.0 1.0
0.0 0.0256 0.0 0.00031 -0.008097 0.007455 0.999939 1.0 1.0 1.0
0.0 0.0256 0.0 0.00031 0.008097 -0.007455 0.999939 1.0 1.0 1.0
0.0 0.03034 0.0 -0.095399 -0.026326 0.020564 0.994878 1.0 1.0 1.0
0.0 0.03034 0.0 -0.095399 0.026326 -0.020564 0.994878 1.0 1.0 1.0
0.0 0.0149 0.0 -0.139529 0.030786 -0.023257 0.989466 1.0 1.0 1.0
0.0 0.0149 0.0 -0.139529 -0.030786 0.023257 0.989466 1.0 1.0 1.0
0.0 0.02547 0.0 -0.063068 -0.021841 0.019247 0.997585 1.0 1.0 1.0
0.0 0.02547 0.0 -0.063068 0.021841 -0.019247 0.997585 1.0 1.0 1.0
0.0 0.03517 0.0 -0.017106 0.221344 0.031696 0.97453 1.0 1.0 1.0
0.0 0.03516 0.0 0.000944 0.037487 -0.036005 0.998648 1.0 1.0 1.0


##### Pose 2 ###############################################

0.0 0.0098 0.82681 0.70743 0.0 0.0 0.706783 1.0 1.0 1.0
0.1077 0.03506 0.01163 0.968925 0.009411 -0.02052 0.246323 1.0 1.0 1.0
-0.1077 0.03504 -0.00837 -0.982604 0.008134 0.021063 0.184335 1.0 1.0 1.0
0.0 0.11713 0.0 0.101104 0.0 0.0 0.994876 1.0 1.0 1.0
0.0 0.40282 0.0 0.223677 0.015175 -0.015572 0.974421 1.0 1.0 1.0
0.0 0.40282 0.0 0.138286 -0.007959 0.017351 0.990208 1.0 1.0 1.0
0.0 0.11316 0.0 -0.119578 0.0 0.0 0.992825 1.0 1.0 1.0
0.0 0.40599 0.0 -0.522793 -0.027388 0.019926 0.851787 1.0 1.0 1.0
0.0 0.40599 0.0 -0.66187 0.051893 -0.024066 0.747433 1.0 1.0 1.0
0.0 0.14148 0.0 -0.053705 0.0 0.0 0.998557 1.0 1.0 1.0
0.0 0.1733 0.0 -0.178249 0.005593 0.022454 0.983713 1.0 1.0 1.0
0.0 0.1733 0.0 -0.262806 0.003762 -0.024693 0.964525 1.0 1.0 1.0
0.0 0.24737 0.0 0.155396 0.0 0.0 0.987852 1.0 1.0 1.0
0.09603 0.21389 0.04364 -0.564669 -0.35461 -0.450823 0.59343 1.0 1.0 1.0
-0.09603 0.21389 0.04364 -0.564669 0.35461 0.450823 0.59343 1.0 1.0 1.0
-0.01972 0.08367 -0.03847 -0.365715 0.305855 -0.004085 0.879027 1.0 1.0 1.0
0.01972 0.08367 -0.03847 -0.445485 0.057296 0.225294 0.864583 1.0 1.0 1.0
0.0 0.0994 0.0 -0.048828 1e-06 1e-06 0.998807 1.0 1.0 1.0
0.0 0.26759 0.0 -0.091328 -0.045316 -0.167042 0.980664 1.0 1.0 1.0
0.0 0.26759 0.0 -0.179887 0.122901 0.16549 0.961847 1.0 1.0 1.0
0.05424 0.12331 0.10485 0.482032 -0.517346 -0.482032 0.517343 1.0 1.0 1.0
-0.05424 0.12331 0.10485 0.482032 0.517344 0.482032 0.517345 1.0 1.0 1.0
-0.03846 0.16544 -0.00076 -0.287305 -0.4865 0.464954 0.681609 1.0 1.0 1.0
0.03846 0.16544 -0.00076 0.206273 -0.045164 -0.710927 0.670816 1.0 1.0 1.0
0.0 0.26236 0.0 -0.081269 0.009153 0.010707 0.996593 1.0 1.0 1.0
0.0 0.26236 0.0 -0.081269 -0.009153 -0.010707 0.996593 1.0 1.0 1.0
0.0 0.13101 0.0 -0.366216 -0.075109 -0.110193 0.920925 1.0 1.0 1.0
0.0 0.13101 0.0 0.194256 0.152595 -0.007236 0.968982 1.0 1.0 1.0
0.00631 0.07413 -0.04325 -0.025177 -0.01087 0.020157 0.999421 1.0 1.0 1.0
-0.00631 0.07413 -0.04325 -0.025177 0.01087 -0.020157 0.999421 1.0 1.0 1.0
0.04573 0.11286 -0.0052 -0.074034 0.118242 -0.194817 0.970868 1.0 1.0 1.0
-0.04573 0.11286 -0.0052 -0.074034 -0.118242 0.194817 0.970868 1.0 1.0 1.0
0.01789 0.12159 -0.00077 -0.089009 0.039008 -0.062389 0.993309 1.0 1.0 1.0
-0.01789 0.12159 -0.00077 -0.089009 -0.039008 0.062389 0.993309 1.0 1.0 1.0
-0.02936 0.1099 -0.0018 -0.142916 -0.076417 0.10839 0.980809 1.0 1.0 1.0
0.02936 0.1099 -0.0018 -0.142916 0.076417 -0.10839 0.980809 1.0 1.0 1.0
-0.0078 0.12036 -0.00132 -0.060051 -0.013198 0.022552 0.997853 1.0 1.0 1.0
0.0078 0.12036 -0.00132 -0.060051 0.013198 -0.022552 0.997853 1.0 1.0 1.0
0.0348 0.04016 -0.01632 -0.030621 0.340371 -0.548827 0.762889 1.0 1.0 1.0
-0.0348 0.04016 -0.01632 -0.045435 -0.319639 0.5478 0.771805 1.0 1.0 1.0
0.0 0.13612 0.0 0.117722 0.185467 -0.147012 0.964433 1.0 1.0 1.0
0.0 0.13612 0.0 0.011559 -0.022608 -0.165668 0.985855 1.0 1.0 1.0
0.0 0.03494 0.0 -0.102475 -0.007274 0.008222 0.994675 1.0 1.0 1.0
0.0 0.03494 0.0 -0.102474 0.007273 -0.008222 0.994675 1.0 1.0 1.0
0.0 0.03784 0.0 -0.081863 -0.014703 0.016425 0.9964 1.0 1.0 1.0
0.0 0.03784 0.0 -0.081863 0.014703 -0.016425 0.9964 1.0 1.0 1.0
0.0 0.02367 0.0 -0.012441 -0.054151 0.055704 0.9969 1.0 1.0 1.0
0.0 0.02367 0.0 -0.012441 0.054151 -0.055704 0.9969 1.0 1.0 1.0
0.0 0.03623 0.0 -0.097624 -0.024638 0.030007 0.994466 1.0 1.0 1.0
0.0 0.03623 0.0 -0.097624 0.024638 -0.030007 0.994466 1.0 1.0 1.0
0.0 0.02854 0.0 -0.131243 -0.035821 0.144387 0.980125 1.0 1.0 1.0
0.0 0.02854 0.0 -0.10703 0.136513 -0.163147 0.971232 1.0 1.0 1.0
0.0 0.0256 0.0 0.00031 -0.008097 0.007455 0.999939 1.0 1.0 1.0
0.0 0.0256 0.0 0.00031 0.008097 -0.007455 0.999939 1.0 1.0 1.0
0.0 0.03034 0.0 -0.095399 -0.026326 0.020564 0.994878 1.0 1.0 1.0
0.0 0.03034 0.0 -0.095399 0.026326 -0.020564 0.994878 1.0 1.0 1.0
0.0 0.0149 0.0 -0.139529 0.030786 -0.023257 0.989466 1.0 1.0 1.0
0.0 0.0149 0.0 -0.139529 -0.030786 0.023257 0.989466 1.0 1.0 1.0
0.0 0.02547 0.0 -0.063068 -0.021841 0.019247 0.997585 1.0 1.0 1.0
0.0 0.02547 0.0 -0.063068 0.021841 -0.019247 0.997585 1.0 1.0 1.0
0.0 0.03517 0.0 -0.017106 0.221344 0.031696 0.97453 1.0 1.0 1.0
0.0 0.03516 0.0 0.000944 0.037487 -0.036005 0.998648 1.0 1.0 1.0


##### Pose 3 ###############################################

-0.01 0.0098 0.85181 0.70743 0.0 0.0 0.706783 1.0 1.0 1.0
0.1077 0.03506 0.01163 0.989632 0.031183 -0.009508 0.139878 1.0 1.0 1.0
-0.1077 0.03505 0.00163 -0.999427 0.030813 0.008041 0.011487 1.0 1.0 1.0
0.0 0.11713 0.0 0.101104 0.0 0.0 0.994876 1.0 1.0 1.0
0.0 0.40282 0.0 0.181272 0.009965 -0.015472 0.983261 1.0 1.0 1.0
0.0 0.40282 0.0 0.219336 -0.016272 0.016571 0.975373 1.0 1.0 1.0
0.0 0.11316 0.0 -0.119578 0.0 0.0 0.992825 1.0 1.0 1.0
0.0 0.40599 0.0 -0.568663 -0.048544 0.028669 0.820636 1.0 1.0 1.0
0.0 0.40599 0.0 -0.730873 0.079688 -0.026485 0.677328 1.0 1.0 1.0
0.0 0.14148 0.0 -0.053705 0.0 0.0 0.998557 1.0 1.0 1.0
0.0 0.1733 0.0 -0.178249 0.005593 0.022454 0.983713 1.0 1.0 1.0
0.0 0.1733 0.0 -0.220738 -0.000916 -0.023596 0.975047 1.0 1.0 1.0
0.0 0.24737 0.0 0.155396 0.0 0.0 0.987852 1.0 1.0 1.0
0.09603 0.21389 0.04364 -0.573598 -0.340481 -0.461765 0.584663 1.0 1.0 1.0
-0.09603 0.21389 0.04364 -0.573598 0.340481 0.461765 0.584663 1.0 1.0 1.0
-0.01428 0.09995 -0.04187 -0.397806 0.19993 -0.072489 0.892482 1.0 1.0 1.0
0.01428 0.09995 -0.04187 -0.435947 -0.016707 0.18317 0.880977 1.0 1.0 1.0
0.0 0.0994 0.0 -0.048828 1e-06 1e-06 0.998807 1.0 1.0 1.0
0.0 0.26759 0.0 -0.1384 -0.025011 -0.105762 0.984396 1.0 1.0 1.0
0.0 0.26759 0.0 -0.182906 0.063957 0.105032 0.975409 1.0 1.0 1.0
0.05424 0.12331 0.10485 0.482032 -0.517346 -0.482032 0.517343 1.0 1.0 1.0
-0.05424 0.12331 0.10485 0.482032 0.517344 0.482032 0.517345 1.0 1.0 1.0
-0.03846 0.16544 -0.00076 -0.209757 -0.386369 0.446088 0.779568 1.0 1.0 1.0
0.03846 0.16544 -0.00076 0.041542 0.120698 -0.58855 0.79832 1.0 1.0 1.0
0.0 0.26236 0.0 -0.081269 0.009153 0.010707 0.996593 1.0 1.0 1.0
0.0 0.26236 0.0 -0.081269 -0.009153 -0.010707 0.996593 1.0 1.0 1.0
0.0 0.13101 0.0 -0.179139 -0.015851 -0.130968 0.974939 1.0 1.0 1.0
0.0 0.13101 0.0 0.042471 0.144581 0.06273 0.986589 1.0 1.0 1.0
0.00631 0.07413 -0.04325 -0.025177 -0.01087 0.020157 0.999421 1.0 1.0 1.0
-0.00631 0.07413 -0.04325 -0.025177 0.01087 -0.020157 0.999421 1.0 1.0 1.0
0.04573 0.11286 -0.0052 -0.074034 0.118242 -0.194817 0.970868 1.0 1.0 1.0
-0.04573 0.11286 -0.0052 -0.074034 -0.118242 0.194817 0.970868 1.0 1.0 1.0
0.01789 0.12159 -0.00077 -0.089009 0.039008 -0.062389 0.993309 1.0 1.0 1.0
-0.01789 0.12159 -0.00077 -0.089009 -0.039008 0.062389 0.993309 1.0 1.0 1.0
-0.02936 0.1099 -0.0018 -0.142916 -0.076417 0.10839 0.980809 1.0 1.0 1.0
0.02936 0.1099 -0.0018 -0.142916 0.076417 -0.10839 0.980809 1.0 1.0 1.0
-0.0078 0.12036 -0.00132 -0.060051 -0.013198 0.022552 0.997853 1.0 1.0 1.0
0.0078 0.12036 -0.00132 -0.060051 0.013198 -0.022552 0.997853 1.0 1.0 1.0
0.0348 0.04016 -0.01632 -0.030621 0.340371 -0.548827 0.762889 1.0 1.0 1.0
-0.0348 0.04016 -0.01632 -0.045435 -0.319639 0.5478 0.771805 1.0 1.0 1.0
0.0 0.13612 0.0 0.089552 0.124308 -0.1058 0.982514 1.0 1.0 1.0
0.0 0.13612 0.0 0.000848 0.037186 -0.058252 0.997609 1.0 1.0 1.0
0.0 0.03494 0.0 -0.102474 -0.007274 0.008222 0.994675 1.0 1.0 1.0
0.0 0.03494 0.0 -0.102474 0.007273 -0.008222 0.994675 1.0 1.0 1.0
0.0 0.03784 0.0 -0.081863 -0.014703 0.016425 0.9964 1.0 1.0 1.0
0.0 0.03784 0.0 -0.081863 0.014703 -0.016425 0.9964 1.0 1.0 1.0
0.0 0.02367 0.0 -0.012441 -0.054151 0.055704 0.9969 1.0 1.0 1.0
0.0 0.02367 0.0 -0.012441 0.054151 -0.055704 0.9969 1.0 1.0 1.0
0.0 0.03623 0.0 -0.097624 -0.024638 0.030007 0.994466 1.0 1.0 1.0
0.0 0.03623 0.0 -0.097624 0.024638 -0.030007 0.994466 1.0 1.0 1.0
0.0 0.02854 0.0 -0.131243 -0.035821 0.144387 0.980125 1.0 1.0 1.0
0.0 0.02854 0.0 -0.10703 0.136513 -0.163147 0.971232 1.0 1.0 1.0
0.0 0.0256 0.0 0.00031 -0.008097 0.007455 0.999939 1.0 1.0 1.0
0.0 0.0256 0.0 0.00031 0.008097 -0.007455 0.999939 1.0 1.0 1.0
0.0 0.03034 0.0 -0.095399 -0.026326 0.020564 0.994878 1.0 1.0 1.0
0.0 0.03034 0.0 -0.095399 0.026326 -0.020564 0.994878 1.0 1.0 1.0
0.0 0.0149 0.0 -0.139529 0.030786 -0.023257 0.989466 1.0 1.0 1.0
0.0 0.0149 0.0 -0.139529 -0.030786 0.023257 0.989466 1.0 1.0 1.0
0.0 0.02547 0.0 -0.063068 -0.021841 0.019247 0.997585 1.0 1.0 1.0
0.0 0.02547 0.0 -0.063068 0.021841 -0.019247 0.997585 1.0 1.0 1.0
0.0 0.03517 0.0 -0.017106 0.221344 0.031696 0.97453 1.0 1.0 1.0
0.0 0.03516 0.0 0.000944 0.037487 -0.036005 0.998648 1.0 1.0 1.0


##### Pose 4 ###############################################

-0.02 0.0098 0.85681 0.70743 0.0 0.0 0.706783 1.0 1.0 1.0
0.1077 0.03506 0.01163 0.998878 0.035145 0.001084 0.031728 1.0 1.0 1.0
-0.1077 0.03506 0.01163 0.985436 -0.052324 0.005254 0.161713 1.0 1.0 1.0
0.0 0.11713 0.0 0.101104 0.0 0.0 0.994876 1.0 1.0 1.0
0.0 0.40282 0.0 0.138521 0.004736 -0.015342 0.990229 1.0 1.0 1.0
0.0 0.40282 0.0 0.323562 -0.027542 0.015692 0.945676 1.0 1.0 1.0
0.0 0.11316 0.0 -0.119578 0.0 0.0 0.992825 1.0 1.0 1.0
0.0 0.40599 0.0 -0.626105 -0.070349 0.037575 0.77565 1.0 1.0 1.0
0.0 0.40599 0.0 -0.67574 0.100943 -0.029208 0.729612 1.0 1.0 1.0
0.0 0.14148 0.0 -0.053705 0.0 0.0 0.998557 1.0 1.0 1.0
0.0 0.1733 0.0 -0.17825 0.005593 0.022454 0.983713 1.0 1.0 1.0
0.0 0.1733 0.0 -0.178249 -0.005593 -0.022454 0.983713 1.0 1.0 1.0
0.0 0.24737 0.0 0.155396 0.0 0.0 0.987852 1.0 1.0 1.0
0.09603 0.21389 0.04364 -0.582255 -0.326191 -0.472486 0.575618 1.0 1.0 1.0
-0.09603 0.21389 0.04364 -0.582255 0.326191 0.472487 0.575617 1.0 1.0 1.0
-0.00884 0.11623 -0.04528 -0.423091 0.090583 -0.139652 0.890666 1.0 1.0 1.0
0.00884 0.11623 -0.04528 -0.423091 -0.090583 0.139652 0.890666 1.0 1.0 1.0
0.0 0.0994 0.0 -0.048828 1e-06 1e-06 0.998807 1.0 1.0 1.0
0.0 0.26759 0.0 -0.184586 -0.004545 -0.043805 0.981829 1.0 1.0 1.0
0.0 0.26759 0.0 -0.184586 0.004545 0.043805 0.981829 1.0 1.0 1.0
0.05424 0.12331 0.10485 0.482032 -0.517346 -0.482032 0.517343 1.0 1.0 1.0
-0.05424 0.12331 0.10485 0.482032 0.517344 0.482032 0.517345 1.0 1.0 1.0
-0.03846 0.16544 -0.00076 -0.126756 -0.276195 0.415628 0.857264 1.0 1.0 1.0
0.03846 0.16544 -0.00076 -0.126756 0.276195 -0.415628 0.857264 1.0 1.0 1.0
0.0 0.26236 0.0 -0.081269 0.009153 0.010707 0.996593 1.0 1.0 1.0
0.0 0.26236 0.0 -0.081269 -0.009153 -0.010707 0.996593 1.0 1.0 1.0
0.0 0.13101 0.0 0.015436 0.04407 -0.146261 0.988143 1.0 1.0 1.0
0.0 0.13101 0.0 -0.110516 0.132474 0.130921 0.976267 1.0 1.0 1.0
0.00631 0.07413 -0.04325 -0.025177 -0.01087 0.020157 0.999421 1.0 1.0 1.0
-0.00631 0.07413 -0.04325 -0.025177 0.01087 -0.020157 0.999421 1.0 1.0 1.0
0.04573 0.11286 -0.0052 -0.074034 0.118242 -0.194817 0.970868 1.0 1.0 1.0
-0.04573 0.11286 -0.0052 -0.074034 -0.118242 0.194817 0.970868 1.0 1.0 1.0
0.01789 0.12159 -0.00077 -0.089009 0.039008 -0.062389 0.993309 1.0 1.0 1.0
-0.01789 0.12159 -0.00077 -0.089009 -0.039008 0.062389 0.993309 1.0 1.0 1.0
-0.02936 0.1099 -0.0018 -0.142916 -0.076417 0.10839 0.980809 1.0 1.0 1.0
0.02936 0.1099 -0.0018 -0.142916 0.076417 -0.10839 0.980809 1.0 1.0 1.0
-0.0078 0.12036 -0.00132 -0.060051 -0.013198 0.022552 0.997853 1.0 1.0 1.0
0.0078 0.12036 -0.00132 -0.060051 0.013198 -0.022552 0.997853 1.0 1.0 1.0
0.0348 0.04016 -0.01632 -0.030621 0.340371 -0.548827 0.762889 1.0 1.0 1.0
-0.0348 0.04016 -0.01632 -0.045435 -0.319639 0.5478 0.771805 1.0 1.0 1.0
0.0 0.13612 0.0 0.060796 0.062333 -0.063894 0.994151 1.0 1.0 1.0
0.0 0.13612 0.0 -0.009876 0.096408 0.050059 0.994033 1.0 1.0 1.0
0.0 0.03494 0.0 -0.102474 -0.007274 0.008222 0.994675 1.0 1.0 1.0
0.0 0.03494 0.0 -0.102474 0.007273 -0.008222 0.994675 1.0 1.0 1.0
0.0 0.03784 0.0 -0.081863 -0.014703 0.016425 0.9964 1.0 1.0 1.0
0.0 0.03784 0.0 -0.081863 0.014703 -0.016425 0.9964 1.0 1.0 1.0
0.0 0.02367 0.0 -0.012441 -0.054151 0.055704 0.9969 1.0 1.0 1.0
0.0 0.02367 0.0 -0.012441 0.054151 -0.055704 0.9969 1.0 1.0 1.0
0.0 0.03623 0.0 -0.097624 -0.024638 0.030007 0.994466 1.0 1.0 1.0
0.0 0.03623 0.0 -0.097624 0.024638 -0.030007 0.994466 1.0 1.0 1.0
0.0 0.02854 0.0 -0.131243 -0.035821 0.144387 0.980125 1.0 1.0 1.0
0.0 0.02854 0.0 -0.10703 0.136513 -0.163147 0.971232 1.0 1.0 1.0
0.0 0.0256 0.0 0.00031 -0.008097 0.007455 0.999939 1.0 1.0 1.0
0.0 0.0256 0.0 0.00031 0.008097 -0.007455 0.999939 1.0 1.0 1.0
0.0 0.03034 0.0 -0.095399 -0.026326 0.020564 0.994878 1.0 1.0 1.0
0.0 0.03034 0.0 -0.095399 0.026326 -0.020564 0.994878 1.0 1.0 1.0
0.0 0.0149 0.0 -0.139529 0.030786 -0.023257 0.989466 1.0 1.0 1.0
0.0 0.0149 0.0 -0.139529 -0.030786 0.023257 0.989466 1.0 1.0 1.0
0.0 0.02547 0.0 -0.063068 -0.021841 0.019247 0.997585 1.0 1.0 1.0
0.0 0.02547 0.0 -0.063068 0.021841 -0.019247 0.997585 1.0 1.0 1.0
0.0 0.03516 0.0 -0.017106 0.221344 0.031696 0.97453 1.0 1.0 1.0
0.0 0.03516 0.0 0.000944 0.037487 -0.036005 0.998648 1.0 1.0 1.0


##### Pose 5 ###############################################

-0.01 0.0098 0.84181 0.70743 0.0 0.0 0.706783 1.0 1.0 1.0
0.1077 0.02505 0.00164 -0.993555 -0.030616 -0.014419 0.108179 1.0 1.0 1.0
-0.1077 0.03506 0.01163 0.971399 -0.030467 0.015897 0.234954 1.0 1.0 1.0
0.0 0.11713 0.0 0.101104 0.0 0.0 0.994876 1.0 1.0 1.0
0.0 0.40282 0.0 0.069128 0.000566 -0.017653 0.997452 1.0 1.0 1.0
0.0 0.40282 0.0 0.273995 -0.021388 0.015653 0.961366 1.0 1.0 1.0
0.0 0.11316 0.0 -0.119578 0.0 0.0 0.992825 1.0 1.0 1.0
0.0 0.40599 0.0 -0.673293 -0.062395 0.029019 0.736167 1.0 1.0 1.0
0.0 0.40599 0.0 -0.58628 0.063994 -0.026562 0.80714 1.0 1.0 1.0
0.0 0.14148 0.0 -0.053705 0.0 0.0 0.998557 1.0 1.0 1.0
0.0 0.1733 0.0 -0.220738 0.000917 0.023596 0.975047 1.0 1.0 1.0
0.0 0.1733 0.0 -0.178249 -0.005593 -0.022454 0.983713 1.0 1.0 1.0
0.0 0.24737 0.0 0.155396 0.0 0.0 0.987852 1.0 1.0 1.0
0.09603 0.21389 0.04364 -0.573598 -0.340481 -0.461765 0.584663 1.0 1.0 1.0
-0.09603 0.21389 0.04364 -0.573598 0.340481 0.461765 0.584663 1.0 1.0 1.0
-0.01428 0.09995 -0.04187 -0.439321 -0.010303 -0.198718 0.876015 1.0 1.0 1.0
0.01428 0.09995 -0.04187 -0.390986 -0.225874 0.056048 0.890489 1.0 1.0 1.0
0.0 0.0994 0.0 -0.048828 1e-06 1e-06 0.998807 1.0 1.0 1.0
0.0 0.26759 0.0 -0.183205 -0.064068 -0.105143 0.975334 1.0 1.0 1.0
0.0 0.26759 0.0 -0.138302 0.024992 0.105712 0.984415 1.0 1.0 1.0
0.05424 0.12331 0.10485 0.482032 -0.517346 -0.482032 0.517343 1.0 1.0 1.0
-0.05424 0.12331 0.10485 0.482032 0.517344 0.482032 0.517345 1.0 1.0 1.0
-0.03846 0.16544 -0.00076 0.079982 -0.078352 0.597193 0.794245 1.0 1.0 1.0
0.03846 0.16544 -0.00076 -0.244981 0.420847 -0.422978 0.764174 1.0 1.0 1.0
0.0 0.26236 0.0 -0.081269 0.009153 0.010707 0.996593 1.0 1.0 1.0
0.0 0.26236 0.0 -0.081269 -0.009153 -0.010707 0.996593 1.0 1.0 1.0
0.0 0.13101 0.0 0.146885 -0.053336 -0.069856 0.985241 1.0 1.0 1.0
0.0 0.13101 0.0 -0.28073 0.097894 0.121548 0.947013 1.0 1.0 1.0
0.00631 0.07413 -0.04325 -0.025177 -0.01087 0.020157 0.999421 1.0 1.0 1.0
-0.00631 0.07413 -0.04325 -0.025177 0.01087 -0.020157 0.999421 1.0 1.0 1.0
0.04573 0.11286 -0.0052 -0.074034 0.118242 -0.194817 0.970868 1.0 1.0 1.0
-0.04573 0.11286 -0.0052 -0.074034 -0.118242 0.194817 0.970868 1.0 1.0 1.0
0.01789 0.12159 -0.00077 -0.089009 0.039008 -0.062389 0.993309 1.0 1.0 1.0
-0.01789 0.12159 -0.00077 -0.089009 -0.039008 0.062389 0.993309 1.0 1.0 1.0
-0.02936 0.1099 -0.0018 -0.142916 -0.076417 0.10839 0.980809 1.0 1.0 1.0
0.02936 0.1099 -0.0018 -0.142916 0.076417 -0.10839 0.980809 1.0 1.0 1.0
-0.0078 0.12036 -0.00132 -0.060051 -0.013198 0.022552 0.997853 1.0 1.0 1.0
0.0078 0.12036 -0.00132 -0.060051 0.013198 -0.022552 0.997853 1.0 1.0 1.0
0.0348 0.04016 -0.01632 -0.030621 0.340371 -0.548827 0.762889 1.0 1.0 1.0
-0.0348 0.04016 -0.01632 -0.045435 -0.319639 0.5478 0.771805 1.0 1.0 1.0
0.0 0.13612 0.0 0.028669 0.030711 0.074329 0.996348 1.0 1.0 1.0
0.0 0.13612 0.0 0.054902 -0.043962 0.122518 0.989971 1.0 1.0 1.0
0.0 0.03494 0.0 -0.102474 -0.007274 0.008222 0.994675 1.0 1.0 1.0
0.0 0.03494 0.0 -0.102474 0.007273 -0.008222 0.994675 1.0 1.0 1.0
0.0 0.03784 0.0 -0.081863 -0.014703 0.016425 0.9964 1.0 1.0 1.0
0.0 0.03784 0.0 -0.081863 0.014703 -0.016425 0.9964 1.0 1.0 1.0
0.0 0.02367 0.0 -0.012441 -0.054151 0.055704 0.9969 1.0 1.0 1.0
0.0 0.02367 0.0 -0.012441 0.054151 -0.055704 0.9969 1.0 1.0 1.0
0.0 0.03623 0.0 -0.097624 -0.024638 0.030007 0.994466 1.0 1.0 1.0
0.0 0.03623 0.0 -0.097624 0.024638 -0.030007 0.994466 1.0 1.0 1.0
0.0 0.02854 0.0 -0.131243 -0.035821 0.144387 0.980125 1.0 1.0 1.0
0.0 0.02854 0.0 -0.10703 0.136513 -0.163147 0.971232 1.0 1.0 1.0
0.0 0.0256 0.0 0.00031 -0.008097 0.007455 0.999939 1.0 1.0 1.0
0.0 0.0256 0.0 0.00031 0.008097 -0.007455 0.999939 1.0 1.0 1.0
0.0 0.03034 0.0 -0.095399 -0.026326 0.020564 0.994878 1.0 1.0 1.0
0.0 0.03034 0.0 -0.095399 0.026326 -0.020564 0.994878 1.0 1.0 1.0
0.0 0.0149 0.0 -0.139529 0.030786 -0.023257 0.989466 1.0 1.0 1.0
0.0 0.0149 0.0 -0.139529 -0.030786 0.023257 0.989466 1.0 1.0 1.0
0.0 0.02547 0.0 -0.063068 -0.021841 0.019247 0.997585 1.0 1.0 1.0
0.0 0.02547 0.0 -0.063068 0.021841 -0.019247 0.997585 1.0 1.0 1.0
0.0 0.03516 0.0 -0.017106 0.221344 0.031696 0.97453 1.0 1.0 1.0
0.0 0.03517 0.0 0.000944 0.037487 -0.036005 0.998648 1.0 1.0 1.0


##### Pose 6 ###############################################

0.0 0.0098 0.82681 0.70743 0.0 0.0 0.706783 1.0 1.0 1.0
0.1077 0.03504 -0.00837 -0.982604 -0.008127 -0.021061 0.184335 1.0 1.0 1.0
-0.1077 0.03506 0.01163 0.968925 -0.009406 0.020521 0.246324 1.0 1.0 1.0
0.0 0.11713 0.0 0.101104 0.0 0.0 0.994876 1.0 1.0 1.0
0.0 0.40282 0.0 0.138286 0.007959 -0.01735 0.990208 1.0 1.0 1.0
0.0 0.40282 0.0 0.223678 -0.015175 0.015572 0.974421 1.0 1.0 1.0
0.0 0.11316 0.0 -0.119578 0.0 0.0 0.992825 1.0 1.0 1.0
0.0 0.40599 0.0 -0.66187 -0.051893 0.024066 0.747433 1.0 1.0 1.0
0.0 0.40599 0.0 -0.522793 0.027388 -0.019926 0.851787 1.0 1.0 1.0
0.0 0.14148 0.0 -0.053705 0.0 0.0 0.998557 1.0 1.0 1.0
0.0 0.1733 0.0 -0.262807 -0.003762 0.024693 0.964525 1.0 1.0 1.0
0.0 0.1733 0.0 -0.178249 -0.005593 -0.022454 0.983713 1.0 1.0 1.0
0.0 0.24737 0.0 0.155396 0.0 0.0 0.987852 1.0 1.0 1.0
0.09603 0.21389 0.04364 -0.564669 -0.35461 -0.450823 0.59343 1.0 1.0 1.0
-0.09603 0.21389 0.04364 -0.564669 0.35461 0.450823 0.59343 1.0 1.0 1.0
-0.01972 0.08367 -0.03847 -0.445485 -0.057296 -0.225294 0.864583 1.0 1.0 1.0
0.01972 0.08367 -0.03847 -0.365715 -0.305855 0.004085 0.879027 1.0 1.0 1.0
0.0 0.0994 0.0 -0.048828 1e-06 1e-06 0.998807 1.0 1.0 1.0
0.0 0.26759 0.0 -0.179887 -0.122901 -0.16549 0.961847 1.0 1.0 1.0
0.0 0.26759 0.0 -0.091328 0.045316 0.167042 0.980664 1.0 1.0 1.0
0.05424 0.12331 0.10485 0.482032 -0.517346 -0.482032 0.517343 1.0 1.0 1.0
-0.05424 0.12331 0.10485 0.482032 0.517344 0.482032 0.517345 1.0 1.0 1.0
-0.03846 0.16544 -0.00076 0.206273 0.045164 0.710927 0.670816 1.0 1.0 1.0
0.03846 0.16544 -0.00076 -0.287305 0.4865 -0.464954 0.681609 1.0 1.0 1.0
0.0 0.26236 0.0 -0.081269 0.009153 0.010707 0.996593 1.0 1.0 1.0
0.0 0.26236 0.0 -0.081269 -0.009153 -0.010707 0.996593 1.0 1.0 1.0
0.0 0.13101 0.0 0.194256 -0.152595 0.007236 0.968983 1.0 1.0 1.0
0.0 0.13101 0.0 -0.366216 0.075109 0.110193 0.920925 1.0 1.0 1.0
0.00631 0.07413 -0.04325 -0.025177 -0.01087 0.020157 0.999421 1.0 1.0 1.0
-0.00631 0.07413 -0.04325 -0.025177 0.01087 -0.020157 0.999421 1.0 1.0 1.0
0.04573 0.11286 -0.0052 -0.074034 0.118242 -0.194817 0.970868 1.0 1.0 1.0
-0.04573 0.11286 -0.0052 -0.074034 -0.118242 0.194817 0.970868 1.0 1.0 1.0
0.01789 0.12159 -0.00077 -0.089009 0.039008 -0.062389 0.993309 1.0 1.0 1.0
-0.01789 0.12159 -0.00077 -0.089009 -0.039008 0.062389 0.993309 1.0 1.0 1.0
-0.02936 0.1099 -0.0018 -0.142916 -0.076417 0.10839 0.980809 1.0 1.0 1.0
0.02936 0.1099 -0.0018 -0.142916 0.076417 -0.10839 0.980809 1.0 1.0 1.0
-0.0078 0.12036 -0.00132 -0.060051 -0.013198 0.022552 0.997853 1.0 1.0 1.0
0.0078 0.12036 -0.00132 -0.060051 0.013198 -0.022552 0.997853 1.0 1.0 1.0
0.0348 0.04016 -0.01632 -0.030621 0.340371 -0.548827 0.762889 1.0 1.0 1.0
-0.0348 0.04016 -0.01632 -0.045435 -0.319639 0.5478 0.771805 1.0 1.0 1.0
0.0 0.13612 0.0 0.011559 0.022608 0.165668 0.985855 1.0 1.0 1.0
0.0 0.13612 0.0 0.117722 -0.185467 0.147012 0.964433 1.0 1.0 1.0
0.0 0.03494 0.0 -0.102474 -0.007274 0.008222 0.994675 1.0 1.0 1.0
0.0 0.03494 0.0 -0.102474 0.007273 -0.008222 0.994675 1.0 1.0 1.0
0.0 0.03784 0.0 -0.081863 -0.014703 0.016425 0.9964 1.0 1.0 1.0
0.0 0.03784 0.0 -0.081863 0.014703 -0.016425 0.9964 1.0 1.0 1.0
0.0 0.02367 0.0 -0.012441 -0.054151 0.055704 0.9969 1.0 1.0 1.0
0.0 0.02367 0.0 -0.012441 0.054151 -0.055704 0.9969 1.0 1.0 1.0
0.0 0.03623 0.0 -0.097624 -0.024638 0.030007 0.994466 1.0 1.0 1.0
0.0 0.03623 0.0 -0.097624 0.024638 -0.030007 0.994466 1.0 1.0 1.0
0.0 0.02854 0.0 -0.131243 -0.035821 0.144387 0.980125 1.0 1.0 1.0
0.0 0.02854 0.0 -0.10703 0.136513 -0.163147 0.971232 1.0 1.0 1.0
0.0 0.0256 0.0 0.00031 -0.008097 0.007455 0.999939 1.0 1.0 1.0
0.0 0.0256 0.0 0.00031 0.008097 -0.007455 0.999939 1.0 1.0 1.0
0.0 0.03034 0.0 -0.095399 -0.026326 0.020564 0.994878 1.0 1.0 1.0
0.0 0.03034 0.0 -0.095399 0.026326 -0.020564 0.994878 1.0 1.0 1.0
0.0 0.0149 0.0 -0.139529 0.030786 -0.023257 0.989466 1.0 1.0 1.0
0.0 0.0149 0.0 -0.139529 -0.030786 0.023257 0.989466 1.0 1.0 1.0
0.0 0.02547 0.0 -0.063068 -0.021841 0.019247 0.997585 1.0 1.0 1.0
0.0 0.02547 0.0 -0.063068 0.021841 -0.019247 0.997585 1.0 1.0 1.0
0.0 0.03516 0.0 -0.017106 0.221344 0.031696 0.97453 1.0 1.0 1.0
0.0 0.03517 0.0 0.000944 0.037487 -0.036005 0.998648 1.0 1.0 1.0


##### Pose 7 ###############################################

0.01 0.0098 0.85181 0.70743 0.0 0.0 0.706783 1.0 1.0 1.0
0.1077 0.03505 0.00163 -0.999431 -0.030694 -0.008026 0.011487 1.0 1.0 1.0
-0.1077 0.03506 0.01163 0.989632 -0.031174 0.009509 0.139878 1.0 1.0 1.0
0.0 0.11713 0.0 0.101104 0.0 0.0 0.994876 1.0 1.0 1.0
0.0 0.40282 0.0 0.219336 0.016272 -0.016571 0.975373 1.0 1.0 1.0
0.0 0.40282 0.0 0.181272 -0.009965 0.015472 0.983261 1.0 1.0 1.0
0.0 0.11316 0.0 -0.119578 0.0 0.0 0.992825 1.0 1.0 1.0
0.0 0.40599 0.0 -0.730873 -0.079688 0.026485 0.677328 1.0 1.0 1.0
0.0 0.40599 0.0 -0.568663 0.048544 -0.028669 0.820636 1.0 1.0 1.0
0.0 0.14148 0.0 -0.053705 0.0 0.0 0.998557 1.0 1.0 1.0
0.0 0.1733 0.0 -0.220738 0.000917 0.023596 0.975047 1.0 1.0 1.0
0.0 0.1733 0.0 -0.178249 -0.005593 -0.022454 0.983713 1.0 1.0 1.0
0.0 0.24737 0.0 0.155396 0.0 0.0 0.987852 1.0 1.0 1.0
0.09603 0.21389 0.04364 -0.573598 -0.340481 -0.461765 0.584663 1.0 1.0 1.0
-0.09603 0.21389 0.04364 -0.573598 0.340481 0.461765 0.584663 1.0 1.0 1.0
-0.01428 0.09995 -0.04187 -0.435947 0.016707 -0.18317 0.880977 1.0 1.0 1.0
0.01428 0.09995 -0.04187 -0.397806 -0.19993 0.072489 0.892482 1.0 1.0 1.0
0.0 0.0994 0.0 -0.048828 1e-06 1e-06 0.998807 1.0 1.0 1.0
0.0 0.26759 0.0 -0.182906 -0.063957 -0.105032 0.975409 1.0 1.0 1.0
0.0 0.26759 0.0 -0.1384 0.025011 0.105762 0.984395 1.0 1.0 1.0
0.05424 0.12331 0.10485 0.482032 -0.517346 -0.482032 0.517343 1.0 1.0 1.0
-0.05424 0.12331 0.10485 0.482032 0.517344 0.482032 0.517345 1.0 1.0 1.0
-0.03846 0.16544 -0.00076 0.041542 -0.120699 0.58855 0.79832 1.0 1.0 1.0
0.03846 0.16544 -0.00076 -0.209757 0.386369 -0.446088 0.779568 1.0 1.0 1.0
0.0 0.26236 0.0 -0.081269 0.009153 0.010707 0.996593 1.0 1.0 1.0
0.0 0.26236 0.0 -0.081269 -0.009153 -0.010707 0.996593 1.0 1.0 1.0
0.0 0.13101 0.0 0.042471 -0.144581 -0.06273 0.986589 1.0 1.0 1.0
0.0 0.13101 0.0 -0.179139 0.015851 0.130968 0.974939 1.0 1.0 1.0
0.00631 0.07413 -0.04325 -0.025177 -0.01087 0.020157 0.999421 1.0 1.0 1.0
-0.00631 0.07413 -0.04325 -0.025177 0.01087 -0.020157 0.999421 1.0 1.0 1.0
0.04573 0.11286 -0.0052 -0.074034 0.118242 -0.194817 0.970868 1.0 1.0 1.0
-0.04573 0.11286 -0.0052 -0.074034 -0.118242 0.194817 0.970868 1.0 1.0 1.0
0.01789 0.12159 -0.00077 -0.089009 0.039008 -0.062389 0.993309 1.0 1.0 1.0
-0.01789 0.12159 -0.00077 -0.089009 -0.039008 0.062389 0.993309 1.0 1.0 1.0
-0.02936 0.1099 -0.0018 -0.142916 -0.076417 0.10839 0.980809 1.0 1.0 1.0
0.02936 0.1099 -0.0018 -0.142916 0.076417 -0.10839 0.980809 1.0 1.0 1.0
-0.0078 0.12036 -0.00132 -0.060051 -0.013198 0.022552 0.997853 1.0 1.0 1.0
0.0078 0.12036 -0.00132 -0.060051 0.013198 -0.022552 0.997853 1.0 1.0 1.0
0.0348 0.04016 -0.01632 -0.030621 0.340371 -0.548827 0.762889 1.0 1.0 1.0
-0.0348 0.04016 -0.01632 -0.045435 -0.319639 0.5478 0.771805 1.0 1.0 1.0
0.0 0.13612 0.0 0.000848 -0.037186 0.058252 0.997609 1.0 1.0 1.0
0.0 0.13612 0.0 0.089552 -0.124308 0.1058 0.982514 1.0 1.0 1.0
0.0 0.03494 0.0 -0.102475 -0.007274 0.008222 0.994675 1.0 1.0 1.0
0.0 0.03494 0.0 -0.102474 0.007273 -0.008222 0.994675 1.0 1.0 1.0
0.0 0.03784 0.0 -0.081863 -0.014703 0.016425 0.9964 1.0 1.0 1.0
0.0 0.03784 0.0 -0.081863 0.014703 -0.016425 0.9964 1.0 1.0 1.0
0.0 0.02367 0.0 -0.012441 -0.054151 0.055704 0.9969 1.0 1.0 1.0
0.0 0.02367 0.0 -0.012441 0.054151 -0.055704 0.9969 1.0 1.0 1.0
0.0 0.03623 0.0 -0.097624 -0.024638 0.030007 0.994466 1.0 1.0 1.0
0.0 0.03623 0.0 -0.097624 0.024638 -0.030007 0.994466 1.0 1.0 1.0
0.0 0.02854 0.0 -0.131243 -0.035821 0.144387 0.980125 1.0 1.0 1.0
0.0 0.02854 0.0 -0.10703 0.136513 -0.163147 0.971232 1.0 1.0 1.0
0.0 0.0256 0.0 0.00031 -0.008097 0.007455 0.999939 1.0 1.0 1.0
0.0 0.0256 0.0 0.00031 0.008097 -0.007455 0.999939 1.0 1.0 1.0
0.0 0.03034 0.0 -0.095399 -0.026326 0.020564 0.994878 1.0 1.0 1.0
0.0 0.03034 0.0 -0.095399 0.026326 -0.020564 0.994878 1.0 1.0 1.0
0.0 0.0149 0.0 -0.139529 0.030786 -0.023257 0.989466 1.0 1.0 1.0
0.0 0.0149 0.0 -0.139529 -0.030786 0.023257 0.989466 1.0 1.0 1.0
0.0 0.02547 0.0 -0.063068 -0.021841 0.019247 0.997585 1.0 1.0 1.0
0.0 0.02547 0.0 -0.063068 0.021841 -0.019247 0.997585 1.0 1.0 1.0
0.0 0.03517 0.0 -0.017106 0.221344 0.031696 0.97453 1.0 1.0 1.0
0.0 0.03516 0.0 0.000944 0.037487 -0.036005 0.998648 1.0 1.0 1.0
