0.0 -0.14 0.777 0.642788 0.0 0.0 0.766044 1.0 1.0 1.0
0.108 0.03501 0.01197 0.991296 0.081199 -0.099075 0.030376 1.0 1.0 1.0
-0.108 0.03501 0.01197 0.991299 -0.081134 0.099094 0.030393 1.0 1.0 1.0
0.0 0.11713 0.0 0.060166 0.0 0.0 0.998188 1.0 1.0 1.0
0.0 0.40298 0.0 0.432196 -0.000444 -0.067544 0.899246 1.0 1.0 1.0
0.0 0.40298 0.0 0.432196 0.000444 0.067544 0.899247 1.0 1.0 1.0
0.0 0.11353 0.0 -0.104778 1e-06 0.0 0.994496 1.0 1.0 1.0
0.0 0.40596 0.0 -0.779091 0.001693 0.129054 0.613482 1.00001 1.0 1.0
0.0 0.40596 0.0 -0.779091 -0.001691 -0.129056 0.613482 1.0 1.0 1.0
0.0 0.14148 0.0 -0.027774 -1e-06 0.0 0.999614 1.0 1.0 1.0
0.0 0.1733 0.0 -0.179058 0.005343 0.021538 0.983588 1.0 1.0 1.0
0.0 0.1733 0.0 -0.179058 -0.005343 -0.021538 0.983588 1.0 1.0 1.0
0.0 0.24687 0.0 0.2534 -0.018213 -0.009213 0.967146 1.0 1.0 1.0
0.05 0.20606 -0.00339 -0.42173 -0.512525 -0.6388 0.389096 1.0 1.0 1.0
-0.05 0.20606 -0.00339 -0.42173 0.512525 0.6388 0.389096 1.0 1.0 1.0
0.0 0.11937 0.0 0.007291 -0.012996 -0.163067 0.986503 1.0 1.0 1.0
0.0 0.11937 0.0 0.007291 0.012996 0.163066 0.986503 1.0 1.0 1.0
0.0 0.09951 0.0 -0.067402 -0.009715 -0.000682 0.997678 1.0 1.0 1.0
0.0 0.1329 0.0 0.0 -0.060133 0.0 0.99819 1.0 1.0 1.0
0.0 0.1329 0.0 0.0 0.060133 0.0 0.99819 1.0 1.0 1.0
0.054 0.12356 0.10523 -0.000163 0.730707 0.682691 0.000152 1.0 1.0 1.0
-0.054 0.12356 0.10523 0.000163 0.730707 0.682691 -0.000152 1.0 1.0 1.0
0.0 0.1329 0.0 -0.458633 -0.12277 -0.398957 0.784485 1.0 1.0 1.0
0.0 0.1329 0.0 -0.458633 0.12277 0.398957 0.784485 1.0 1.0 1.0
-0.03957 0.16679 -0.00162 -0.187176 -0.39002 0.506074 0.746149 1.0 1.0 1.0
0.03957 0.16679 -0.00162 -0.187176 0.39002 -0.506075 0.746149 1.0 1.0 1.0
0.0 0.2624 0.0 0.207361 0.05032 0.174088 0.961334 1.0 1.0 1.0
0.0 0.2624 0.0 0.20736 -0.05032 -0.174087 0.961334 1.0 1.0 1.0
0.0 0.13077 0.0 0.111003 0.072316 -0.12412 0.983384 1.0 1.0 1.0
0.0 0.13077 0.0 0.111003 -0.072316 0.124119 0.983384 1.0 1.0 1.0
0.00718 0.07562 -0.04315 -0.020939 -0.012473 0.023005 0.999438 1.0 1.0 1.0
-0.00718 0.07562 -0.04315 -0.020939 0.012473 -0.023005 0.999438 1.0 1.0 1.0
0.04642 0.1142 -0.0041 -0.069963 0.118305 -0.193917 0.971342 1.0 1.0 1.0
-0.04641 0.1142 -0.00409 -0.069967 -0.118302 0.193917 0.971342 1.0 1.0 1.0
0.0198 0.12271 7e-05 -0.084441 0.026319 -0.04193 0.995198 1.0 1.0 1.0
-0.0198 0.12271 7e-05 -0.084441 -0.026319 0.04193 0.995198 1.0 1.0 1.0
-0.02942 0.11104 -0.00169 -0.124381 -0.119509 0.173396 0.969629 1.0 1.0 1.0
0.02942 0.11104 -0.00169 -0.124381 0.119509 -0.173396 0.969629 1.0 1.0 1.0
-0.00705 0.12057 -0.00087 -0.065424 -0.024988 0.041556 0.996679 1.0 1.0 1.0
0.00705 0.12057 -0.00087 -0.065427 0.024991 -0.041556 0.996678 1.0 1.0 1.0
0.03234 0.03392 -0.01127 0.110514 0.463106 -0.46147 0.748575 1.0 1.0 1.0
-0.03234 0.03392 -0.01127 0.110514 -0.463106 0.46147 0.748575 1.0 1.0 1.0
0.0 0.13612 0.0 0.063215 -0.008821 0.266973 0.961588 1.0 1.0 1.0
0.0 0.13612 0.0 0.063215 0.008821 -0.266973 0.961588 1.0 1.0 1.0
0.0 0.03329 0.0 -0.061051 -4e-06 0.0 0.998135 1.0 1.0 1.0
0.0 0.03329 0.0 -0.061048 0.0 0.0 0.998135 1.0 1.0 1.0
0.0 0.03781 0.0 -0.061049 -1e-06 0.0 0.998135 1.0 1.0 1.0
0.0 0.03781 0.0 -0.061049 1e-06 0.0 0.998135 1.0 1.0 1.0
0.0 0.0258 0.0 -0.06105 0.0 0.0 0.998135 1.0 1.0 1.0
0.0 0.0258 0.0 -0.06105 0.0 0.0 0.998135 1.0 1.0 1.0
0.0 0.03416 0.0 -0.061051 -3e-06 0.0 0.998135 1.0 1.0 1.0
0.0 0.03416 0.0 -0.061049 0.0 0.0 0.998135 1.0 1.0 1.0
0.0 0.03794 0.0 -0.086195 -0.000575 0.006638 0.996256 1.0 1.0 1.0
0.0 0.03794 0.0 -0.086195 0.000575 -0.006638 0.996256 1.0 1.0 1.0
0.0 0.02674 0.0 -0.043619 1e-06 1e-06 0.999048 1.0 1.0 1.0
0.0 0.02674 0.0 -0.043619 -1e-06 -1e-06 0.999048 1.0 1.0 1.0
0.0 0.03015 0.0 -0.043618 1e-06 0.0 0.999048 1.0 1.0 1.0
0.0 0.03015 0.0 -0.043618 -1e-06 0.0 0.999048 1.0 1.0 1.0
0.0 0.02184 0.0 -0.04362 -1e-06 0.0 0.999048 1.0 1.0 1.0
0.0 0.02184 0.0 -0.04362 1e-06 0.0 0.999048 1.0 1.0 1.0
0.0 0.0281 0.0 -0.04362 0.0 0.0 0.999048 1.0 1.0 1.0
0.0 0.02809 0.0 -0.04362 0.0 0.0 0.999048 1.0 1.0 1.0
0.0 0.03551 0.0 -0.028693 -0.005283 0.025885 0.999239 1.0 1.0 1.0
0.0 0.03551 0.0 -0.028693 0.005283 -0.025885 0.999239 1.0 1.0 1.0
