0.0 0.01 0.877 0.707107 0.0 0.0 0.707107 1.0 1.0 1.0
0.108 0.03501 0.01197 0.998146 0.052114 0.007898 0.030433 1.0 1.0 1.0
-0.108 0.03501 0.01197 0.99815 -0.052044 -0.007893 0.030431 1.0 1.0 1.0
0.0 0.11713 0.0 0.103649 0.0 0.0 0.994614 1.0 1.0 1.0
0.0 0.40298 0.0 0.094795 -0.000491 -0.014815 0.995386 1.0 1.0 1.0
0.0 0.40298 0.0 0.094793 0.000491 0.014814 0.995387 1.0 1.0 1.0
0.0 0.11353 0.0 -0.122118 1e-06 0.0 0.992516 1.0 1.0 1.0
0.0 0.40596 0.0 -0.589139 -0.096834 0.022395 0.801896 1.0 1.0 1.0
0.0 0.40596 0.0 -0.589138 0.096836 -0.022396 0.801896 1.0 1.0 1.0
0.0 0.14148 0.0 -0.053932 -1e-06 0.0 0.998545 1.0 1.0 1.0
0.0 0.1733 0.0 -0.179058 0.005343 0.021538 0.983588 1.0 1.0 1.0
0.0 0.1733 0.0 -0.179058 -0.005343 -0.021538 0.983588 1.0 1.0 1.0
0.0 0.24687 0.0 0.154416 0.0 0.0 0.988006 1.0 1.0 1.0
0.05 0.20606 -0.00339 -0.464078 -0.466137 -0.64452 0.389797 1.0 1.0 1.0
-0.05 0.20606 -0.00339 -0.464078 0.466137 0.64452 0.389797 1.0 1.0 1.0
0.0 0.11937 0.0 -0.151991 0.006915 -0.291968 0.944249 1.0 1.0 1.0
0.0 0.11937 0.0 -0.151991 -0.006915 0.291968 0.944249 1.0 1.0 1.0
0.0 0.09951 0.0 -0.048212 0.0 0.0 0.998837 1.0 1.0 1.0
0.0 0.1329 0.0 0.0 0.017323 0.0 0.99985 1.0 1.0 1.0
0.0 0.1329 0.0 0.0 -0.017323 0.0 0.99985 1.0 1.0 1.0
0.054 0.12356 0.10523 -0.000163 0.730707 0.682691 0.000152 1.0 1.0 1.0
-0.054 0.12356 0.10523 0.000163 0.730707 0.682691 -0.000152 1.0 1.0 1.0
0.0 0.1329 0.0 -0.059957 0.000115 -0.429318 0.901161 1.0 1.0 1.0
0.0 0.1329 0.0 -0.059957 -0.000116 0.429318 0.901161 1.0 1.0 1.0
-0.03957 0.16679 -0.00162 -0.203173 -0.389702 0.627978 0.642259 1.0 1.0 1.0
0.03957 0.16679 -0.00162 -0.203172 0.389702 -0.627978 0.642259 1.0 1.0 1.0
0.0 0.2624 0.0 0.182406 -0.491326 0.136355 0.840675 1.0 1.0 1.0
0.0 0.2624 0.0 0.182406 0.491327 -0.136355 0.840675 1.0 1.0 1.0
0.0 0.13077 0.0 -0.029699 -0.010097 0.208784 0.977459 1.0 1.0 1.0
0.0 0.13077 0.0 -0.029699 0.010097 -0.208784 0.977459 1.0 1.0 1.0
0.00718 0.07562 -0.04315 -0.020939 -0.012473 0.023005 0.999438 1.0 1.0 1.0
-0.00718 0.07562 -0.04315 -0.020939 0.012473 -0.023005 0.999438 1.0 1.0 1.0
0.04641 0.1142 -0.0041 -0.069963 0.118305 -0.193917 0.971342 1.0 1.0 1.0
-0.04641 0.1142 -0.00409 -0.069967 -0.118302 0.193917 0.971342 1.0 1.0 1.0
0.0198 0.12271 7e-05 -0.084441 0.026319 -0.04193 0.995198 1.0 1.0 1.0
-0.0198 0.12271 7e-05 -0.084441 -0.026319 0.04193 0.995198 1.0 1.0 1.0
-0.02942 0.11104 -0.00169 -0.124381 -0.119509 0.173396 0.969629 1.0 1.0 1.0
0.02942 0.11104 -0.00169 -0.124381 0.119509 -0.173396 0.969629 1.0 1.0 1.0
-0.00705 0.12057 -0.00087 -0.065424 -0.024988 0.041556 0.996679 1.0 1.0 1.0
0.00705 0.12057 -0.00087 -0.065427 0.024991 -0.041556 0.996678 1.0 1.0 1.0
0.03234 0.03392 -0.01127 0.110514 0.463106 -0.46147 0.748575 1.0 1.0 1.0
-0.03234 0.03392 -0.01127 0.110514 -0.463106 0.46147 0.748575 1.0 1.0 1.0
0.0 0.13612 0.0 0.065472 -0.071757 0.114009 0.98872 1.0 1.0 1.0
0.0 0.13612 0.0 0.065471 0.071757 -0.114009 0.98872 1.0 1.0 1.0
0.0 0.03329 0.0 -0.061051 -4e-06 0.0 0.998135 1.0 1.0 1.0
0.0 0.03329 0.0 -0.061048 0.0 0.0 0.998135 1.0 1.0 1.0
0.0 0.03781 0.0 -0.061049 -1e-06 0.0 0.998135 1.0 1.0 1.0
0.0 0.03781 0.0 -0.061049 1e-06 0.0 0.998135 1.0 1.0 1.0
0.0 0.0258 0.0 -0.06105 0.0 0.0 0.998135 1.0 1.0 1.0
0.0 0.0258 0.0 -0.06105 0.0 0.0 0.998135 1.0 1.0 1.0
0.0 0.03416 0.0 -0.061051 -3e-06 0.0 0.998135 1.0 1.0 1.0
0.0 0.03416 0.0 -0.061049 0.0 0.0 0.998135 1.0 1.0 1.0
0.0 0.03794 0.0 -0.086195 -0.000574 0.006638 0.996256 1.0 1.0 1.0
0.0 0.03794 0.0 -0.086195 0.000575 -0.006638 0.996256 1.0 1.0 1.0
0.0 0.02674 0.0 -0.043619 1e-06 1e-06 0.999048 1.0 1.0 1.0
0.0 0.02674 0.0 -0.043619 -1e-06 -1e-06 0.999048 1.0 1.0 1.0
0.0 0.03015 0.0 -0.043618 1e-06 0.0 0.999048 1.0 1.0 1.0
0.0 0.03015 0.0 -0.043618 -1e-06 0.0 0.999048 1.0 1.0 1.0
0.0 0.02184 0.0 -0.04362 -1e-06 0.0 0.999048 1.0 1.0 1.0
0.0 0.02184 0.0 -0.04362 1e-06 0.0 0.999048 1.0 1.0 1.0
0.0 0.02809 0.0 -0.04362 0.0 0.0 0.999048 1.0 1.0 1.0
0.0 0.02809 0.0 -0.04362 0.0 0.0 0.999048 1.0 1.0 1.0
0.0 0.03551 0.0 -0.028693 -0.005283 0.025885 0.999239 1.0 1.0 1.0
0.0 0.03551 0.0 -0.028693 0.005283 -0.025885 0.999239 1.0 1.0 1.0
