0.0 0.01 0.777 0.707107 0.0 0.0 0.707107 1.0 1.0 1.0
0.108 0.03501 0.01197 0.950824 0.078561 -0.16975 0.246873 1.0 1.0 1.0
-0.108 0.03501 0.01197 0.950824 -0.078553 0.169751 0.246875 1.0 1.0 1.0
0.0 0.11713 0.0 0.232585 0.000306 -0.000306 0.972576 1.0 1.0 1.0
0.0 0.40298 0.0 0.482081 -0.000431 -0.075341 0.872881 1.0 1.0 1.0
0.0 0.40298 0.0 0.482081 0.000431 0.07534 0.872881 1.0 1.0 1.0
0.0 0.11353 0.0 -0.078709 -0.000126 0.000157 0.996898 1.0 1.0 1.0
0.0 0.40596 0.0 -0.727486 -0.00459 0.112482 0.676824 1.00001 1.0 1.0
0.0 0.40596 0.0 -0.727486 0.004592 -0.112484 0.676824 1.0 1.0 1.0
0.0 0.14148 0.0 -0.183806 -0.000136 0.000129 0.982963 1.0 1.0 1.0
0.0 0.1733 0.0 -0.179058 0.005343 0.021538 0.983588 1.0 1.0 1.0
0.0 0.1733 0.0 -0.179058 -0.005343 -0.021538 0.983588 1.0 1.0 1.0
0.0 0.24687 0.0 -0.063088 -0.000345 0.000298 0.998008 1.0 1.0 1.0
0.05104 0.21094 -0.0031 -0.480829 -0.422107 -0.461844 0.614272 1.0 1.0 1.0
-0.05104 0.21094 -0.0031 -0.480834 0.4221 0.461837 0.614278 1.0 1.0 1.0
0.0 0.11937 0.0 0.317853 -0.011451 -0.21173 0.924126 1.0 1.0 1.0
0.0 0.11937 0.0 0.31758 0.011446 0.211635 0.924242 1.0 1.0 1.0
0.0 0.09951 0.0 -0.263256 -0.000412 0.000488 0.964726 1.0 1.0 1.0
0.0 0.1329 0.0 0.0 -0.352561 0.0 0.935789 1.0 1.0 1.0
0.0 0.1329 0.0 0.0 0.352527 0.0 0.935802 1.0 1.0 1.0
0.054 0.12356 0.10523 -0.027193 0.761502 0.647003 0.027619 1.0 1.0 1.0
-0.054 0.12356 0.10523 -0.027193 -0.761502 -0.647003 0.027618 1.0 1.0 1.0
0.0 0.1329 0.0 0.112672 0.045552 -0.549371 0.826693 1.0 1.0 1.0
0.0 0.1329 0.0 0.112627 -0.045543 0.54924 0.826787 1.0 1.0 1.0
-0.03957 0.16679 -0.00162 -0.377096 -0.379682 0.731165 0.423128 1.0 1.0 1.0
0.03957 0.16679 -0.00162 -0.377096 0.379682 -0.731165 0.423128 1.0 1.0 1.0
0.0 0.2624 0.0 0.624506 -0.426789 0.159819 0.634272 1.0 1.0 1.0
0.0 0.2624 0.0 0.624451 0.42696 -0.159452 0.634303 1.0 1.0 1.0
0.0 0.13077 0.0 -0.179626 -0.000568 0.28205 0.942434 1.0 1.0 1.0
0.0 0.13077 0.0 -0.179626 0.000568 -0.28205 0.942434 1.0 1.0 1.0
0.00718 0.07562 -0.04315 -0.020939 -0.012473 0.023005 0.999438 1.0 1.0 1.0
-0.00718 0.07562 -0.04315 -0.020939 0.012473 -0.023005 0.999438 1.0 1.0 1.0
0.04641 0.1142 -0.0041 -0.069963 0.118305 -0.193917 0.971342 1.0 1.0 1.0
-0.04641 0.1142 -0.0041 -0.069967 -0.118302 0.193917 0.971342 1.0 1.0 1.0
0.0198 0.12271 7e-05 -0.084441 0.026319 -0.04193 0.995198 1.0 1.0 1.0
-0.0198 0.12271 7e-05 -0.084441 -0.026319 0.04193 0.995198 1.0 1.0 1.0
-0.02942 0.11104 -0.00169 -0.124381 -0.119509 0.173396 0.969629 1.0 1.0 1.0
0.02942 0.11104 -0.00169 -0.124381 0.11951 -0.173396 0.969629 1.0 1.0 1.0
-0.00705 0.12057 -0.00087 -0.065424 -0.024988 0.041556 0.996679 1.0 1.0 1.0
0.00705 0.12057 -0.00087 -0.065427 0.024991 -0.041556 0.996678 1.0 1.0 1.0
0.03234 0.03392 -0.01127 0.110514 0.463106 -0.46147 0.748575 1.0 1.0 1.0
-0.03234 0.03392 -0.01127 0.110514 -0.463106 0.46147 0.748575 1.0 1.0 1.0
0.0 0.13612 0.0 0.171589 0.040456 0.318461 0.931398 1.0 1.0 1.0
0.0 0.13612 0.0 0.171589 -0.040456 -0.318461 0.931398 1.0 1.0 1.0
0.0 0.03329 0.0 -0.061051 -4e-06 0.0 0.998135 1.0 1.0 1.0
0.0 0.03329 0.0 -0.061048 0.0 0.0 0.998135 1.0 1.0 1.0
0.0 0.03781 0.0 -0.061049 -1e-06 0.0 0.998135 1.0 1.0 1.0
0.0 0.03781 0.0 -0.061049 1e-06 0.0 0.998135 1.0 1.0 1.0
0.0 0.0258 0.0 -0.06105 0.0 0.0 0.998135 1.0 1.0 1.0
0.0 0.0258 0.0 -0.06105 0.0 0.0 0.998135 1.0 1.0 1.0
0.0 0.03416 0.0 -0.061051 -3e-06 0.0 0.998135 1.0 1.0 1.0
0.0 0.03416 0.0 -0.061049 0.0 0.0 0.998135 1.0 1.0 1.0
0.0 0.03794 0.0 -0.086195 -0.000574 0.006638 0.996256 1.0 1.0 1.0
0.0 0.03794 0.0 -0.086195 0.000575 -0.006638 0.996256 1.0 1.0 1.0
0.0 0.02674 0.0 -0.043619 1e-06 1e-06 0.999048 1.0 1.0 1.0
0.0 0.02674 0.0 -0.043619 -1e-06 -1e-06 0.999048 1.0 1.0 1.0
0.0 0.03015 0.0 -0.043618 1e-06 0.0 0.999048 1.0 1.0 1.0
0.0 0.03015 0.0 -0.043618 -1e-06 0.0 0.999048 1.0 1.0 1.0
0.0 0.02184 0.0 -0.04362 -1e-06 0.0 0.999048 1.0 1.0 1.0
0.0 0.02184 0.0 -0.04362 1e-06 0.0 0.999048 1.0 1.0 1.0
0.0 0.02809 0.0 -0.04362 0.0 0.0 0.999048 1.0 1.0 1.0
0.0 0.02809 0.0 -0.04362 0.0 0.0 0.999048 1.0 1.0 1.0
0.0 0.03551 0.0 -0.028693 -0.005283 0.025885 0.999239 1.0 1.0 1.0
0.0 0.03551 0.0 -0.028693 0.005283 -0.025885 0.999239 1.0 1.0 1.0
