0.0 0.01 0.577 0.707107 0.0 0.0 0.707107 1.0 1.0 1.0
0.10798 0.01001 0.012 0.879852 0.064058 -0.045724 0.468686 1.0 1.0 1.0
-0.10798 0.01001 0.012 0.879852 -0.064054 0.045725 0.468687 1.0 1.0 1.0
0.0 0.11713 0.0 0.274786 0.000407 -0.000407 0.961505 1.0 1.0 1.0
0.0 0.40298 0.0 0.791813 -0.000295 -0.123746 0.598096 1.0 1.0 1.0
0.0 0.40298 0.0 0.791813 0.000295 0.123746 0.598097 1.0 1.0 1.0
0.0 0.11353 0.0 -0.165294 0.000129 -0.000158 0.986244 1.0 1.0 1.0
0.0 0.40596 0.0 -0.834006 -0.011664 0.158031 0.528511 1.0 1.0 1.0
0.0 0.40596 0.0 -0.834006 0.011666 -0.158035 0.52851 1.0 1.0 1.0
0.0 0.14148 0.0 -0.053932 -1e-06 0.0 0.998545 1.0 1.0 1.0
0.0 0.1733 0.0 -0.179058 0.005343 0.021538 0.983588 1.0 1.0 1.0
0.0 0.1733 0.0 -0.179058 -0.005343 -0.021538 0.983588 1.0 1.0 1.0
0.0 0.24687 0.0 0.239938 0.000139 -0.00012 0.970788 1.0 1.0 1.0
0.05 0.20606 -0.00339 -0.469401 -0.459848 -0.646579 0.387477 1.0 1.0 1.0
-0.05 0.20606 -0.00339 -0.469568 0.459679 0.646397 0.387779 1.0 1.0 1.0
0.0 0.11937 0.0 -0.052506 -0.000138 -0.321141 0.945575 1.0 1.0 1.0
0.0 0.11937 0.0 -0.052428 9.7e-05 0.319487 0.946139 1.0 1.0 1.0
0.0 0.09951 0.0 -0.091734 -8.3e-05 9.8e-05 0.995784 1.0 1.0 1.0
0.0 0.1329 0.0 0.0 0.001728 0.0 0.999999 1.0 1.0 1.0
0.0 0.1329 0.0 0.0 -0.001733 0.0 0.999999 1.0 1.0 1.0
0.054 0.12356 0.10523 -0.069446 -0.684236 -0.723046 0.064832 1.0 1.0 1.0
-0.054 0.12356 0.10523 -0.069446 0.684237 0.723045 0.064831 1.0 1.0 1.0
0.0 0.1329 0.0 -0.039332 -0.000647 -0.464331 0.884788 1.0 1.0 1.0
0.0 0.1329 0.0 -0.039378 0.000652 0.464678 0.884604 1.0 1.0 1.0
-0.03957 0.16679 -0.00162 -0.24066 -0.42841 0.601449 0.629926 1.0 1.0 1.0
0.03957 0.16679 -0.00162 -0.240659 0.428411 -0.601449 0.629926 1.0 1.0 1.0
0.0 0.2624 0.0 0.10124 0.107916 0.170272 0.974224 1.0 1.0 1.0
0.0 0.2624 0.0 0.101772 -0.106779 -0.169582 0.974414 1.0 1.0 1.0
0.0 0.13077 0.0 0.09165 -0.016454 0.226249 0.969609 1.0 1.0 1.0
0.0 0.13077 0.0 0.09165 0.016454 -0.22625 0.969609 1.0 1.0 1.0
0.00718 0.07562 -0.04315 -0.020939 -0.012473 0.023005 0.999438 1.0 1.0 1.0
-0.00718 0.07562 -0.04315 -0.020939 0.012473 -0.023005 0.999438 1.0 1.0 1.0
0.04641 0.1142 -0.0041 -0.069963 0.118305 -0.193917 0.971342 1.0 1.0 1.0
-0.04641 0.1142 -0.0041 -0.069967 -0.118302 0.193917 0.971342 1.0 1.0 1.0
0.0198 0.12271 7e-05 -0.084441 0.026319 -0.04193 0.995198 1.0 1.0 1.0
-0.0198 0.12271 7e-05 -0.084441 -0.026319 0.04193 0.995198 1.0 1.0 1.0
-0.02942 0.11104 -0.00169 -0.124381 -0.119509 0.173396 0.969629 1.0 1.0 1.0
0.02942 0.11104 -0.00169 -0.124381 0.119509 -0.173396 0.969629 1.0 1.0 1.0
-0.00705 0.12057 -0.00087 -0.065424 -0.024988 0.041556 0.996679 1.0 1.0 1.0
0.00705 0.12057 -0.00087 -0.065427 0.024991 -0.041556 0.996678 1.0 1.0 1.0
0.03234 0.03392 -0.01127 0.110514 0.463106 -0.46147 0.748575 1.0 1.0 1.0
-0.03234 0.03392 -0.01127 0.110514 -0.463106 0.46147 0.748575 1.0 1.0 1.0
0.0 0.13612 0.0 0.142228 -0.14535 0.003355 0.979098 1.0 1.0 1.0
0.0 0.13612 0.0 0.142227 0.14535 -0.003355 0.979098 1.0 1.0 1.0
0.0 0.03329 0.0 -0.061051 -4e-06 -1e-06 0.998135 1.0 1.0 1.0
0.0 0.03329 0.0 -0.061048 0.0 0.0 0.998135 1.0 1.0 1.0
0.0 0.03781 0.0 -0.061049 -1e-06 0.0 0.998135 1.0 1.0 1.0
0.0 0.03781 0.0 -0.061049 1e-06 0.0 0.998135 1.0 1.0 1.0
0.0 0.0258 0.0 -0.06105 0.0 0.0 0.998135 1.0 1.0 1.0
0.0 0.0258 0.0 -0.06105 0.0 0.0 0.998135 1.0 1.0 1.0
0.0 0.03416 0.0 -0.061051 -3e-06 0.0 0.998135 1.0 1.0 1.0
0.0 0.03416 0.0 -0.061049 0.0 0.0 0.998135 1.0 1.0 1.0
0.0 0.03794 0.0 -0.086195 -0.000575 0.006638 0.996256 1.0 1.0 1.0
0.0 0.03794 0.0 -0.086195 0.000575 -0.006638 0.996256 1.0 1.0 1.0
0.0 0.02674 0.0 -0.043619 1e-06 1e-06 0.999048 1.0 1.0 1.0
0.0 0.02674 0.0 -0.043619 -1e-06 -1e-06 0.999048 1.0 1.0 1.0
0.0 0.03015 0.0 -0.043618 1e-06 0.0 0.999048 1.0 1.0 1.0
0.0 0.03015 0.0 -0.043618 -1e-06 0.0 0.999048 1.0 1.0 1.0
0.0 0.02184 0.0 -0.04362 -1e-06 0.0 0.999048 1.0 1.0 1.0
0.0 0.02184 0.0 -0.04362 1e-06 0.0 0.999048 1.0 1.0 1.0
0.0 0.02809 0.0 -0.04362 0.0 0.0 0.999048 1.0 1.0 1.0
0.0 0.02809 0.0 -0.04362 0.0 0.0 0.999048 1.0 1.0 1.0
0.0 0.03551 0.0 -0.028693 -0.005283 0.025885 0.999239 1.0 1.0 1.0
0.0 0.03551 0.0 -0.028693 0.005283 -0.025885 0.999239 1.0 1.0 1.0
