0.0 0.03 0.477 0.707107 0.0 0.0 0.707107 1.0 1.0 1.0
0.11726 0.05095 -0.02051 0.931583 0.068949 -0.005103 0.356893 1.0 1.0 1.0
-0.11726 0.05095 -0.02051 0.931583 -0.068948 0.005104 0.356893 1.0 1.0 1.0
0.0 0.11713 0.0 0.18994 0.000204 -0.000204 0.981796 1.0 1.0 1.0
0.0 0.40298 -0.0 0.804188 -0.000645 -0.096394 0.586506 1.0 1.0 1.0
0.0 0.40298 0.0 0.804188 0.000645 0.096394 0.586506 1.0 1.0 1.0
-0.0 0.11353 0.0 -0.208156 0.000257 -0.000315 0.978096 1.0 1.0 1.0
-0.0 0.40596 -0.0 -0.82421 -0.007228 0.040549 0.564785 1.0 1.0 1.0
0.0 0.40596 0.0 -0.82421 0.007228 -0.04055 0.564785 1.0 1.0 1.0
-0.0 0.14148 -0.0 -0.053932 -0.000001 -0.0 0.998545 1.0 1.0 1.0
-0.0 0.1733 -0.0 -0.179058 0.005343 0.021538 0.983588 1.0 1.0 1.0
-0.0 0.1733 -0.0 -0.179058 -0.005343 -0.021538 0.983588 1.0 1.0 1.0
-0.0 0.24687 -0.0 0.154416 -0.0 0.0 0.988006 1.0 1.0 1.0
0.05731 0.21959 0.00028 -0.523202 -0.427818 -0.544684 0.496539 1.0 1.0 1.0
-0.05731 0.21959 0.00028 -0.523246 0.427749 0.544684 0.496551 1.0 1.0 1.0
-0.0 0.11937 -0.0 0.272179 -0.052229 -0.037666 0.96009 1.0 1.0 1.0
0.0 0.11937 0.0 0.271233 0.052151 0.036087 0.960422 1.0 1.0 1.0
-0.0 0.09951 -0.0 -0.048212 -0.0 0.0 0.998837 1.0 1.0 1.0
0.0 0.1329 -0.0 0.0 -0.035878 -0.0 0.999356 1.0 1.0 1.0
-0.0 0.1329 0.0 -0.0 0.035556 0.0 0.999368 1.0 1.0 1.0
0.054 0.12356 0.10523 -0.000163 0.730707 0.682691 0.000152 1.0 1.0 1.0
-0.054 0.12356 0.10523 0.000163 0.730707 0.682691 -0.000152 1.0 1.0 1.0
0.0 0.1329 0.0 0.010729 -0.000675 -0.546578 0.837339 1.0 1.0 1.0
0.0 0.1329 -0.0 0.01065 0.000668 0.546222 0.837573 1.0 1.0 1.0
-0.03957 0.16679 -0.00162 -0.408235 -0.364314 0.717076 0.431765 1.0 1.0 1.0
0.03957 0.16679 -0.00162 -0.408234 0.364315 -0.717076 0.431765 1.0 1.0 1.0
-0.0 0.2624 -0.0 -0.020329 -0.280139 -0.231679 0.931361 1.0 1.0 1.0
-0.0 0.2624 -0.0 -0.0201 0.279915 0.232697 0.93118 1.0 1.0 1.0
-0.0 0.13077 -0.0 -0.171727 0.020415 0.181817 0.968006 1.0 1.0 1.0
0.0 0.13077 -0.0 -0.171727 -0.020415 -0.181818 0.968006 1.0 1.0 1.0
0.00718 0.07562 -0.04315 -0.020939 -0.012473 0.023005 0.999438 1.0 1.0 1.0
-0.00718 0.07562 -0.04315 -0.020939 0.012473 -0.023005 0.999438 1.0 1.0 1.0
0.04641 0.1142 -0.0041 -0.456847 0.113912 -0.1146 0.874747 1.0 1.0 1.0
-0.04641 0.1142 -0.00409 -0.456851 -0.113908 0.1146 0.874745 1.0 1.0 1.0
0.0198 0.12271 0.00007 -0.469251 0.030331 -0.02733 0.882121 1.0 1.0 1.0
-0.0198 0.12271 0.00007 -0.469251 -0.030331 0.02733 0.882121 1.0 1.0 1.0
-0.02942 0.11104 -0.00169 -0.49447 -0.124062 0.101447 0.854293 1.0 1.0 1.0
0.02942 0.11104 -0.00169 -0.49447 0.124062 -0.101447 0.854293 1.0 1.0 1.0
-0.00705 0.12057 -0.00087 -0.461468 -0.024078 0.02697 0.88642 1.0 1.0 1.0
0.00705 0.12057 -0.00087 -0.46147 0.024081 -0.026969 0.886419 1.0 1.0 1.0
0.03234 0.03392 -0.01127 0.095514 0.527999 -0.364666 0.760994 1.0 1.0 1.0
-0.03234 0.03392 -0.01127 0.095514 -0.527999 0.364666 0.760994 1.0 1.0 1.0
-0.0 0.13612 -0.0 0.12773 0.004778 -0.071131 0.989244 1.0 1.0 1.0
-0.0 0.13612 0.0 0.12773 -0.004778 0.071131 0.989244 1.0 1.0 1.0
0.0 0.03329 -0.0 -0.493059 -0.000004 -0.000002 0.869996 1.0 1.0 1.0
0.0 0.03329 -0.0 -0.493056 -0.0 0.0 0.869998 1.0 1.0 1.0
-0.0 0.03781 0.0 -0.493057 -0.000001 -0.0 0.869997 1.0 1.0 1.0
0.0 0.03781 -0.0 -0.493057 0.000001 0.0 0.869997 1.0 1.0 1.0
-0.0 0.0258 0.0 -0.463182 -0.0 -0.0 0.886263 1.0 1.0 1.0
0.0 0.0258 0.0 -0.463182 0.0 0.0 0.886263 1.0 1.0 1.0
0.0 0.03416 -0.0 -0.493059 -0.000003 -0.000002 0.869996 1.0 1.0 1.0
0.0 0.03416 0.0 -0.493057 0.0 0.0 0.869997 1.0 1.0 1.0
0.0 0.03794 -0.0 -0.169596 0.031306 0.044558 0.984008 1.0 1.0 1.0
-0.0 0.03794 -0.0 -0.169596 -0.031306 -0.044558 0.984008 1.0 1.0 1.0
-0.0 0.02674 -0.0 -0.384418 0.000001 0.000001 0.923159 1.0 1.0 1.0
-0.0 0.02674 -0.0 -0.384418 -0.000001 -0.000001 0.923159 1.0 1.0 1.0
-0.0 0.03015 -0.0 -0.384417 0.000001 0.0 0.92316 1.0 1.0 1.0
-0.0 0.03015 -0.0 -0.384417 -0.000001 -0.0 0.92316 1.0 1.0 1.0
0.0 0.02184 -0.0 -0.364807 -0.000001 -0.000001 0.931083 1.0 1.0 1.0
-0.0 0.02184 0.0 -0.364807 0.000001 0.0 0.931083 1.0 1.0 1.0
0.0 0.02809 -0.0 -0.384418 -0.0 -0.0 0.923159 1.0 1.0 1.0
0.0 0.0281 0.0 -0.384418 0.0 0.0 0.923159 1.0 1.0 1.0
-0.0 0.03551 0.0 -0.104374 -0.002458 0.029913 0.994085 1.0 1.0 1.0
0.0 0.03551 0.0 -0.104374 0.002458 -0.029913 0.994085 1.0 1.0 1.0
