0.0 -0.01 0.882 0.0 0.707107 0.707107 0.0 1.0 1.0 1.0
0.10411 0.02982 0.00943 0.998172 0.027249 -0.011262 0.052759 1.0 1.0 1.0
-0.10314 0.02858 0.00846 0.997763 -0.020676 0.016181 0.061476 1.0 1.0 1.0
0.0 0.11713 0.0 0.103649 0.0 0.0 0.994614 1.0 1.0 1.0
0.0 0.40298 0.0 0.133932 -0.000378 -0.022347 0.990738 1.0 1.0 1.0
0.0 0.40298 0.0 0.149701 0.00035 0.025359 0.988406 1.0 1.0 1.0
0.0 0.11353 0.0 -0.122118 0.000001 0.0 0.992516 1.0 1.0 1.0
0.0 0.40596 0.0 -0.605396 -0.071556 0.017038 0.792518 1.0 1.0 1.0
0.0 0.40596 0.0 -0.611698 0.065494 -0.016238 0.788208 1.0 1.0 1.0
0.0 0.14148 0.0 -0.053932 -0.000001 0.0 0.998545 1.0 1.0 1.0
0.0 0.1733 0.0 -0.179058 0.005342 0.021538 0.983588 1.0 1.0 1.0
0.0 0.1733 0.0 -0.179058 -0.005343 -0.021538 0.983588 1.0 1.0 1.0
0.0 0.24687 0.0 0.154416 0.0 0.0 0.988006 1.0 1.0 1.0
0.05 0.20606 -0.00339 -0.546052 -0.322049 -0.630769 0.447483 1.0 1.0 1.0
-0.05 0.20606 -0.00339 -0.546052 0.322049 0.630769 0.447483 1.0 1.0 1.0
0.0 0.11937 0.0 -0.422075 0.043928 0.082207 0.901757 1.0 1.0 1.0
0.0 0.11937 0.0 -0.422075 -0.043928 -0.082207 0.901757 1.0 1.0 1.0
0.0 0.09951 0.0 -0.048212 0.0 0.0 0.998837 1.0 1.0 1.0
0.0 0.1329 0.0 0.0 0.026045 0.0 0.999661 1.0 1.0 1.0
0.0 0.1329 0.0 0.0 -0.026045 0.0 0.999661 1.0 1.0 1.0
0.054 0.12356 0.10523 -0.000163 0.730707 0.682691 0.000152 1.0 1.0 1.0
-0.054 0.12356 0.10523 0.000163 0.730707 0.682691 -0.000152 1.0 1.0 1.0
0.0 0.1329 0.0 -0.064486 0.004428 -0.268924 0.96099 1.0 1.0 1.0
0.0 0.1329 0.0 -0.064487 -0.004428 0.268924 0.96099 1.0 1.0 1.0
-0.03957 0.16679 -0.00162 -0.013022 -0.663939 0.397886 0.63301 1.0 1.0 1.0
0.03957 0.16679 -0.00162 -0.013021 0.663939 -0.397886 0.63301 1.0 1.0 1.0
0.0 0.2624 0.0 0.003612 -0.031556 0.12238 0.991975 1.0 1.0 1.0
0.0 0.2624 0.0 0.003612 0.031557 -0.12238 0.991975 1.0 1.0 1.0
0.0 0.13077 0.0 -0.159537 -0.114573 -0.299725 0.933588 1.0 1.0 1.0
0.0 0.13077 0.0 -0.159537 0.114573 0.299725 0.933588 1.0 1.0 1.0
0.00718 0.07562 -0.04315 -0.020939 -0.012473 0.023005 0.999438 1.0 1.0 1.0
-0.00718 0.07562 -0.04315 -0.020939 0.012473 -0.023005 0.999438 1.0 1.0 1.0
0.04641 0.1142 -0.0041 -0.069963 0.118305 -0.193917 0.971342 1.0 1.0 1.0
-0.04641 0.1142 -0.00409 -0.069967 -0.118302 0.193917 0.971342 1.0 1.0 1.0
0.0198 0.12271 0.00007 -0.084441 0.026319 -0.04193 0.995198 1.0 1.0 1.0
-0.0198 0.12271 0.00007 -0.084441 -0.026319 0.04193 0.995198 1.0 1.0 1.0
-0.02942 0.11104 -0.00169 -0.124381 -0.119509 0.173396 0.969629 1.0 1.0 1.0
0.02942 0.11104 -0.00169 -0.124381 0.119509 -0.173396 0.969629 1.0 1.0 1.0
-0.00705 0.12057 -0.00087 -0.065424 -0.024988 0.041556 0.996679 1.0 1.0 1.0
0.00705 0.12057 -0.00087 -0.065427 0.024991 -0.041556 0.996678 1.0 1.0 1.0
0.03234 0.03392 -0.01127 0.110514 0.463106 -0.46147 0.748575 1.0 1.0 1.0
-0.03234 0.03392 -0.01127 0.110514 -0.463106 0.46147 0.748575 1.0 1.0 1.0
0.0 0.13612 0.0 -0.089475 0.214143 0.108842 0.966587 1.0 1.0 1.0
0.0 0.13612 0.0 -0.089476 -0.214143 -0.108842 0.966587 1.0 1.0 1.0
0.0 0.03329 0.0 -0.061051 -0.000004 -0.000001 0.998135 1.0 1.0 1.0
0.0 0.03329 0.0 -0.061048 0.0 0.0 0.998135 1.0 1.0 1.0
0.0 0.03781 0.0 -0.061049 -0.000001 0.0 0.998135 1.0 1.0 1.0
0.0 0.03781 0.0 -0.061049 0.000001 0.0 0.998135 1.0 1.0 1.0
0.0 0.0258 0.0 -0.06105 0.0 0.0 0.998135 1.0 1.0 1.0
0.0 0.0258 0.0 -0.06105 0.0 0.0 0.998135 1.0 1.0 1.0
0.0 0.03416 0.0 -0.061052 -0.000003 0.0 0.998135 1.0 1.0 1.0
0.0 0.03416 0.0 -0.061049 0.000001 0.0 0.998135 1.0 1.0 1.0
0.0 0.03794 0.0 -0.086195 -0.000574 0.006638 0.996256 1.0 1.0 1.0
0.0 0.03794 0.0 -0.086195 0.000575 -0.006638 0.996256 1.0 1.0 1.0
0.0 0.02674 0.0 -0.043619 0.000001 0.000001 0.999048 1.0 1.0 1.0
0.0 0.02674 0.0 -0.043619 -0.000001 -0.000001 0.999048 1.0 1.0 1.0
0.0 0.03015 0.0 -0.043618 0.000001 0.0 0.999048 1.0 1.0 1.0
0.0 0.03015 0.0 -0.043618 -0.000001 0.0 0.999048 1.0 1.0 1.0
0.0 0.02184 0.0 -0.04362 -0.000001 0.0 0.999048 1.0 1.0 1.0
0.0 0.02184 0.0 -0.04362 0.000001 0.0 0.999048 1.0 1.0 1.0
0.0 0.02809 0.0 -0.043619 0.0 0.0 0.999048 1.0 1.0 1.0
0.0 0.02809 0.0 -0.04362 0.0 0.0 0.999048 1.0 1.0 1.0
0.0 0.03551 0.0 -0.028694 -0.005283 0.025885 0.999239 1.0 1.0 1.0
0.0 0.03551 0.0 -0.028693 0.005283 -0.025885 0.999239 1.0 1.0 1.0
