0.0 -0.09342 0.24424 0.0 0.936053 0.351858 0.0 1.0 1.0 1.0
0.13256 0.0675 0.06473 -0.025827 -0.425543 -0.902628 0.059237 1.0 1.0 1.0
-0.13256 0.0675 0.06473 -0.025826 0.425543 0.902628 0.059237 1.0 1.0 1.0
0.0 0.14486 0.0 -0.314414 0.0 0.0 0.949286 1.0 1.0 1.0
0.0 0.18215 0.0 -0.298688 0.0 0.0 0.954351 1.0 1.0 1.0
0.0 0.13548 0.0 -0.237872 0.013552 -0.063186 0.969144 1.0 1.0 1.0
0.0 0.13548 0.0 -0.237872 -0.013552 0.063186 0.969144 1.0 1.0 1.0
0.01404 0.14058 0.11438 -0.102084 0.305636 -0.512038 0.79623 1.0 1.0 1.0
-0.01404 0.14058 0.11438 -0.102084 -0.305636 0.512038 0.796231 1.0 1.0 1.0
0.0 0.07781 0.0 0.797754 0.0 0.0 0.602983 1.0 1.0 1.0
0.0 0.07781 0.0 0.797754 0.0 0.0 0.602983 1.0 1.0 1.0
0.0 0.19938 0.0 0.288958 0.0 0.0 0.957342 1.0 1.0 1.0
0.03294 0.18631 0.01195 -0.119967 -0.525391 -0.46429 0.702856 1.0 1.0 1.0
-0.03294 0.18631 0.01195 -0.119967 0.525391 0.46429 0.702856 1.0 1.0 1.0
0.0 0.08174 0.0 0.002873 0.0 0.0 0.999996 1.0 1.0 1.0
0.0 0.12188 0.0 0.087708 0.0 0.0 0.996146 1.0 1.0 1.0
0.0 0.12188 0.0 0.087708 0.0 0.0 0.996146 1.0 1.0 1.0
0.0 0.21801 0.0 -0.006595 0.065675 -0.094671 0.993318 1.0 1.0 1.0
0.0 0.21801 0.0 -0.006595 -0.065675 0.094671 0.993318 1.0 1.0 1.0
0.0 0.15461 0.0 -0.097495 -0.040495 0.046516 0.993323 1.0 1.0 1.0
0.0 0.15461 0.0 -0.097495 0.040495 -0.046516 0.993323 1.0 1.0 1.0
