0.0 0.0 0.0 0.0 0.707107 0.707107 0.0 1.0 1.0 1.0
0.0 0.6234 0.0 0.0 0.0 0.0 1.0 1.0 1.0 1.0
0.0 0.0 0.0 0.0 0.0 0.0 1.0 1.0 1.0 1.0
0.0 -0.07423 0.0 0.0 0.0 0.0 1.0 1.0 1.0 1.0
0.0 -0.6234 0.0 0.0 0.0 0.0 1.0 1.0 1.0 1.0
0.12307 0.0005 0.00313 0.0 0.0 0.0 1.0 1.0 1.0 1.0
-0.12307 0.0005 0.00313 1.0 0.0 0.0 0.0 1.0 1.0 1.0
0.0 0.10781 0.00295 0.0 0.0 0.0 1.0 1.0 1.0 1.0
0.0 0.10781 0.00295 0.0 0.0 0.0 1.0 1.0 1.0 1.0
0.0 0.12763 0.0 0.0 0.0 0.0 1.0 1.0 1.0 1.0
0.00155 -0.20992 -0.00406 0.0 0.0 0.0 1.0 1.0 1.0 1.0
-0.00155 0.20992 0.00406 0.0 0.0 0.0 1.0 1.0 1.0 1.0
0.00195 -0.15497 -0.00508 0.0 0.0 0.0 1.0 1.0 1.0 1.0
0.00231 -0.184 -0.00603 0.0 0.0 0.0 1.0 1.0 1.0 1.0
0.09435 0.08792 -0.02319 0.0 0.0 0.0 1.0 1.0 1.0 1.0
0.0 0.12737 -0.02727 0.0 0.0 0.0 1.0 1.0 1.0 1.0
-0.0019 0.155 0.0051 0.0 0.0 0.0 1.0 1.0 1.0 1.0
-0.00231 0.184 0.00603 0.0 0.0 0.0 1.0 1.0 1.0 1.0
-0.09435 0.08792 -0.02319 1.0 0.0 0.0 0.0 1.0 1.0 1.0
0.0 0.11236 0.01955 0.0 0.0 0.0 1.0 1.0 1.0 1.0
0.0935 -0.00094 -0.0012 0.0 0.0 0.0 1.0 1.0 1.0 1.0
0.00103 -0.07412 0.1367 0.0 0.0 0.0 1.0 1.0 1.0 1.0
-0.0935 0.00094 0.0012 0.0 0.0 0.0 1.0 1.0 1.0 1.0
-0.00103 0.07412 -0.1367 0.0 0.0 0.0 1.0 1.0 1.0 1.0
0.0 0.29363 0.04184 0.0 0.0 0.0 1.0 1.0 1.0 1.0
0.17528 0.00003 0.0 0.0 0.0 0.0 1.0 1.0 1.0 1.0
-0.00194 0.03537 0.21175 0.0 0.0 0.0 1.0 1.0 1.0 1.0
-0.00217 0.03772 0.01545 0.0 0.0 0.0 1.0 1.0 1.0 1.0
-0.00433 0.07298 0.20253 0.0 0.0 0.0 1.0 1.0 1.0 1.0
-0.17528 -0.00003 0.0 0.0 0.0 0.0 1.0 1.0 1.0 1.0
-0.00375 0.03157 0.21133 0.0 0.0 0.0 1.0 1.0 1.0 1.0
0.17235 -0.00005 0.00301 0.0 0.0 0.0 1.0 1.0 1.0 1.0
0.18335 0.00121 0.00309 0.0 0.0 0.0 1.0 1.0 1.0 1.0
-0.17235 0.00005 -0.00301 0.0 0.0 0.0 1.0 1.0 1.0 1.0
-0.18335 -0.00121 -0.00309 0.0 0.0 0.0 1.0 1.0 1.0 1.0
0.14794 0.03756 0.05434 0.0 0.0 0.0 1.0 1.0 1.0 1.0
0.15393 0.04553 0.01196 0.0 0.0 0.0 1.0 1.0 1.0 1.0
0.14728 0.04113 -0.03124 0.0 0.0 0.0 1.0 1.0 1.0 1.0
0.1413 0.02956 -0.07001 0.0 0.0 0.0 1.0 1.0 1.0 1.0
0.09391 -0.02147 0.09958 0.0 0.0 0.0 1.0 1.0 1.0 1.0
-0.14794 -0.03756 -0.05434 0.0 0.0 0.0 1.0 1.0 1.0 1.0
-0.15393 -0.04553 -0.01196 0.0 0.0 0.0 1.0 1.0 1.0 1.0
-0.14728 -0.04113 0.03124 0.0 0.0 0.0 1.0 1.0 1.0 1.0
-0.1413 -0.02956 0.07001 0.0 0.0 0.0 1.0 1.0 1.0 1.0
-0.14826 0.01591 -0.00249 0.0 0.0 0.0 1.0 1.0 1.0 1.0
-0.09391 0.02147 -0.09958 0.0 0.0 0.0 1.0 1.0 1.0 1.0
0.05825 -0.00249 0.00074 0.0 0.0 0.0 1.0 1.0 1.0 1.0
0.05524 -0.00625 0.00034 0.0 0.0 0.0 1.0 1.0 1.0 1.0
0.0566 -0.00383 0.00033 0.0 0.0 0.0 1.0 1.0 1.0 1.0
0.0516 -0.00392 0.00078 0.0 0.0 0.0 1.0 1.0 1.0 1.0
0.05627 -0.00025 0.00086 0.0 0.0 0.0 1.0 1.0 1.0 1.0
-0.05825 0.00249 -0.00074 0.0 0.0 0.0 1.0 1.0 1.0 1.0
-0.05524 0.00625 -0.00034 0.0 0.0 0.0 1.0 1.0 1.0 1.0
-0.0566 0.00383 -0.00033 0.0 0.0 0.0 1.0 1.0 1.0 1.0
-0.0516 0.00392 -0.00078 0.0 0.0 0.0 1.0 1.0 1.0 1.0
-0.05626 0.00025 -0.00086 0.0 0.0 0.0 1.0 1.0 1.0 1.0
