# SQEE Animation Format


################################################################################

SECTION Header

BoneCount 24
PoseCount 3
TotalTime 36

Times 12 12 12


################################################################################

SECTION Poses


##### Pose: 0 ##############################################

0.0 -0.3358 0.16231 1.0 -0.042877 0.0 0.0 0.99908
0.0 0.33256 0.12891 1.0 0.0 0.928176 -0.372141 0.0
0.12323 0.06752 0.10591 1.0 -0.023958 -0.595028 -0.79744 0.097246
-0.12323 0.06752 0.10591 1.0 -0.023959 0.595029 0.79744 0.097244
0.0 0.14486 0.0 1.0 -0.314414 0.0 0.0 0.949286
0.0 0.18215 0.0 1.0 -0.244368 0.0 0.0 0.969683
0.0 0.13548 0.0 1.0 -0.351121 0.013027 -0.093268 0.931582
0.0 0.13548 0.0 1.0 -0.351121 -0.013027 0.093268 0.931582
0.01404 0.14058 0.11438 1.0 -0.102084 0.305636 -0.512038 0.796231
-0.01404 0.14058 0.11438 1.0 -0.102084 -0.305636 0.512038 0.796231
0.0 0.07781 0.0 1.0 0.276506 -0.03138 -0.005341 0.960485
0.0 0.07781 0.0 1.0 0.276506 0.03138 0.005341 0.960485
0.0 0.19938 0.0 1.0 -0.253461 0.0 0.0 0.967346
0.03132 0.17842 0.0228 1.0 -0.225165 -0.40591 -0.635019 0.617485
-0.03132 0.17842 0.0228 1.0 -0.225165 0.40591 0.635019 0.617486
0.0 0.08174 0.0 1.0 -0.283979 0.0 0.0 0.958831
0.0 0.12188 0.0 1.0 -0.006631 0.00153 0.002473 0.999974
0.0 0.12188 0.0 1.0 -0.006631 -0.00153 -0.002473 0.999974
0.0 0.21801 0.0 1.0 -0.037739 0.074743 -0.060505 0.99465
0.0 0.21801 0.0 1.0 -0.03774 -0.074743 0.060507 0.99465
0.0 0.15461 0.0 1.0 -0.087387 -0.088912 -0.024655 0.991892
0.0 0.15461 0.0 1.0 -0.087387 0.088912 0.024654 0.991892
0.00003 0.05722 -0.02695 1.0 0.002385 -0.020861 -0.037915 0.99906
-0.00003 0.05722 -0.02695 1.0 0.002386 0.020861 0.037915 0.99906


##### Pose: 1 ##############################################

0.0 -0.3358 0.16231 1.0 -0.042877 0.0 0.0 0.99908
-0.01 0.33256 0.12891 1.0 0.0 0.928176 -0.372141 0.0
0.12323 0.06752 0.10591 1.0 -0.021995 -0.600696 -0.795877 0.072535
-0.12323 0.06752 0.10591 1.0 -0.026131 0.586593 0.800382 0.120889
0.0 0.14486 0.0 1.0 -0.313983 -0.026393 -0.045194 0.947985
0.0 0.18215 0.0 1.0 -0.24206 -0.052047 0.047608 0.967694
0.0 0.13548 0.0 1.0 -0.364614 0.012949 -0.096852 0.926018
0.0 0.13548 0.0 1.0 -0.330452 -0.013139 0.087777 0.93964
0.01404 0.14058 0.11438 1.0 -0.102084 0.305636 -0.512038 0.796231
-0.01404 0.14058 0.11438 1.0 -0.102084 -0.305636 0.512038 0.796231
0.0 0.07781 0.0 1.0 0.284888 -0.02782 0.005373 0.958142
0.0 0.07781 0.0 1.0 0.263546 0.035436 0.016783 0.96385
0.0 0.19938 0.0 1.0 -0.253461 0.0 0.0 0.967346
0.03132 0.17842 0.0228 1.0 -0.251168 -0.405293 -0.558581 0.678704
-0.03132 0.17842 0.0228 1.0 -0.211035 0.40764 0.661313 0.593262
0.0 0.08174 0.0 1.0 -0.282779 0.021024 0.045685 0.957866
0.0 0.12188 0.0 1.0 -0.006631 0.00153 0.002473 0.999974
0.0 0.12188 0.0 1.0 -0.006631 -0.00153 -0.002473 0.999974
0.0 0.21801 0.0 1.0 -0.133282 0.073967 -0.190676 0.969746
0.0 0.21801 0.0 1.0 -0.00144 -0.074412 0.002509 0.997223
0.0 0.15461 0.0 1.0 -0.044231 -0.100349 -0.001028 0.993968
0.0 0.15461 0.0 1.0 -0.109682 0.068991 0.042801 0.990645
0.00003 0.05722 -0.02695 1.0 0.024157 -0.028667 -0.027655 0.998914
-0.00003 0.05722 -0.02695 1.0 -0.008664 0.00958 0.045492 0.998881


##### Pose: 2 ##############################################

0.0 -0.3358 0.16231 1.0 -0.042877 0.0 0.0 0.99908
0.0 0.33256 0.12891 1.0 0.0 0.928176 -0.372141 0.0
0.12323 0.06752 0.10591 1.0 -0.023958 -0.595028 -0.79744 0.097246
-0.12323 0.06752 0.10591 1.0 -0.023959 0.595029 0.79744 0.097244
0.0 0.14486 0.0 1.0 -0.314414 0.0 0.0 0.949286
0.0 0.18215 0.0 1.0 -0.244368 0.0 0.0 0.969683
0.0 0.13548 0.0 1.0 -0.351121 0.013027 -0.093268 0.931582
0.0 0.13548 0.0 1.0 -0.351121 -0.013027 0.093268 0.931582
0.01404 0.14058 0.11438 1.0 -0.102084 0.305636 -0.512038 0.796231
-0.01404 0.14058 0.11438 1.0 -0.102084 -0.305636 0.512038 0.796231
0.0 0.07781 0.0 1.0 0.276506 -0.03138 -0.005341 0.960485
0.0 0.07781 0.0 1.0 0.276506 0.03138 0.005341 0.960485
0.0 0.19938 0.0 1.0 -0.253461 0.0 0.0 0.967346
0.03132 0.17842 0.0228 1.0 -0.225165 -0.40591 -0.635019 0.617485
-0.03132 0.17842 0.0228 1.0 -0.225165 0.40591 0.635019 0.617486
0.0 0.08174 0.0 1.0 -0.283979 0.0 0.0 0.958831
0.0 0.12188 0.0 1.0 -0.006631 0.00153 0.002473 0.999974
0.0 0.12188 0.0 1.0 -0.006631 -0.00153 -0.002473 0.999974
0.0 0.21801 0.0 1.0 -0.037739 0.074743 -0.060505 0.99465
0.0 0.21801 0.0 1.0 -0.03774 -0.074743 0.060507 0.99465
0.0 0.15461 0.0 1.0 -0.087387 -0.088912 -0.024655 0.991892
0.0 0.15461 0.0 1.0 -0.087387 0.088912 0.024654 0.991892
0.00003 0.05722 -0.02695 1.0 0.002385 -0.020861 -0.037915 0.99906
-0.00003 0.05722 -0.02695 1.0 0.002386 0.020861 0.037915 0.99906