# SQEE Animation Format


################################################################################

SECTION Header

BoneCount 21
PoseCount 6
TotalTime 32

Times 4 8 4 4 8 4


################################################################################

SECTION Poses


##### Pose: 0 ##############################################

0.0 -0.09342 0.24424 1.0 0.0 0.936053 0.351858 0.0
0.13256 0.0675 0.06473 1.0 -0.033319 -0.425642 -0.902467 0.057192
-0.13256 0.0675 0.06473 1.0 -0.033315 0.425641 0.902468 0.057196
0.0 0.14486 0.0 1.0 -0.314414 0.0 0.0 0.949286
0.0 0.18215 0.0 1.0 -0.298688 0.0 0.0 0.954351
0.0 0.13548 0.0 1.0 -0.237874 0.013552 -0.063186 0.969144
0.0 0.13548 0.0 1.0 -0.237869 -0.013552 0.063185 0.969145
0.01404 0.14058 0.11438 1.0 -0.102084 0.305636 -0.512038 0.79623
-0.01404 0.14058 0.11438 1.0 -0.102084 -0.305636 0.512038 0.796231
0.0 0.07781 0.0 1.0 0.797336 0.006311 -0.00448 0.603486
0.0 0.07781 0.0 1.0 0.797334 -0.00631 0.004481 0.603489
0.0 0.19938 0.0 1.0 0.288958 0.0 0.0 0.957342
0.03294 0.18631 0.01195 1.0 -0.235744 -0.434441 -0.490719 0.717552
-0.03294 0.18631 0.01195 1.0 -0.235744 0.434441 0.490719 0.717552
0.0 0.08174 0.0 1.0 0.002873 0.0 0.0 0.999996
0.0 0.12188 0.0 1.0 0.087708 0.0 0.0 0.996146
0.0 0.12188 0.0 1.0 0.087708 0.0 0.0 0.996146
0.0 0.21801 0.0 1.0 -0.142013 0.070943 -0.218733 0.962785
0.0 0.21801 0.0 1.0 -0.142014 -0.070943 0.218733 0.962785
0.0 0.15461 0.0 1.0 -0.087822 -0.048611 0.083127 0.991471
0.0 0.15461 0.0 1.0 -0.087822 0.048611 -0.083127 0.991471


##### Pose: 1 ##############################################

0.0 -0.09342 0.24049 1.0 0.0 0.936053 0.351858 0.0
0.13256 0.0675 0.06473 1.0 -0.03491 -0.444996 -0.892569 0.063883
-0.13256 0.0675 0.06473 1.0 -0.034907 0.444995 0.892569 0.063886
0.0 0.14486 0.0 1.0 -0.314414 0.0 0.0 0.949286
0.0 0.18215 0.0 1.0 -0.298688 0.0 0.0 0.954351
0.0 0.13548 0.0 1.0 -0.300353 0.01329 -0.079782 0.950393
0.0 0.13548 0.0 1.0 -0.30035 -0.01329 0.079781 0.950394
0.01404 0.14058 0.11438 1.0 -0.102084 0.305636 -0.512038 0.79623
-0.01404 0.14058 0.11438 1.0 -0.102084 -0.305636 0.512038 0.796231
0.0 0.07781 0.0 1.0 0.822502 0.015747 0.002011 0.56854
0.0 0.07781 0.0 1.0 0.822501 -0.015747 -0.00201 0.568542
0.0 0.19938 0.0 1.0 0.288958 0.0 0.0 0.957342
0.03294 0.18631 0.01195 1.0 -0.228431 -0.442155 -0.474728 0.725914
-0.03294 0.18631 0.01195 1.0 -0.228431 0.442155 0.474728 0.725914
0.0 0.08174 0.0 1.0 0.002873 0.0 0.0 0.999996
0.0 0.12188 0.0 1.0 0.087708 0.0 0.0 0.996146
0.0 0.12188 0.0 1.0 0.087708 0.0 0.0 0.996146
0.0 0.21801 0.0 1.0 -0.150841 0.06982 -0.246248 0.954848
0.0 0.21801 0.0 1.0 -0.150841 -0.06982 0.246247 0.954848
0.0 0.15461 0.0 1.0 -0.072476 -0.048068 0.092197 0.991936
0.0 0.15461 0.0 1.0 -0.072476 0.048068 -0.092197 0.991936


##### Pose: 2 ##############################################

0.0 -0.09342 0.21861 1.0 0.0 0.936053 0.351858 0.0
0.13256 0.0675 0.06473 1.0 -0.041273 -0.509207 -0.854911 0.090174
-0.13256 0.0675 0.06473 1.0 -0.041271 0.509207 0.854911 0.090176
0.0 0.14486 0.0 1.0 -0.314414 0.0 0.0 0.949286
0.0 0.18215 0.0 1.0 -0.298688 0.0 0.0 0.954351
0.0 0.13548 0.0 1.0 -0.52341 0.011754 -0.139033 0.840579
0.0 0.13548 0.0 1.0 -0.523409 -0.011754 0.139032 0.84058
0.01404 0.14058 0.11438 1.0 -0.102084 0.305636 -0.512038 0.79623
-0.01404 0.14058 0.11438 1.0 -0.102084 -0.305636 0.512038 0.796231
0.0 0.07781 0.0 1.0 0.906319 0.053356 0.024442 0.4185
0.0 0.07781 0.0 1.0 0.906318 -0.053356 -0.024441 0.418501
0.0 0.19938 0.0 1.0 0.288958 0.0 0.0 0.957342
0.03294 0.18631 0.01195 1.0 -0.19757 -0.479029 -0.405147 0.753229
-0.03294 0.18631 0.01195 1.0 -0.19757 0.479029 0.405147 0.753229
0.0 0.08174 0.0 1.0 0.002873 0.0 0.0 0.999996
0.0 0.12188 0.0 1.0 0.087708 0.0 0.0 0.996146
0.0 0.12188 0.0 1.0 0.087708 0.0 0.0 0.996146
0.0 0.21801 0.0 1.0 -0.13414 0.064484 -0.352858 0.923764
0.0 0.21801 0.0 1.0 -0.13414 -0.064484 0.352857 0.923764
0.0 0.15461 0.0 1.0 -0.003626 -0.036545 0.128579 0.991019
0.0 0.15461 0.0 1.0 -0.003625 0.036545 -0.128579 0.991019


##### Pose: 3 ##############################################

0.0 -0.09342 0.21424 1.0 0.0 0.936053 0.351858 0.0
0.13256 0.0675 0.06473 1.0 -0.04229 -0.517429 -0.849456 0.094355
-0.13256 0.0675 0.06473 1.0 -0.042288 0.517428 0.849457 0.094357
0.0 0.14486 0.0 1.0 -0.314414 0.0 0.0 0.949286
0.0 0.18215 0.0 1.0 -0.298688 0.0 0.0 0.954351
0.0 0.13548 0.0 1.0 -0.555125 0.011446 -0.147457 0.818512
0.0 0.13548 0.0 1.0 -0.555123 -0.011446 0.147456 0.818513
0.01404 0.14058 0.11438 1.0 -0.102084 0.305636 -0.512038 0.79623
-0.01404 0.14058 0.11438 1.0 -0.102084 -0.305636 0.512038 0.796231
0.0 0.07781 0.0 1.0 0.917362 0.059547 0.027494 0.392614
0.0 0.07781 0.0 1.0 0.917361 -0.059546 -0.027494 0.392616
0.0 0.19938 0.0 1.0 0.288958 0.0 0.0 0.957342
0.03294 0.18631 0.01195 1.0 -0.193307 -0.485162 -0.395428 0.755571
-0.03294 0.18631 0.01195 1.0 -0.193307 0.485162 0.395428 0.755571
0.0 0.08174 0.0 1.0 0.002873 0.0 0.0 0.999996
0.0 0.12188 0.0 1.0 0.087708 0.0 0.0 0.996146
0.0 0.12188 0.0 1.0 0.087708 0.0 0.0 0.996146
0.0 0.21801 0.0 1.0 -0.119866 0.063708 -0.365631 0.920808
0.0 0.21801 0.0 1.0 -0.119866 -0.063708 0.365631 0.920808
0.0 0.15461 0.0 1.0 0.006172 -0.033315 0.132933 0.990546
0.0 0.15461 0.0 1.0 0.006172 0.033314 -0.132933 0.990546


##### Pose: 4 ##############################################

0.0 -0.09342 0.21861 1.0 0.0 0.936053 0.351858 0.0
0.13256 0.0675 0.06473 1.0 -0.041273 -0.509207 -0.854911 0.090174
-0.13256 0.0675 0.06473 1.0 -0.041271 0.509207 0.854911 0.090176
0.0 0.14486 0.0 1.0 -0.314414 0.0 0.0 0.949286
0.0 0.18215 0.0 1.0 -0.298688 0.0 0.0 0.954351
0.0 0.13548 0.0 1.0 -0.52341 0.011754 -0.139033 0.840579
0.0 0.13548 0.0 1.0 -0.523409 -0.011754 0.139032 0.84058
0.01404 0.14058 0.11438 1.0 -0.102084 0.305636 -0.512038 0.79623
-0.01404 0.14058 0.11438 1.0 -0.102084 -0.305636 0.512038 0.796231
0.0 0.07781 0.0 1.0 0.906319 0.053356 0.024442 0.4185
0.0 0.07781 0.0 1.0 0.906318 -0.053356 -0.024441 0.418501
0.0 0.19938 0.0 1.0 0.288958 0.0 0.0 0.957342
0.03294 0.18631 0.01195 1.0 -0.19757 -0.479029 -0.405147 0.753229
-0.03294 0.18631 0.01195 1.0 -0.19757 0.479029 0.405147 0.753229
0.0 0.08174 0.0 1.0 0.002873 0.0 0.0 0.999996
0.0 0.12188 0.0 1.0 0.087708 0.0 0.0 0.996146
0.0 0.12188 0.0 1.0 0.087708 0.0 0.0 0.996146
0.0 0.21801 0.0 1.0 -0.13414 0.064484 -0.352858 0.923764
0.0 0.21801 0.0 1.0 -0.13414 -0.064484 0.352857 0.923764
0.0 0.15461 0.0 1.0 -0.003626 -0.036545 0.128579 0.991019
0.0 0.15461 0.0 1.0 -0.003625 0.036545 -0.128579 0.991019


##### Pose: 5 ##############################################

0.0 -0.09342 0.24049 1.0 0.0 0.936053 0.351858 0.0
0.13256 0.0675 0.06473 1.0 -0.03491 -0.444996 -0.892569 0.063883
-0.13256 0.0675 0.06473 1.0 -0.034907 0.444995 0.892569 0.063886
0.0 0.14486 0.0 1.0 -0.314414 0.0 0.0 0.949286
0.0 0.18215 0.0 1.0 -0.298688 0.0 0.0 0.954351
0.0 0.13548 0.0 1.0 -0.300353 0.01329 -0.079782 0.950393
0.0 0.13548 0.0 1.0 -0.30035 -0.01329 0.079781 0.950394
0.01404 0.14058 0.11438 1.0 -0.102084 0.305636 -0.512038 0.79623
-0.01404 0.14058 0.11438 1.0 -0.102084 -0.305636 0.512038 0.796231
0.0 0.07781 0.0 1.0 0.822502 0.015747 0.002011 0.56854
0.0 0.07781 0.0 1.0 0.822501 -0.015747 -0.00201 0.568542
0.0 0.19938 0.0 1.0 0.288958 0.0 0.0 0.957342
0.03294 0.18631 0.01195 1.0 -0.228431 -0.442155 -0.474728 0.725914
-0.03294 0.18631 0.01195 1.0 -0.228431 0.442155 0.474728 0.725914
0.0 0.08174 0.0 1.0 0.002873 0.0 0.0 0.999996
0.0 0.12188 0.0 1.0 0.087708 0.0 0.0 0.996146
0.0 0.12188 0.0 1.0 0.087708 0.0 0.0 0.996146
0.0 0.21801 0.0 1.0 -0.150841 0.06982 -0.246248 0.954848
0.0 0.21801 0.0 1.0 -0.150841 -0.06982 0.246247 0.954848
0.0 0.15461 0.0 1.0 -0.072476 -0.048068 0.092197 0.991936
0.0 0.15461 0.0 1.0 -0.072476 0.048068 -0.092197 0.991936