# SQEE Animation Format


################################################################################

SECTION Header

BoneCount 24
PoseCount 1
TotalTime 0

Times 0


################################################################################

SECTION Poses


##### Pose: 0 ##############################################

0.0 0.0 0.0 1.0 0.707107 0.0 0.0 0.707107
0.0 0.24424 0.09342 1.0 0.0 0.910691 -0.413088 0.0
0.13256 0.0675 0.06473 1.0 -0.033319 -0.425643 -0.902467 0.057192
-0.13256 0.0675 0.06473 1.0 -0.033321 0.425645 0.902466 0.05719
0.0 0.14486 0.0 1.0 -0.314414 0.0 0.0 0.949286
0.0 0.18215 0.0 1.0 -0.298688 0.0 0.0 0.954351
0.0 0.13548 0.0 1.0 -0.237874 0.013552 -0.063186 0.969144
0.0 0.13548 0.0 1.0 -0.237874 -0.013552 0.063186 0.969144
0.01404 0.14058 0.11438 1.0 -0.102084 0.305636 -0.512038 0.796231
-0.01404 0.14058 0.11438 1.0 -0.102084 -0.305636 0.512038 0.796231
0.0 0.07781 0.0 1.0 0.797336 0.006311 -0.00448 0.603486
0.0 0.07781 0.0 1.0 0.797336 -0.006311 0.00448 0.603486
0.0 0.19938 0.0 1.0 0.288958 0.0 0.0 0.957342
0.03294 0.18631 0.01195 1.0 -0.119967 -0.525391 -0.464291 0.702856
-0.03294 0.18631 0.01195 1.0 -0.119968 0.525391 0.464289 0.702857
0.0 0.08174 0.0 1.0 0.002873 0.0 0.0 0.999996
0.0 0.12188 0.0 1.0 0.087708 0.0 0.0 0.996146
0.0 0.12188 0.0 1.0 0.087708 0.0 0.0 0.996146
0.0 0.21801 0.0 1.0 -0.006595 0.065675 -0.094668 0.993318
0.0 0.21801 0.0 1.0 -0.006596 -0.065675 0.094674 0.993318
0.0 0.15461 0.0 1.0 -0.097495 -0.040495 0.046515 0.993323
0.0 0.15461 0.0 1.0 -0.097495 0.040495 -0.046517 0.993323
0.00003 0.05722 -0.02695 1.0 0.0 0.0 0.0 1.0
-0.00003 0.05722 -0.02695 1.0 0.0 0.0 0.0 1.0
