# SQEE Animation Format


################################################################################

SECTION Header

BoneCount 24
PoseCount 9
TotalTime 43

Times 4 5 5 5 5 4 5 5 5


################################################################################

SECTION Poses


##### Pose: 0 ##############################################

0.0 0.0 0.0 1.0 0.707107 0.0 0.0 0.707107
-0.01 0.24424 0.09342 1.0 0.0 0.910691 -0.413088 0.0
0.13256 0.0675 0.06473 1.0 -0.022153 -0.374298 -0.925452 0.05431
-0.14113 0.04115 0.09482 1.0 -0.046375 0.532388 0.838403 0.107201
0.0 0.14486 0.0 1.0 -0.314366 0.008851 0.015042 0.949141
0.0 0.18215 0.0 1.0 -0.298643 0.001591 -0.01738 0.954205
0.0 0.13548 0.0 1.0 -0.404813 0.012697 -0.10753 0.907966
0.0 0.13548 0.0 1.0 -0.618073 -0.010749 0.164178 0.768711
0.01404 0.14058 0.11438 1.0 -0.102084 0.305636 -0.512038 0.796231
-0.01404 0.14058 0.11438 1.0 -0.102084 -0.305636 0.512038 0.796231
0.0 0.07781 0.0 1.0 0.911671 -0.026396 0.050635 0.406934
0.0 0.07781 0.0 1.0 0.938384 -0.07286 -0.028871 0.33659
0.0 0.19938 0.0 1.0 0.288958 0.0 0.0 0.957342
0.03294 0.18631 0.01195 1.0 -0.237081 -0.433222 -0.485273 0.721541
-0.03294 0.18631 0.01195 1.0 -0.234206 0.435727 0.496162 0.713522
0.0 0.08174 0.0 1.0 0.002873 0.0 0.0 0.999996
0.0 0.12188 0.0 1.0 0.087708 0.0 0.0 0.996146
0.0 0.12188 0.0 1.0 0.087708 0.0 0.0 0.996146
0.0 0.21801 0.0 1.0 -0.155124 0.070702 -0.234875 0.95696
0.0 0.21801 0.0 1.0 -0.128997 -0.071147 0.202285 0.968183
0.0 0.15461 0.0 1.0 -0.081787 -0.049121 0.08825 0.991519
0.0 0.15461 0.0 1.0 -0.093855 0.048052 -0.077953 0.991366
0.00003 0.05722 -0.02695 1.0 0.00836 -0.006722 0.020036 0.999742
-0.00003 0.05722 -0.02695 1.0 0.002173 0.005411 -0.015219 0.999867


##### Pose: 1 ##############################################

0.0 0.0 0.0 1.0 0.707107 0.0 0.0 0.707107
-0.01 0.23424 0.09342 1.0 0.0 0.910691 -0.413088 0.0
0.13256 0.08913 0.07038 1.0 -0.024433 -0.464533 -0.88344 0.056093
-0.13256 0.03269 0.07413 1.0 -0.06544 0.277017 0.952949 0.104246
0.0 0.14486 0.0 1.0 -0.314366 0.008851 0.015042 0.949141
0.0 0.18215 0.0 1.0 -0.298643 0.001591 -0.01738 0.954205
0.0 0.13548 0.0 1.0 -0.437843 0.012465 -0.116303 0.89141
0.0 0.13548 0.0 1.0 -0.381086 -0.012849 0.101227 0.918891
0.01404 0.14058 0.11438 1.0 -0.102084 0.305636 -0.512038 0.796231
-0.01404 0.14058 0.11438 1.0 -0.102084 -0.305636 0.512038 0.796231
0.0 0.07781 0.0 1.0 0.900374 -0.025354 0.060205 0.430186
0.0 0.07781 0.0 1.0 0.939627 -0.045651 0.044169 0.336252
0.0 0.19938 0.0 1.0 0.288958 0.0 0.0 0.957342
0.03294 0.18631 0.01195 1.0 -0.249674 -0.434086 -0.409474 0.762603
-0.03294 0.18631 0.01195 1.0 -0.203285 0.450811 0.504546 0.707727
0.0 0.08174 0.0 1.0 0.002873 0.0 0.0 0.999996
0.0 0.12188 0.0 1.0 0.087708 0.0 0.0 0.996146
0.0 0.12188 0.0 1.0 0.087708 0.0 0.0 0.996146
0.0 0.21801 0.0 1.0 -0.203922 0.069489 -0.254912 0.94266
0.0 0.21801 0.0 1.0 -0.153301 -0.068099 0.312074 0.935131
0.0 0.15461 0.0 1.0 -0.07438 -0.021354 0.103834 0.99158
0.0 0.15461 0.0 1.0 -0.086014 0.081042 -0.10132 0.98781
0.00003 0.05722 -0.02695 1.0 0.013008 0.006143 0.028988 0.999476
-0.00003 0.05722 -0.02695 1.0 0.005603 0.023203 -0.025154 0.999399


##### Pose: 2 ##############################################

0.0 0.0 0.0 1.0 0.707107 0.0 0.0 0.707107
-0.01 0.23424 0.09342 1.0 0.0 0.910691 -0.413088 0.0
0.12219 0.09005 0.09777 1.0 -0.040372 -0.610266 -0.787034 0.080766
-0.13256 0.03045 0.04558 1.0 -0.064015 0.215125 0.969733 0.096126
0.0 0.14486 0.0 1.0 -0.314029 0.023889 0.00619 0.949093
0.0 0.18215 0.0 1.0 -0.298643 0.001591 -0.01738 0.954205
0.0 0.13548 0.0 1.0 -0.464239 0.012264 -0.123315 0.876998
0.0 0.13548 0.0 1.0 -0.306303 -0.013261 0.081363 0.948358
0.01404 0.14058 0.11438 1.0 -0.102084 0.305636 -0.512038 0.796231
-0.01404 0.14058 0.11438 1.0 -0.102084 -0.305636 0.512038 0.796231
0.0 0.07781 0.0 1.0 0.894492 0.02414 0.026601 0.445639
0.0 0.07781 0.0 1.0 0.90988 -0.033267 0.049881 0.410516
0.0 0.19938 0.0 1.0 0.288914 -0.017363 -0.001768 0.957196
0.03294 0.18631 0.01195 1.0 -0.255658 -0.435392 -0.367173 0.781189
-0.03294 0.18631 0.01195 1.0 -0.180041 0.462134 0.521033 0.694652
0.0 0.08174 0.0 1.0 0.002873 0.0 0.0 0.999996
0.0 0.12188 0.0 1.0 0.087708 0.0 0.0 0.996146
0.0 0.12188 0.0 1.0 0.087708 0.0 0.0 0.996146
0.0 0.21801 0.0 1.0 -0.211399 0.069447 -0.22946 0.947542
0.0 0.21801 0.0 1.0 -0.143623 -0.066254 0.36121 0.918972
0.0 0.15461 0.0 1.0 -0.076188 0.013296 0.110923 0.990815
0.0 0.15461 0.0 1.0 -0.081082 0.114804 -0.101396 0.984868
0.00003 0.05722 -0.02695 1.0 0.013028 0.023051 0.03427 0.999062
-0.00003 0.05722 -0.02695 1.0 0.00713 0.040179 -0.023525 0.99889


##### Pose: 3 ##############################################

0.0 0.0 0.0 1.0 0.707107 0.0 0.0 0.707107
-0.01 0.23424 0.09342 1.0 0.0 0.910691 -0.413088 0.0
0.12219 0.07783 0.11365 1.0 -0.046147 -0.654318 -0.748308 0.098858
-0.14256 0.04399 0.03086 1.0 -0.043799 0.033345 0.997868 0.035061
0.0 0.14486 0.0 1.0 -0.314029 0.023889 0.00619 0.949093
0.0 0.18215 0.0 1.0 -0.298643 0.001591 -0.01738 0.954205
0.0 0.13548 0.0 1.0 -0.611125 0.010832 -0.162332 0.774633
0.0 0.13548 0.0 1.0 -0.002334 -0.013982 0.00062 0.999899
0.01404 0.14058 0.11438 1.0 -0.102084 0.305636 -0.512038 0.796231
-0.01404 0.14058 0.11438 1.0 -0.102084 -0.305636 0.512038 0.796231
0.0 0.07781 0.0 1.0 0.889397 0.039219 0.033235 0.454237
0.0 0.07781 0.0 1.0 0.844552 0.014791 0.043433 0.533505
0.0 0.19938 0.0 1.0 0.288914 -0.017363 -0.001768 0.957196
0.03294 0.18631 0.01195 1.0 -0.258958 -0.435604 -0.339486 0.792426
-0.03294 0.18631 0.01195 1.0 -0.163728 0.469096 0.536126 0.68243
0.0 0.08174 0.0 1.0 0.002873 0.0 0.0 0.999996
0.0 0.12188 0.0 1.0 0.087708 0.0 0.0 0.996146
0.0 0.12188 0.0 1.0 0.087708 0.0 0.0 0.996146
0.0 0.21801 0.0 1.0 -0.21648 0.069466 -0.211984 0.95046
0.0 0.21801 0.0 1.0 -0.132097 -0.065295 0.382932 0.911949
0.0 0.15461 0.0 1.0 -0.07538 0.02878 0.11066 0.990578
0.0 0.15461 0.0 1.0 -0.080656 0.129807 -0.103759 0.982791
0.00003 0.05722 -0.02695 1.0 0.013776 0.030745 0.034892 0.998823
-0.00003 0.05722 -0.02695 1.0 0.006942 0.047823 -0.024016 0.998543


##### Pose: 4 ##############################################

0.0 0.0 0.0 1.0 0.707107 0.0 0.0 0.707107
0.0 0.23924 0.09342 1.0 0.0 0.910691 -0.413088 0.0
0.12737 0.05949 0.10424 1.0 -0.051131 -0.597212 -0.791974 0.116191
-0.13256 0.05575 0.04779 1.0 -0.039856 0.170888 0.983076 0.052638
0.0 0.14486 0.0 1.0 -0.314257 0.00752 -0.004426 0.949298
0.0 0.18215 0.0 1.0 -0.298688 0.0 0.0 0.954351
0.0 0.13548 0.0 1.0 -0.623518 0.010683 -0.165624 0.763989
0.0 0.13548 0.0 1.0 -0.14859 -0.013816 0.03947 0.988014
0.01404 0.14058 0.11438 1.0 -0.102084 0.305636 -0.512038 0.796231
-0.01404 0.14058 0.11438 1.0 -0.102084 -0.305636 0.512038 0.796231
0.0 0.07781 0.0 1.0 0.918793 0.056954 0.019051 0.390145
0.0 0.07781 0.0 1.0 0.882391 0.03178 0.018288 0.469086
0.0 0.19938 0.0 1.0 0.288947 -0.008682 -0.000884 0.957305
0.03294 0.18631 0.01195 1.0 -0.255136 -0.435619 -0.379941 0.775105
-0.03294 0.18631 0.01195 1.0 -0.187702 0.457233 0.516418 0.699298
0.0 0.08174 0.0 1.0 0.002721 0.000001 0.000003 0.999996
0.0 0.12188 0.0 1.0 0.087708 0.0 0.0 0.996146
0.0 0.12188 0.0 1.0 0.087708 0.0 0.0 0.996146
0.0 0.21801 0.0 1.0 -0.199315 0.069696 -0.22531 0.951132
0.0 0.21801 0.0 1.0 -0.155124 -0.066491 0.362397 0.916615
0.0 0.15461 0.0 1.0 -0.080629 0.00376 0.104971 0.991194
0.0 0.15461 0.0 1.0 -0.077456 0.104913 -0.106105 0.985767
0.00003 0.05722 -0.02695 1.0 0.010493 0.018708 0.030919 0.999292
-0.00003 0.05722 -0.02695 1.0 0.009302 0.035554 -0.026252 0.99898


##### Pose: 5 ##############################################

0.0 0.0 0.0 1.0 0.707107 0.0 0.0 0.707107
0.01 0.24424 0.09342 1.0 0.0 0.910691 -0.413088 0.0
0.14113 0.04115 0.09482 1.0 -0.046375 -0.532387 -0.838404 0.107203
-0.13256 0.0675 0.06473 1.0 -0.022154 0.3743 0.925451 0.054308
0.0 0.14486 0.0 1.0 -0.314366 -0.008851 -0.015042 0.949141
0.0 0.18215 0.0 1.0 -0.298643 -0.001591 0.01738 0.954205
0.0 0.13548 0.0 1.0 -0.618073 0.010749 -0.164178 0.768711
0.0 0.13548 0.0 1.0 -0.404813 -0.012697 0.10753 0.907966
0.01404 0.14058 0.11438 1.0 -0.102084 0.305636 -0.512038 0.796231
-0.01404 0.14058 0.11438 1.0 -0.102084 -0.305636 0.512038 0.796231
0.0 0.07781 0.0 1.0 0.938384 0.072859 0.02887 0.33659
0.0 0.07781 0.0 1.0 0.911671 0.026395 -0.050635 0.406934
0.0 0.19938 0.0 1.0 0.288958 0.0 0.0 0.957342
0.03294 0.18631 0.01195 1.0 -0.234206 -0.435727 -0.496162 0.713521
-0.03294 0.18631 0.01195 1.0 -0.237081 0.433222 0.485273 0.721541
0.0 0.08174 0.0 1.0 0.002873 0.0 0.0 0.999996
0.0 0.12188 0.0 1.0 0.087708 0.0 0.0 0.996146
0.0 0.12188 0.0 1.0 0.087708 0.0 0.0 0.996146
0.0 0.21801 0.0 1.0 -0.128995 0.071147 -0.202283 0.968184
0.0 0.21801 0.0 1.0 -0.155125 -0.070701 0.234876 0.956959
0.0 0.15461 0.0 1.0 -0.093855 -0.048052 0.077952 0.991366
0.0 0.15461 0.0 1.0 -0.081787 0.049121 -0.088251 0.991519
0.00003 0.05722 -0.02695 1.0 0.002173 -0.005411 0.015219 0.999867
-0.00003 0.05722 -0.02695 1.0 0.00836 0.006722 -0.020036 0.999742


##### Pose: 6 ##############################################

0.0 0.0 0.0 1.0 0.707107 0.0 0.0 0.707107
0.01 0.23424 0.09342 1.0 0.0 0.910691 -0.413088 0.0
0.13256 0.03269 0.07413 1.0 -0.065439 -0.277016 -0.952949 0.104247
-0.13256 0.08913 0.07038 1.0 -0.024434 0.464535 0.883439 0.056091
0.0 0.14486 0.0 1.0 -0.314366 -0.008851 -0.015042 0.949141
0.0 0.18215 0.0 1.0 -0.298643 -0.001591 0.01738 0.954205
0.0 0.13548 0.0 1.0 -0.381086 0.012849 -0.101227 0.918891
0.0 0.13548 0.0 1.0 -0.437842 -0.012465 0.116303 0.89141
0.01404 0.14058 0.11438 1.0 -0.102084 0.305636 -0.512038 0.796231
-0.01404 0.14058 0.11438 1.0 -0.102084 -0.305636 0.512038 0.796231
0.0 0.07781 0.0 1.0 0.939627 0.045651 -0.04417 0.336252
0.0 0.07781 0.0 1.0 0.900374 0.025353 -0.060205 0.430186
0.0 0.19938 0.0 1.0 0.288958 0.0 0.0 0.957342
0.03294 0.18631 0.01195 1.0 -0.203285 -0.450811 -0.504546 0.707727
-0.03294 0.18631 0.01195 1.0 -0.249674 0.434086 0.409474 0.762603
0.0 0.08174 0.0 1.0 0.002873 0.0 0.0 0.999996
0.0 0.12188 0.0 1.0 0.087708 0.0 0.0 0.996146
0.0 0.12188 0.0 1.0 0.087708 0.0 0.0 0.996146
0.0 0.21801 0.0 1.0 -0.1533 0.068099 -0.312074 0.935132
0.0 0.21801 0.0 1.0 -0.203922 -0.069489 0.254912 0.942659
0.0 0.15461 0.0 1.0 -0.086015 -0.081042 0.10132 0.98781
0.0 0.15461 0.0 1.0 -0.07438 0.021354 -0.103834 0.99158
0.00003 0.05722 -0.02695 1.0 0.005603 -0.023203 0.025153 0.999399
-0.00003 0.05722 -0.02695 1.0 0.013008 -0.006143 -0.028989 0.999476


##### Pose: 7 ##############################################

0.0 0.0 0.0 1.0 0.707107 0.0 0.0 0.707107
0.01 0.23424 0.09342 1.0 0.0 0.910691 -0.413088 0.0
0.13256 0.03045 0.04558 1.0 -0.064015 -0.215124 -0.969734 0.096126
-0.12219 0.09005 0.09777 1.0 -0.040372 0.610267 0.787034 0.080765
0.0 0.14486 0.0 1.0 -0.314029 -0.023889 -0.00619 0.949093
0.0 0.18215 0.0 1.0 -0.298643 -0.001591 0.01738 0.954205
0.0 0.13548 0.0 1.0 -0.306303 0.013261 -0.081363 0.948358
0.0 0.13548 0.0 1.0 -0.464238 -0.012264 0.123315 0.876998
0.01404 0.14058 0.11438 1.0 -0.102084 0.305636 -0.512038 0.796231
-0.01404 0.14058 0.11438 1.0 -0.102084 -0.305636 0.512038 0.796231
0.0 0.07781 0.0 1.0 0.90988 0.033267 -0.049881 0.410516
0.0 0.07781 0.0 1.0 0.894492 -0.02414 -0.026601 0.445639
0.0 0.19938 0.0 1.0 0.288914 0.017363 0.001768 0.957196
0.03294 0.18631 0.01195 1.0 -0.180041 -0.462134 -0.521033 0.694652
-0.03294 0.18631 0.01195 1.0 -0.255658 0.435392 0.367173 0.781189
0.0 0.08174 0.0 1.0 0.002873 0.0 0.0 0.999996
0.0 0.12188 0.0 1.0 0.087708 0.0 0.0 0.996146
0.0 0.12188 0.0 1.0 0.087708 0.0 0.0 0.996146
0.0 0.21801 0.0 1.0 -0.143622 0.066254 -0.36121 0.918972
0.0 0.21801 0.0 1.0 -0.211399 -0.069447 0.22946 0.947542
0.0 0.15461 0.0 1.0 -0.081082 -0.114804 0.101395 0.984868
0.0 0.15461 0.0 1.0 -0.076187 -0.013296 -0.110923 0.990815
0.00003 0.05722 -0.02695 1.0 0.00713 -0.040179 0.023524 0.99889
-0.00003 0.05722 -0.02695 1.0 0.013028 -0.023051 -0.03427 0.999062


##### Pose: 8 ##############################################

0.0 0.0 0.0 1.0 0.707107 0.0 0.0 0.707107
0.01 0.23424 0.09342 1.0 0.0 0.910691 -0.413088 0.0
0.14256 0.04399 0.03086 1.0 -0.043797 -0.033343 -0.997868 0.035062
-0.12219 0.07783 0.11365 1.0 -0.046147 0.654319 0.748308 0.098857
0.0 0.14486 0.0 1.0 -0.314029 -0.023889 -0.00619 0.949093
0.0 0.18215 0.0 1.0 -0.298643 -0.001591 0.01738 0.954205
0.0 0.13548 0.0 1.0 -0.002334 0.013982 -0.00062 0.999899
0.0 0.13548 0.0 1.0 -0.611125 -0.010832 0.162332 0.774633
0.01404 0.14058 0.11438 1.0 -0.102084 0.305636 -0.512038 0.796231
-0.01404 0.14058 0.11438 1.0 -0.102084 -0.305636 0.512038 0.796231
0.0 0.07781 0.0 1.0 0.844552 -0.014791 -0.043434 0.533505
0.0 0.07781 0.0 1.0 0.889396 -0.039219 -0.033235 0.454237
0.0 0.19938 0.0 1.0 0.288914 0.017363 0.001768 0.957196
0.03294 0.18631 0.01195 1.0 -0.163728 -0.469096 -0.536126 0.68243
-0.03294 0.18631 0.01195 1.0 -0.258958 0.435604 0.339486 0.792426
0.0 0.08174 0.0 1.0 0.002873 0.0 0.0 0.999996
0.0 0.12188 0.0 1.0 0.087708 0.0 0.0 0.996146
0.0 0.12188 0.0 1.0 0.087708 0.0 0.0 0.996146
0.0 0.21801 0.0 1.0 -0.132096 0.065295 -0.382931 0.911949
0.0 0.21801 0.0 1.0 -0.216481 -0.069466 0.211985 0.950459
0.0 0.15461 0.0 1.0 -0.080656 -0.129807 0.103759 0.982791
0.0 0.15461 0.0 1.0 -0.075379 -0.02878 -0.110661 0.990578
0.00003 0.05722 -0.02695 1.0 0.006942 -0.047823 0.024015 0.998543
-0.00003 0.05722 -0.02695 1.0 0.013776 -0.030745 -0.034892 0.998823