# SQEE Animation Format


################################################################################

SECTION Header

BoneCount 64
PoseCount 5
TotalTime 26

Times 5 10 5 6 0


################################################################################

SECTION Poses


##### Pose: 0 ##############################################

0.02 0.03 0.357 1.0 0.0 0.707107 0.707107 0.0
0.10651 0.03225 -0.0012 1.0 0.779506 0.00754 -0.060888 0.623382
-0.10349 0.09259 -0.08507 1.0 0.995696 -0.054864 0.067015 0.03298
0.0 0.11713 0.0 1.0 0.307425 0.012052 0.068707 0.949012
0.0 0.40298 0.0 1.0 0.926813 -0.00009 -0.147602 0.3453
0.0 0.40298 0.0 1.0 0.83925 0.000279 0.129452 0.528112
0.0 0.11353 0.0 1.0 0.08534 0.020916 0.067936 0.993813
0.0 0.40596 0.0 1.0 -0.89207 0.013686 0.114997 0.436806
0.0 0.40596 0.0 1.0 -0.86234 -0.074039 -0.10449 0.489867
0.0 0.14148 0.0 1.0 0.049023 0.008581 0.035485 0.99813
0.0 0.1733 0.0 1.0 -0.179058 0.005342 0.021538 0.983588
0.0 0.1733 0.0 1.0 -0.629911 0.034091 -0.03354 0.775194
0.0 0.24687 0.0 1.0 -0.069938 -0.032603 -0.081828 0.993655
0.05 0.20606 -0.00339 1.0 -0.5323 -0.382665 -0.599824 0.458732
-0.06465 0.17999 0.03102 1.0 -0.500799 0.423226 0.647986 0.38755
0.0 0.11937 0.0 1.0 -0.338142 0.00593 -0.315476 0.886623
0.0 0.11937 0.0 1.0 -0.091141 0.010002 0.34392 0.934512
0.0 0.09951 0.0 1.0 -0.270632 -0.020626 -0.08468 0.95873
0.0 0.1329 0.0 1.0 0.0 0.050052 0.0 0.998747
0.0 0.1329 0.0 1.0 0.0 -0.005952 0.0 0.999982
0.054 0.12356 0.10523 1.0 -0.000163 0.730707 0.682691 0.000152
-0.054 0.12356 0.10523 1.0 0.000163 0.730707 0.682691 -0.000152
0.0 0.1329 0.0 1.0 -0.04288 0.003235 -0.332049 0.942281
0.0 0.1329 0.0 1.0 -0.00474 -0.006282 -0.006642 0.999947
-0.03957 0.16679 -0.00162 1.0 -0.013022 -0.663939 0.397886 0.63301
0.03957 0.16679 -0.00162 1.0 -0.013021 0.663939 -0.397886 0.63301
0.0 0.2624 0.0 1.0 -0.031679 -0.400296 0.00334 0.915832
0.0 0.2624 0.0 1.0 0.3289 -0.184833 0.10651 0.919955
0.0 0.13077 0.0 1.0 -0.083905 -0.071022 -0.156191 0.981591
0.0 0.13077 0.0 1.0 -0.083084 0.118057 0.204585 0.968145
0.00718 0.07562 -0.04315 1.0 -0.020939 -0.012473 0.023005 0.999438
-0.00718 0.07562 -0.04315 1.0 -0.020939 0.012473 -0.023005 0.999438
0.04641 0.1142 -0.0041 1.0 -0.069963 0.118305 -0.193917 0.971342
-0.04641 0.1142 -0.00409 1.0 0.116659 -0.079127 0.212927 0.966846
0.0198 0.12271 0.00007 1.0 -0.084441 0.026319 -0.04193 0.995198
-0.0198 0.12271 0.00007 1.0 0.124318 -0.017026 0.046486 0.991007
-0.02942 0.11104 -0.00169 1.0 -0.124381 -0.119509 0.173396 0.969629
0.02942 0.11104 -0.00169 1.0 -0.124381 0.119509 -0.173396 0.969629
-0.00705 0.12057 -0.00087 1.0 -0.065424 -0.024988 0.041556 0.996679
0.00705 0.12057 -0.00087 1.0 0.08261 0.018574 -0.044793 0.995402
0.03234 0.03392 -0.01127 1.0 0.110514 0.463106 -0.46147 0.748575
-0.03234 0.03392 -0.01127 1.0 -0.106288 -0.5543 0.492061 0.66282
0.0 0.13612 0.0 1.0 -0.143564 0.18677 -0.066035 0.969611
0.0 0.13612 0.0 1.0 0.500289 0.175708 -0.22298 0.817996
0.0 0.03329 0.0 1.0 -0.061051 -0.000004 -0.000001 0.998135
0.0 0.03329 0.0 1.0 -0.017452 0.0 0.0 0.999848
0.0 0.03781 0.0 1.0 -0.061049 -0.000001 0.0 0.998135
0.0 0.03781 0.0 1.0 -0.017453 0.000001 0.0 0.999848
0.0 0.0258 0.0 1.0 -0.06105 0.0 0.0 0.998135
0.0 0.0258 0.0 1.0 -0.12187 0.0 0.0 0.992546
0.0 0.03416 0.0 1.0 -0.061052 -0.000003 0.0 0.998135
0.0 0.03416 0.0 1.0 -0.0349 0.000001 0.0 0.999391
0.0 0.03794 0.0 1.0 -0.086195 -0.000574 0.006638 0.996256
0.0 0.03794 0.0 1.0 -0.077498 0.000517 -0.006643 0.99697
0.0 0.02674 0.0 1.0 -0.043619 0.000001 0.000001 0.999048
0.0 0.02674 0.0 1.0 0.113204 -0.000001 -0.000001 0.993572
0.0 0.03015 0.0 1.0 -0.043618 0.000001 0.0 0.999048
0.0 0.03015 0.0 1.0 0.147811 -0.000001 0.0 0.989016
0.0 0.02184 0.0 1.0 -0.04362 -0.000001 0.0 0.999048
0.0 0.02184 0.0 1.0 -0.078459 0.000001 0.0 0.996917
0.0 0.0281 0.0 1.0 -0.043619 0.0 0.0 0.999048
0.0 0.02809 0.0 1.0 0.095846 0.0 0.0 0.995396
0.0 0.03551 0.0 1.0 -0.028693 -0.005283 0.025885 0.999239
0.0 0.03551 0.0 1.0 0.04108 0.003464 -0.026191 0.998807


##### Pose: 1 ##############################################

0.02 0.03 0.357 1.0 0.0 0.707107 0.707107 0.0
0.10651 0.03225 -0.0012 1.0 0.779506 0.00754 -0.060888 0.623382
-0.10349 0.09259 -0.08507 1.0 0.995696 -0.054864 0.067015 0.03298
0.0 0.11713 0.0 1.0 0.274633 -0.009183 -0.033963 0.960905
0.0 0.40298 0.0 1.0 0.926813 -0.00009 -0.147602 0.3453
0.0 0.40298 0.0 1.0 0.83925 0.000279 0.129452 0.528112
0.0 0.11353 0.0 1.0 -0.16529 0.006775 0.01598 0.986092
0.0 0.40596 0.0 1.0 -0.89207 0.013686 0.114997 0.436806
0.0 0.40596 0.0 1.0 -0.86234 -0.074039 -0.10449 0.489867
0.0 0.14148 0.0 1.0 -0.053947 0.002963 0.017199 0.998391
0.0 0.1733 0.0 1.0 -0.179058 0.005342 0.021538 0.983588
0.0 0.1733 0.0 1.0 -0.629911 0.034091 -0.03354 0.775194
0.0 0.24687 0.0 1.0 0.239938 0.000139 -0.00012 0.970788
0.05 0.20606 -0.00339 1.0 -0.421091 -0.4841 -0.690582 0.333806
-0.06465 0.17999 0.03102 1.0 -0.42588 0.479251 0.68837 0.339251
0.0 0.11937 0.0 1.0 0.020444 0.001224 -0.3194 0.947399
0.0 0.11937 0.0 1.0 0.017806 -0.00525 0.280929 0.959549
0.0 0.09951 0.0 1.0 -0.091734 -0.000083 0.000098 0.995784
0.0 0.1329 0.0 1.0 0.0 -0.166203 0.0 0.986092
0.0 0.1329 0.0 1.0 0.0 0.164906 0.0 0.986309
0.054 0.12356 0.10523 1.0 -0.016772 0.668331 0.743654 0.005536
-0.054 0.12356 0.10523 1.0 0.016772 0.668331 0.743654 -0.005536
0.0 0.1329 0.0 1.0 -0.020919 0.002603 -0.347774 0.937341
0.0 0.1329 0.0 1.0 -0.021413 -0.000604 0.501223 0.865053
-0.03957 0.16679 -0.00162 1.0 -0.24066 -0.42841 0.601449 0.629926
0.03957 0.16679 -0.00162 1.0 -0.240659 0.428411 -0.601449 0.629926
0.0 0.2624 0.0 1.0 -0.020343 0.177135 0.118203 0.976851
0.0 0.2624 0.0 1.0 -0.045491 -0.162566 -0.235849 0.957015
0.0 0.13077 0.0 1.0 0.09165 -0.016454 0.226249 0.969609
0.0 0.13077 0.0 1.0 0.09165 0.016454 -0.22625 0.969609
0.00718 0.07562 -0.04315 1.0 -0.020939 -0.012473 0.023005 0.999438
-0.00718 0.07562 -0.04315 1.0 -0.020939 0.012473 -0.023005 0.999438
0.04641 0.1142 -0.0041 1.0 -0.069963 0.118305 -0.193917 0.971342
-0.04641 0.1142 -0.00409 1.0 -0.069967 -0.118302 0.193917 0.971342
0.0198 0.12271 0.00007 1.0 -0.084441 0.026319 -0.04193 0.995198
-0.0198 0.12271 0.00007 1.0 -0.084441 -0.026319 0.04193 0.995198
-0.02942 0.11104 -0.00169 1.0 -0.124381 -0.119509 0.173396 0.969629
0.02942 0.11104 -0.00169 1.0 -0.124381 0.119509 -0.173396 0.969629
-0.00705 0.12057 -0.00087 1.0 -0.065424 -0.024988 0.041556 0.996679
0.00705 0.12057 -0.00087 1.0 -0.065427 0.024991 -0.041556 0.996678
0.03234 0.03392 -0.01127 1.0 0.110514 0.463106 -0.46147 0.748575
-0.03234 0.03392 -0.01127 1.0 0.110514 -0.463106 0.46147 0.748575
0.0 0.13612 0.0 1.0 0.142228 -0.14535 0.003355 0.979098
0.0 0.13612 0.0 1.0 0.142227 0.14535 -0.003355 0.979098
0.0 0.03329 0.0 1.0 -0.061051 -0.000004 -0.000001 0.998135
0.0 0.03329 0.0 1.0 -0.061048 0.0 0.0 0.998135
0.0 0.03781 0.0 1.0 -0.061049 -0.000001 0.0 0.998135
0.0 0.03781 0.0 1.0 -0.061049 0.000001 0.0 0.998135
0.0 0.0258 0.0 1.0 -0.06105 0.0 0.0 0.998135
0.0 0.0258 0.0 1.0 -0.06105 0.0 0.0 0.998135
0.0 0.03416 0.0 1.0 -0.061052 -0.000003 0.0 0.998135
0.0 0.03416 0.0 1.0 -0.061049 0.000001 0.0 0.998135
0.0 0.03794 0.0 1.0 -0.086195 -0.000574 0.006638 0.996256
0.0 0.03794 0.0 1.0 -0.086195 0.000574 -0.006638 0.996256
0.0 0.02674 0.0 1.0 -0.043619 0.000001 0.000001 0.999048
0.0 0.02674 0.0 1.0 -0.043619 -0.000001 -0.000001 0.999048
0.0 0.03015 0.0 1.0 -0.043618 0.000001 0.0 0.999048
0.0 0.03015 0.0 1.0 -0.043618 -0.000001 0.0 0.999048
0.0 0.02184 0.0 1.0 -0.04362 -0.000001 0.0 0.999048
0.0 0.02184 0.0 1.0 -0.04362 0.000001 0.0 0.999048
0.0 0.0281 0.0 1.0 -0.043619 0.0 0.0 0.999048
0.0 0.0281 0.0 1.0 -0.04362 0.0 0.0 0.999048
0.0 0.03551 0.0 1.0 -0.028693 -0.005283 0.025885 0.999239
0.0 0.03551 0.0 1.0 -0.028693 0.005283 -0.025885 0.999239


##### Pose: 2 ##############################################

0.02 0.03 0.357 1.0 0.0 0.707107 0.707107 0.0
0.10651 0.03225 -0.0012 1.0 0.779506 0.00754 -0.060888 0.623382
-0.10349 0.09259 -0.08507 1.0 0.995696 -0.054864 0.067015 0.03298
0.0 0.11713 0.0 1.0 0.274633 -0.009183 -0.033963 0.960905
0.0 0.40298 0.0 1.0 0.926813 -0.00009 -0.147602 0.3453
0.0 0.40298 0.0 1.0 0.83925 0.000279 0.129452 0.528112
0.0 0.11353 0.0 1.0 -0.16529 0.006775 0.01598 0.986092
0.0 0.40596 0.0 1.0 -0.89207 0.013686 0.114997 0.436806
0.0 0.40596 0.0 1.0 -0.86234 -0.074039 -0.10449 0.489867
0.0 0.14148 0.0 1.0 -0.053947 0.002963 0.017199 0.998391
0.0 0.1733 0.0 1.0 -0.179058 0.005342 0.021538 0.983588
0.0 0.1733 0.0 1.0 -0.629911 0.034091 -0.03354 0.775194
0.0 0.24687 0.0 1.0 0.145788 -0.00001 -0.00001 0.989316
0.05 0.20606 -0.00339 1.0 -0.421585 -0.483925 -0.689851 0.334946
-0.06465 0.17999 0.03102 1.0 -0.426027 0.47956 0.687998 0.339385
0.0 0.11937 0.0 1.0 0.049903 0.000233 -0.311987 0.948775
0.0 0.11937 0.0 1.0 0.052392 -0.001869 0.278007 0.959147
0.0 0.09951 0.0 1.0 -0.065637 -0.000021 -0.000017 0.997844
0.0 0.1329 0.0 1.0 0.0 -0.169954 0.0 0.985452
0.0 0.1329 0.0 1.0 0.0 0.170256 0.0 0.9854
0.054 0.12356 0.10523 1.0 -0.000163 0.730707 0.682691 0.000152
-0.054 0.12356 0.10523 1.0 0.000163 0.730707 0.682691 -0.000152
0.0 0.1329 0.0 1.0 -0.018532 0.002229 -0.373776 0.927331
0.0 0.1329 0.0 1.0 -0.018435 -0.000367 0.514022 0.857579
-0.03957 0.16679 -0.00162 1.0 -0.203165 -0.451564 0.543407 0.677882
0.03957 0.16679 -0.00162 1.0 -0.201823 0.448511 -0.544477 0.679448
0.0 0.2624 0.0 1.0 0.017175 0.160346 0.119269 0.979678
0.0 0.2624 0.0 1.0 -0.008669 -0.148549 -0.23207 0.96125
0.0 0.13077 0.0 1.0 0.079207 -0.035527 0.055262 0.994691
0.0 0.13077 0.0 1.0 0.086686 0.034177 -0.054658 0.994148
0.00718 0.07562 -0.04315 1.0 -0.020939 -0.012473 0.023005 0.999438
-0.00718 0.07562 -0.04315 1.0 -0.020939 0.012473 -0.023005 0.999438
0.04641 0.1142 -0.0041 1.0 -0.069963 0.118305 -0.193917 0.971342
-0.04641 0.1142 -0.00409 1.0 -0.069967 -0.118302 0.193917 0.971342
0.0198 0.12271 0.00007 1.0 -0.084441 0.026319 -0.04193 0.995198
-0.0198 0.12271 0.00007 1.0 -0.084441 -0.026319 0.04193 0.995198
-0.02942 0.11104 -0.00169 1.0 -0.124381 -0.119509 0.173396 0.969629
0.02942 0.11104 -0.00169 1.0 -0.124381 0.119509 -0.173396 0.969629
-0.00705 0.12057 -0.00087 1.0 -0.065424 -0.024988 0.041556 0.996679
0.00705 0.12057 -0.00087 1.0 -0.065427 0.024991 -0.041556 0.996678
0.03234 0.03392 -0.01127 1.0 0.110514 0.463106 -0.46147 0.748575
-0.03234 0.03392 -0.01127 1.0 0.110514 -0.463106 0.46147 0.748575
0.0 0.13612 0.0 1.0 0.106595 -0.184943 -0.115772 0.970067
0.0 0.13612 0.0 1.0 0.112107 0.185367 0.117077 0.969208
0.0 0.03329 0.0 1.0 -0.061051 -0.000004 -0.000001 0.998135
0.0 0.03329 0.0 1.0 -0.061048 0.0 0.0 0.998135
0.0 0.03781 0.0 1.0 -0.061049 -0.000001 0.0 0.998135
0.0 0.03781 0.0 1.0 -0.061049 0.000001 0.0 0.998135
0.0 0.0258 0.0 1.0 -0.06105 0.0 0.0 0.998135
0.0 0.0258 0.0 1.0 -0.06105 0.0 0.0 0.998135
0.0 0.03416 0.0 1.0 -0.061052 -0.000003 0.0 0.998135
0.0 0.03416 0.0 1.0 -0.061049 0.000001 0.0 0.998135
0.0 0.03794 0.0 1.0 -0.086195 -0.000574 0.006638 0.996256
0.0 0.03794 0.0 1.0 -0.086195 0.000574 -0.006638 0.996256
0.0 0.02674 0.0 1.0 -0.043619 0.000001 0.000001 0.999048
0.0 0.02674 0.0 1.0 -0.043619 -0.000001 -0.000001 0.999048
0.0 0.03015 0.0 1.0 -0.043618 0.000001 0.0 0.999048
0.0 0.03015 0.0 1.0 -0.043618 -0.000001 0.0 0.999048
0.0 0.02184 0.0 1.0 -0.04362 -0.000001 0.0 0.999048
0.0 0.02184 0.0 1.0 -0.04362 0.000001 0.0 0.999048
0.0 0.02809 0.0 1.0 -0.043619 0.0 0.0 0.999048
0.0 0.0281 0.0 1.0 -0.04362 0.0 0.0 0.999048
0.0 0.03551 0.0 1.0 -0.028694 -0.005283 0.025885 0.999239
0.0 0.03551 0.0 1.0 -0.028693 0.005283 -0.025885 0.999239


##### Pose: 3 ##############################################

0.02 0.03 0.357 1.0 0.0 0.707107 0.707107 0.0
0.10651 0.03225 -0.0012 1.0 0.779506 0.00754 -0.060888 0.623382
-0.10349 0.09259 -0.08507 1.0 0.995696 -0.054864 0.067015 0.03298
0.0 0.11713 0.0 1.0 0.307425 0.012052 0.068707 0.949012
0.0 0.40298 0.0 1.0 0.926813 -0.00009 -0.147602 0.3453
0.0 0.40298 0.0 1.0 0.83925 0.000279 0.129452 0.528112
0.0 0.11353 0.0 1.0 0.08534 0.020916 0.067936 0.993813
0.0 0.40596 0.0 1.0 -0.89207 0.013686 0.114997 0.436806
0.0 0.40596 0.0 1.0 -0.86234 -0.074039 -0.10449 0.489867
0.0 0.14148 0.0 1.0 0.049023 0.008581 0.035485 0.99813
0.0 0.1733 0.0 1.0 -0.179058 0.005342 0.021538 0.983588
0.0 0.1733 0.0 1.0 -0.629911 0.034091 -0.03354 0.775194
0.0 0.24687 0.0 1.0 -0.069938 -0.032603 -0.081828 0.993655
0.05 0.20606 -0.00339 1.0 -0.5323 -0.382665 -0.599824 0.458732
-0.06465 0.17999 0.03102 1.0 -0.500799 0.423226 0.647986 0.38755
0.0 0.11937 0.0 1.0 -0.338142 0.00593 -0.315476 0.886623
0.0 0.11937 0.0 1.0 -0.091141 0.010002 0.34392 0.934512
0.0 0.09951 0.0 1.0 -0.270632 -0.020626 -0.08468 0.95873
0.0 0.1329 0.0 1.0 0.0 0.050052 0.0 0.998747
0.0 0.1329 0.0 1.0 0.0 -0.005952 0.0 0.999982
0.054 0.12356 0.10523 1.0 -0.000163 0.730707 0.682691 0.000152
-0.054 0.12356 0.10523 1.0 0.000163 0.730707 0.682691 -0.000152
0.0 0.1329 0.0 1.0 -0.04288 0.003235 -0.332049 0.942281
0.0 0.1329 0.0 1.0 -0.00474 -0.006282 -0.006642 0.999947
-0.03957 0.16679 -0.00162 1.0 -0.013022 -0.663939 0.397886 0.63301
0.03957 0.16679 -0.00162 1.0 -0.013021 0.663939 -0.397886 0.63301
0.0 0.2624 0.0 1.0 -0.031679 -0.400296 0.00334 0.915832
0.0 0.2624 0.0 1.0 0.3289 -0.184833 0.10651 0.919955
0.0 0.13077 0.0 1.0 -0.083905 -0.071022 -0.156191 0.981591
0.0 0.13077 0.0 1.0 -0.083084 0.118057 0.204585 0.968145
0.00718 0.07562 -0.04315 1.0 -0.020939 -0.012473 0.023005 0.999438
-0.00718 0.07562 -0.04315 1.0 -0.020939 0.012473 -0.023005 0.999438
0.04641 0.1142 -0.0041 1.0 -0.069963 0.118305 -0.193917 0.971342
-0.04641 0.1142 -0.00409 1.0 0.116659 -0.079127 0.212927 0.966846
0.0198 0.12271 0.00007 1.0 -0.084441 0.026319 -0.04193 0.995198
-0.0198 0.12271 0.00007 1.0 0.124318 -0.017026 0.046486 0.991007
-0.02942 0.11104 -0.00169 1.0 -0.124381 -0.119509 0.173396 0.969629
0.02942 0.11104 -0.00169 1.0 -0.124381 0.119509 -0.173396 0.969629
-0.00705 0.12057 -0.00087 1.0 -0.065424 -0.024988 0.041556 0.996679
0.00705 0.12057 -0.00087 1.0 0.08261 0.018574 -0.044793 0.995402
0.03234 0.03392 -0.01127 1.0 0.110514 0.463106 -0.46147 0.748575
-0.03234 0.03392 -0.01127 1.0 -0.106288 -0.5543 0.492061 0.66282
0.0 0.13612 0.0 1.0 -0.143564 0.18677 -0.066035 0.969611
0.0 0.13612 0.0 1.0 0.500289 0.175708 -0.22298 0.817996
0.0 0.03329 0.0 1.0 -0.061051 -0.000004 -0.000001 0.998135
0.0 0.03329 0.0 1.0 -0.017452 0.0 0.0 0.999848
0.0 0.03781 0.0 1.0 -0.061049 -0.000001 0.0 0.998135
0.0 0.03781 0.0 1.0 -0.017453 0.000001 0.0 0.999848
0.0 0.0258 0.0 1.0 -0.06105 0.0 0.0 0.998135
0.0 0.0258 0.0 1.0 -0.12187 0.0 0.0 0.992546
0.0 0.03416 0.0 1.0 -0.061052 -0.000003 0.0 0.998135
0.0 0.03416 0.0 1.0 -0.0349 0.000001 0.0 0.999391
0.0 0.03794 0.0 1.0 -0.086195 -0.000574 0.006638 0.996256
0.0 0.03794 0.0 1.0 -0.077498 0.000517 -0.006643 0.99697
0.0 0.02674 0.0 1.0 -0.043619 0.000001 0.000001 0.999048
0.0 0.02674 0.0 1.0 0.113204 -0.000001 -0.000001 0.993572
0.0 0.03015 0.0 1.0 -0.043618 0.000001 0.0 0.999048
0.0 0.03015 0.0 1.0 0.147811 -0.000001 0.0 0.989016
0.0 0.02184 0.0 1.0 -0.04362 -0.000001 0.0 0.999048
0.0 0.02184 0.0 1.0 -0.078459 0.000001 0.0 0.996917
0.0 0.0281 0.0 1.0 -0.043619 0.0 0.0 0.999048
0.0 0.02809 0.0 1.0 0.095846 0.0 0.0 0.995396
0.0 0.03551 0.0 1.0 -0.028693 -0.005283 0.025885 0.999239
0.0 0.03551 0.0 1.0 0.04108 0.003464 -0.026191 0.998807


##### Pose: 4 ##############################################

0.02 0.03 0.357 1.0 0.0 0.707107 0.707107 0.0
0.10651 0.03225 -0.0012 1.0 0.779506 0.00754 -0.060888 0.623382
-0.10349 0.09259 -0.08507 1.0 0.995696 -0.054864 0.067015 0.03298
0.0 0.11713 0.0 1.0 0.307425 0.012052 0.068707 0.949012
0.0 0.40298 0.0 1.0 0.926813 -0.00009 -0.147602 0.3453
0.0 0.40298 0.0 1.0 0.83925 0.000279 0.129452 0.528112
0.0 0.11353 0.0 1.0 0.08534 0.020916 0.067936 0.993813
0.0 0.40596 0.0 1.0 -0.89207 0.013686 0.114997 0.436806
0.0 0.40596 0.0 1.0 -0.86234 -0.074039 -0.10449 0.489867
0.0 0.14148 0.0 1.0 0.049023 0.008581 0.035485 0.99813
0.0 0.1733 0.0 1.0 -0.179058 0.005342 0.021538 0.983588
0.0 0.1733 0.0 1.0 -0.629911 0.034091 -0.03354 0.775194
0.0 0.24687 0.0 1.0 -0.069938 -0.032603 -0.081828 0.993655
0.05 0.20606 -0.00339 1.0 -0.5323 -0.382665 -0.599824 0.458732
-0.06465 0.17999 0.03102 1.0 -0.500799 0.423226 0.647986 0.38755
0.0 0.11937 0.0 1.0 -0.338142 0.00593 -0.315476 0.886623
0.0 0.11937 0.0 1.0 -0.091141 0.010002 0.34392 0.934512
0.0 0.09951 0.0 1.0 -0.270632 -0.020626 -0.08468 0.95873
0.0 0.1329 0.0 1.0 0.0 0.050052 0.0 0.998747
0.0 0.1329 0.0 1.0 0.0 -0.005952 0.0 0.999982
0.054 0.12356 0.10523 1.0 -0.000163 0.730707 0.682691 0.000152
-0.054 0.12356 0.10523 1.0 0.000163 0.730707 0.682691 -0.000152
0.0 0.1329 0.0 1.0 -0.04288 0.003235 -0.332049 0.942281
0.0 0.1329 0.0 1.0 -0.00474 -0.006282 -0.006642 0.999947
-0.03957 0.16679 -0.00162 1.0 -0.013022 -0.663939 0.397886 0.63301
0.03957 0.16679 -0.00162 1.0 -0.013021 0.663939 -0.397886 0.63301
0.0 0.2624 0.0 1.0 -0.031679 -0.400296 0.00334 0.915832
0.0 0.2624 0.0 1.0 0.3289 -0.184833 0.10651 0.919955
0.0 0.13077 0.0 1.0 -0.083905 -0.071022 -0.156191 0.981591
0.0 0.13077 0.0 1.0 -0.083084 0.118057 0.204585 0.968145
0.00718 0.07562 -0.04315 1.0 -0.020939 -0.012473 0.023005 0.999438
-0.00718 0.07562 -0.04315 1.0 -0.020939 0.012473 -0.023005 0.999438
0.04641 0.1142 -0.0041 1.0 -0.069963 0.118305 -0.193917 0.971342
-0.04641 0.1142 -0.00409 1.0 0.116659 -0.079127 0.212927 0.966846
0.0198 0.12271 0.00007 1.0 -0.084441 0.026319 -0.04193 0.995198
-0.0198 0.12271 0.00007 1.0 0.124318 -0.017026 0.046486 0.991007
-0.02942 0.11104 -0.00169 1.0 -0.124381 -0.119509 0.173396 0.969629
0.02942 0.11104 -0.00169 1.0 -0.124381 0.119509 -0.173396 0.969629
-0.00705 0.12057 -0.00087 1.0 -0.065424 -0.024988 0.041556 0.996679
0.00705 0.12057 -0.00087 1.0 0.08261 0.018574 -0.044793 0.995402
0.03234 0.03392 -0.01127 1.0 0.110514 0.463106 -0.46147 0.748575
-0.03234 0.03392 -0.01127 1.0 -0.106288 -0.5543 0.492061 0.66282
0.0 0.13612 0.0 1.0 -0.143564 0.18677 -0.066035 0.969611
0.0 0.13612 0.0 1.0 0.500289 0.175708 -0.22298 0.817996
0.0 0.03329 0.0 1.0 -0.061051 -0.000004 -0.000001 0.998135
0.0 0.03329 0.0 1.0 -0.017452 0.0 0.0 0.999848
0.0 0.03781 0.0 1.0 -0.061049 -0.000001 0.0 0.998135
0.0 0.03781 0.0 1.0 -0.017453 0.000001 0.0 0.999848
0.0 0.0258 0.0 1.0 -0.06105 0.0 0.0 0.998135
0.0 0.0258 0.0 1.0 -0.12187 0.0 0.0 0.992546
0.0 0.03416 0.0 1.0 -0.061052 -0.000003 0.0 0.998135
0.0 0.03416 0.0 1.0 -0.0349 0.000001 0.0 0.999391
0.0 0.03794 0.0 1.0 -0.086195 -0.000574 0.006638 0.996256
0.0 0.03794 0.0 1.0 -0.077498 0.000517 -0.006643 0.99697
0.0 0.02674 0.0 1.0 -0.043619 0.000001 0.000001 0.999048
0.0 0.02674 0.0 1.0 0.113204 -0.000001 -0.000001 0.993572
0.0 0.03015 0.0 1.0 -0.043618 0.000001 0.0 0.999048
0.0 0.03015 0.0 1.0 0.147811 -0.000001 0.0 0.989016
0.0 0.02184 0.0 1.0 -0.04362 -0.000001 0.0 0.999048
0.0 0.02184 0.0 1.0 -0.078459 0.000001 0.0 0.996917
0.0 0.0281 0.0 1.0 -0.043619 0.0 0.0 0.999048
0.0 0.02809 0.0 1.0 0.095846 0.0 0.0 0.995396
0.0 0.03551 0.0 1.0 -0.028693 -0.005283 0.025885 0.999239
0.0 0.03551 0.0 1.0 0.04108 0.003464 -0.026191 0.998807