-0.01 0.0098 0.85181 0.70743 0.0 0.0 0.706783 1.0 1.0 1.0
0.1077 0.03506 0.01163 0.989632 0.031183 -0.009508 0.139878 1.0 1.0 1.0
-0.1077 0.03505 0.00163 -0.999427 0.030813 0.008041 0.011487 1.0 1.0 1.0
0.0 0.11713 0.0 0.101104 0.0 0.0 0.994876 1.0 1.0 1.0
0.0 0.40282 0.0 0.181272 0.009965 -0.015472 0.983261 1.0 1.0 1.0
0.0 0.40282 0.0 0.219336 -0.016272 0.016571 0.975373 1.0 1.0 1.0
0.0 0.11316 0.0 -0.119578 0.0 0.0 0.992825 1.0 1.0 1.0
0.0 0.40599 0.0 -0.568663 -0.048544 0.028669 0.820636 1.0 1.0 1.0
0.0 0.40599 0.0 -0.730873 0.079688 -0.026485 0.677328 1.0 1.0 1.0
0.0 0.14148 0.0 -0.053705 0.0 0.0 0.998557 1.0 1.0 1.0
0.0 0.1733 0.0 -0.178249 0.005593 0.022454 0.983713 1.0 1.0 1.0
0.0 0.1733 0.0 -0.220738 -0.000916 -0.023596 0.975047 1.0 1.0 1.0
0.0 0.24737 0.0 0.155396 0.0 0.0 0.987852 1.0 1.0 1.0
0.09603 0.21389 0.04364 -0.573598 -0.340481 -0.461765 0.584663 1.0 1.0 1.0
-0.09603 0.21389 0.04364 -0.573598 0.340481 0.461765 0.584663 1.0 1.0 1.0
-0.01428 0.09995 -0.04187 -0.397806 0.19993 -0.072489 0.892482 1.0 1.0 1.0
0.01428 0.09995 -0.04187 -0.435947 -0.016707 0.18317 0.880977 1.0 1.0 1.0
0.0 0.0994 0.0 -0.048828 1e-06 1e-06 0.998807 1.0 1.0 1.0
0.0 0.26759 0.0 -0.1384 -0.025011 -0.105762 0.984396 1.0 1.0 1.0
0.0 0.26759 0.0 -0.182906 0.063957 0.105032 0.975409 1.0 1.0 1.0
0.05424 0.12331 0.10485 0.482032 -0.517346 -0.482032 0.517343 1.0 1.0 1.0
-0.05424 0.12331 0.10485 0.482032 0.517344 0.482032 0.517345 1.0 1.0 1.0
-0.03846 0.16544 -0.00076 -0.209757 -0.386369 0.446088 0.779568 1.0 1.0 1.0
0.03846 0.16544 -0.00076 0.041542 0.120698 -0.58855 0.79832 1.0 1.0 1.0
0.0 0.26236 0.0 -0.081269 0.009153 0.010707 0.996593 1.0 1.0 1.0
0.0 0.26236 0.0 -0.081269 -0.009153 -0.010707 0.996593 1.0 1.0 1.0
0.0 0.13101 0.0 -0.179139 -0.015851 -0.130968 0.974939 1.0 1.0 1.0
0.0 0.13101 0.0 0.042471 0.144581 0.06273 0.986589 1.0 1.0 1.0
0.00631 0.07413 -0.04325 -0.025177 -0.01087 0.020157 0.999421 1.0 1.0 1.0
-0.00631 0.07413 -0.04325 -0.025177 0.01087 -0.020157 0.999421 1.0 1.0 1.0
0.04573 0.11286 -0.0052 -0.074034 0.118242 -0.194817 0.970868 1.0 1.0 1.0
-0.04573 0.11286 -0.0052 -0.074034 -0.118242 0.194817 0.970868 1.0 1.0 1.0
0.01789 0.12159 -0.00077 -0.089009 0.039008 -0.062389 0.993309 1.0 1.0 1.0
-0.01789 0.12159 -0.00077 -0.089009 -0.039008 0.062389 0.993309 1.0 1.0 1.0
-0.02936 0.1099 -0.0018 -0.142916 -0.076417 0.10839 0.980809 1.0 1.0 1.0
0.02936 0.1099 -0.0018 -0.142916 0.076417 -0.10839 0.980809 1.0 1.0 1.0
-0.0078 0.12036 -0.00132 -0.060051 -0.013198 0.022552 0.997853 1.0 1.0 1.0
0.0078 0.12036 -0.00132 -0.060051 0.013198 -0.022552 0.997853 1.0 1.0 1.0
0.0348 0.04016 -0.01632 -0.045435 0.319639 -0.547799 0.771805 1.0 1.0 1.0
-0.0348 0.04016 -0.01632 -0.045435 -0.319639 0.5478 0.771805 1.0 1.0 1.0
0.0 0.13612 0.0 0.089552 0.124308 -0.1058 0.982514 1.0 1.0 1.0
0.0 0.13612 0.0 0.000848 0.037186 -0.058252 0.997609 1.0 1.0 1.0
0.0 0.03494 0.0 -0.102474 -0.007274 0.008222 0.994675 1.0 1.0 1.0
0.0 0.03494 0.0 -0.102474 0.007273 -0.008222 0.994675 1.0 1.0 1.0
0.0 0.03784 0.0 -0.081863 -0.014703 0.016425 0.9964 1.0 1.0 1.0
0.0 0.03784 0.0 -0.081863 0.014703 -0.016425 0.9964 1.0 1.0 1.0
0.0 0.02367 0.0 -0.012441 -0.054151 0.055704 0.9969 1.0 1.0 1.0
0.0 0.02367 0.0 -0.012441 0.054151 -0.055704 0.9969 1.0 1.0 1.0
0.0 0.03623 0.0 -0.097624 -0.024638 0.030007 0.994466 1.0 1.0 1.0
0.0 0.03623 0.0 -0.097624 0.024638 -0.030007 0.994466 1.0 1.0 1.0
0.0 0.02854 0.0 -0.10703 -0.136513 0.163147 0.971232 1.0 1.0 1.0
0.0 0.02854 0.0 -0.10703 0.136513 -0.163147 0.971232 1.0 1.0 1.0
0.0 0.0256 0.0 0.00031 -0.008097 0.007455 0.999939 1.0 1.0 1.0
0.0 0.0256 0.0 0.00031 0.008097 -0.007455 0.999939 1.0 1.0 1.0
0.0 0.03034 0.0 -0.095399 -0.026326 0.020564 0.994878 1.0 1.0 1.0
0.0 0.03034 0.0 -0.095399 0.026326 -0.020564 0.994878 1.0 1.0 1.0
0.0 0.0149 0.0 -0.139529 0.030786 -0.023257 0.989466 1.0 1.0 1.0
0.0 0.0149 0.0 -0.139529 -0.030786 0.023257 0.989466 1.0 1.0 1.0
0.0 0.02547 0.0 -0.063068 -0.021841 0.019247 0.997585 1.0 1.0 1.0
0.0 0.02547 0.0 -0.063068 0.021841 -0.019247 0.997585 1.0 1.0 1.0
0.0 0.03517 0.0 0.000944 -0.037487 0.036005 0.998648 1.0 1.0 1.0
0.0 0.03516 0.0 0.000944 0.037487 -0.036005 0.998648 1.0 1.0 1.0
