0.0 0.0098 0.82681 0.70743 0.0 0.0 0.706783 1.0 1.0 1.0
0.1077 0.03506 0.01163 0.968925 0.009411 -0.02052 0.246323 1.0 1.0 1.0
-0.1077 0.03504 -0.00837 -0.982604 0.008134 0.021063 0.184335 1.0 1.0 1.0
0.0 0.11713 0.0 0.101104 0.0 0.0 0.994876 1.0 1.0 1.0
0.0 0.40282 0.0 0.223677 0.015175 -0.015572 0.974421 1.0 1.0 1.0
0.0 0.40282 0.0 0.138286 -0.007959 0.017351 0.990208 1.0 1.0 1.0
0.0 0.11316 0.0 -0.119578 0.0 0.0 0.992825 1.0 1.0 1.0
0.0 0.40599 0.0 -0.522793 -0.027388 0.019926 0.851787 1.0 1.0 1.0
0.0 0.40599 0.0 -0.66187 0.051893 -0.024066 0.747433 1.0 1.0 1.0
0.0 0.14148 0.0 -0.053705 0.0 0.0 0.998557 1.0 1.0 1.0
0.0 0.1733 0.0 -0.178249 0.005593 0.022454 0.983713 1.0 1.0 1.0
0.0 0.1733 0.0 -0.262806 0.003762 -0.024693 0.964525 1.0 1.0 1.0
0.0 0.24737 0.0 0.155396 0.0 0.0 0.987852 1.0 1.0 1.0
0.09603 0.21389 0.04364 -0.564669 -0.35461 -0.450823 0.59343 1.0 1.0 1.0
-0.09603 0.21389 0.04364 -0.564669 0.35461 0.450823 0.59343 1.0 1.0 1.0
-0.01972 0.08367 -0.03847 -0.365715 0.305855 -0.004085 0.879027 1.0 1.0 1.0
0.01972 0.08367 -0.03847 -0.445485 0.057296 0.225294 0.864583 1.0 1.0 1.0
0.0 0.0994 0.0 -0.048828 1e-06 1e-06 0.998807 1.0 1.0 1.0
0.0 0.26759 0.0 -0.091328 -0.045316 -0.167042 0.980664 1.0 1.0 1.0
0.0 0.26759 0.0 -0.179887 0.122901 0.16549 0.961847 1.0 1.0 1.0
0.05424 0.12331 0.10485 0.482032 -0.517346 -0.482032 0.517343 1.0 1.0 1.0
-0.05424 0.12331 0.10485 0.482032 0.517344 0.482032 0.517345 1.0 1.0 1.0
-0.03846 0.16544 -0.00076 -0.287305 -0.4865 0.464954 0.681609 1.0 1.0 1.0
0.03846 0.16544 -0.00076 0.206273 -0.045164 -0.710927 0.670816 1.0 1.0 1.0
0.0 0.26236 0.0 -0.081269 0.009153 0.010707 0.996593 1.0 1.0 1.0
0.0 0.26236 0.0 -0.081269 -0.009153 -0.010707 0.996593 1.0 1.0 1.0
0.0 0.13101 0.0 -0.366216 -0.075109 -0.110193 0.920925 1.0 1.0 1.0
0.0 0.13101 0.0 0.194256 0.152595 -0.007236 0.968982 1.0 1.0 1.0
0.00631 0.07413 -0.04325 -0.025177 -0.01087 0.020157 0.999421 1.0 1.0 1.0
-0.00631 0.07413 -0.04325 -0.025177 0.01087 -0.020157 0.999421 1.0 1.0 1.0
0.04573 0.11286 -0.0052 -0.074034 0.118242 -0.194817 0.970868 1.0 1.0 1.0
-0.04573 0.11286 -0.0052 -0.074034 -0.118242 0.194817 0.970868 1.0 1.0 1.0
0.01789 0.12159 -0.00077 -0.089009 0.039008 -0.062389 0.993309 1.0 1.0 1.0
-0.01789 0.12159 -0.00077 -0.089009 -0.039008 0.062389 0.993309 1.0 1.0 1.0
-0.02936 0.1099 -0.0018 -0.142916 -0.076417 0.10839 0.980809 1.0 1.0 1.0
0.02936 0.1099 -0.0018 -0.142916 0.076417 -0.10839 0.980809 1.0 1.0 1.0
-0.0078 0.12036 -0.00132 -0.060051 -0.013198 0.022552 0.997853 1.0 1.0 1.0
0.0078 0.12036 -0.00132 -0.060051 0.013198 -0.022552 0.997853 1.0 1.0 1.0
0.0348 0.04016 -0.01632 -0.045435 0.319639 -0.5478 0.771805 1.0 1.0 1.0
-0.0348 0.04016 -0.01632 -0.045435 -0.319639 0.5478 0.771805 1.0 1.0 1.0
0.0 0.13612 0.0 0.117722 0.185467 -0.147012 0.964433 1.0 1.0 1.0
0.0 0.13612 0.0 0.011559 -0.022608 -0.165668 0.985855 1.0 1.0 1.0
0.0 0.03494 0.0 -0.102475 -0.007274 0.008222 0.994675 1.0 1.0 1.0
0.0 0.03494 0.0 -0.102474 0.007273 -0.008222 0.994675 1.0 1.0 1.0
0.0 0.03784 0.0 -0.081863 -0.014703 0.016425 0.9964 1.0 1.0 1.0
0.0 0.03784 0.0 -0.081863 0.014703 -0.016425 0.9964 1.0 1.0 1.0
0.0 0.02367 0.0 -0.012441 -0.054151 0.055704 0.9969 1.0 1.0 1.0
0.0 0.02367 0.0 -0.012441 0.054151 -0.055704 0.9969 1.0 1.0 1.0
0.0 0.03623 0.0 -0.097624 -0.024638 0.030007 0.994466 1.0 1.0 1.0
0.0 0.03623 0.0 -0.097624 0.024638 -0.030007 0.994466 1.0 1.0 1.0
0.0 0.02854 0.0 -0.10703 -0.136513 0.163147 0.971232 1.0 1.0 1.0
0.0 0.02854 0.0 -0.10703 0.136513 -0.163147 0.971232 1.0 1.0 1.0
0.0 0.0256 0.0 0.00031 -0.008097 0.007455 0.999939 1.0 1.0 1.0
0.0 0.0256 0.0 0.00031 0.008097 -0.007455 0.999939 1.0 1.0 1.0
0.0 0.03034 0.0 -0.095399 -0.026326 0.020564 0.994878 1.0 1.0 1.0
0.0 0.03034 0.0 -0.095399 0.026326 -0.020564 0.994878 1.0 1.0 1.0
0.0 0.0149 0.0 -0.139529 0.030786 -0.023257 0.989466 1.0 1.0 1.0
0.0 0.0149 0.0 -0.139529 -0.030786 0.023257 0.989466 1.0 1.0 1.0
0.0 0.02547 0.0 -0.063068 -0.021841 0.019247 0.997585 1.0 1.0 1.0
0.0 0.02547 0.0 -0.063068 0.021841 -0.019247 0.997585 1.0 1.0 1.0
0.0 0.03516 0.0 0.000944 -0.037487 0.036005 0.998648 1.0 1.0 1.0
0.0 0.03516 0.0 0.000944 0.037487 -0.036005 0.998648 1.0 1.0 1.0
