-0.01 0.0098 0.84181 0.70743 0.0 0.0 0.706783 1.0 1.0 1.0
0.1077 0.02505 0.00164 -0.993555 -0.030616 -0.014419 0.108179 1.0 1.0 1.0
-0.1077 0.03506 0.01163 0.971399 -0.030467 0.015897 0.234954 1.0 1.0 1.0
0.0 0.11713 0.0 0.101104 0.0 0.0 0.994876 1.0 1.0 1.0
0.0 0.40282 0.0 0.069128 0.000566 -0.017653 0.997452 1.0 1.0 1.0
0.0 0.40282 0.0 0.273995 -0.021388 0.015653 0.961366 1.0 1.0 1.0
0.0 0.11316 0.0 -0.119578 0.0 0.0 0.992825 1.0 1.0 1.0
0.0 0.40599 0.0 -0.673293 -0.062395 0.029019 0.736167 1.0 1.0 1.0
0.0 0.40599 0.0 -0.58628 0.063994 -0.026562 0.80714 1.0 1.0 1.0
0.0 0.14148 0.0 -0.053705 0.0 0.0 0.998557 1.0 1.0 1.0
0.0 0.1733 0.0 -0.220738 0.000917 0.023596 0.975047 1.0 1.0 1.0
0.0 0.1733 0.0 -0.178249 -0.005593 -0.022454 0.983713 1.0 1.0 1.0
0.0 0.24737 0.0 0.155396 0.0 0.0 0.987852 1.0 1.0 1.0
0.09603 0.21389 0.04364 -0.573598 -0.340481 -0.461765 0.584663 1.0 1.0 1.0
-0.09603 0.21389 0.04364 -0.573598 0.340481 0.461765 0.584663 1.0 1.0 1.0
-0.01428 0.09995 -0.04187 -0.439321 -0.010303 -0.198718 0.876015 1.0 1.0 1.0
0.01428 0.09995 -0.04187 -0.390986 -0.225874 0.056048 0.890489 1.0 1.0 1.0
0.0 0.0994 0.0 -0.048828 1e-06 1e-06 0.998807 1.0 1.0 1.0
0.0 0.26759 0.0 -0.183205 -0.064068 -0.105143 0.975334 1.0 1.0 1.0
0.0 0.26759 0.0 -0.138302 0.024992 0.105712 0.984415 1.0 1.0 1.0
0.05424 0.12331 0.10485 0.482032 -0.517346 -0.482032 0.517343 1.0 1.0 1.0
-0.05424 0.12331 0.10485 0.482032 0.517344 0.482032 0.517345 1.0 1.0 1.0
-0.03846 0.16544 -0.00076 0.079982 -0.078352 0.597193 0.794245 1.0 1.0 1.0
0.03846 0.16544 -0.00076 -0.244981 0.420847 -0.422978 0.764174 1.0 1.0 1.0
0.0 0.26236 0.0 -0.081269 0.009153 0.010707 0.996593 1.0 1.0 1.0
0.0 0.26236 0.0 -0.081269 -0.009153 -0.010707 0.996593 1.0 1.0 1.0
0.0 0.13101 0.0 0.146885 -0.053336 -0.069856 0.985241 1.0 1.0 1.0
0.0 0.13101 0.0 -0.28073 0.097894 0.121548 0.947013 1.0 1.0 1.0
0.00631 0.07413 -0.04325 -0.025177 -0.01087 0.020157 0.999421 1.0 1.0 1.0
-0.00631 0.07413 -0.04325 -0.025177 0.01087 -0.020157 0.999421 1.0 1.0 1.0
0.04573 0.11286 -0.0052 -0.074034 0.118242 -0.194817 0.970868 1.0 1.0 1.0
-0.04573 0.11286 -0.0052 -0.074034 -0.118242 0.194817 0.970868 1.0 1.0 1.0
0.01789 0.12159 -0.00077 -0.089009 0.039008 -0.062389 0.993309 1.0 1.0 1.0
-0.01789 0.12159 -0.00077 -0.089009 -0.039008 0.062389 0.993309 1.0 1.0 1.0
-0.02936 0.1099 -0.0018 -0.142916 -0.076417 0.10839 0.980809 1.0 1.0 1.0
0.02936 0.1099 -0.0018 -0.142916 0.076417 -0.10839 0.980809 1.0 1.0 1.0
-0.0078 0.12036 -0.00132 -0.060051 -0.013198 0.022552 0.997853 1.0 1.0 1.0
0.0078 0.12036 -0.00132 -0.060051 0.013198 -0.022552 0.997853 1.0 1.0 1.0
0.0348 0.04016 -0.01632 -0.045435 0.319639 -0.547799 0.771805 1.0 1.0 1.0
-0.0348 0.04016 -0.01632 -0.045435 -0.319639 0.5478 0.771805 1.0 1.0 1.0
0.0 0.13612 0.0 0.028669 0.030711 0.074329 0.996348 1.0 1.0 1.0
0.0 0.13612 0.0 0.054902 -0.043962 0.122518 0.989971 1.0 1.0 1.0
0.0 0.03494 0.0 -0.102474 -0.007274 0.008222 0.994675 1.0 1.0 1.0
0.0 0.03494 0.0 -0.102474 0.007273 -0.008222 0.994675 1.0 1.0 1.0
0.0 0.03784 0.0 -0.081863 -0.014703 0.016425 0.9964 1.0 1.0 1.0
0.0 0.03784 0.0 -0.081863 0.014703 -0.016425 0.9964 1.0 1.0 1.0
0.0 0.02367 0.0 -0.012441 -0.054151 0.055704 0.9969 1.0 1.0 1.0
0.0 0.02367 0.0 -0.012441 0.054151 -0.055704 0.9969 1.0 1.0 1.0
0.0 0.03623 0.0 -0.097624 -0.024638 0.030007 0.994466 1.0 1.0 1.0
0.0 0.03623 0.0 -0.097624 0.024638 -0.030007 0.994466 1.0 1.0 1.0
0.0 0.02854 0.0 -0.10703 -0.136513 0.163147 0.971232 1.0 1.0 1.0
0.0 0.02854 0.0 -0.10703 0.136513 -0.163147 0.971232 1.0 1.0 1.0
0.0 0.0256 0.0 0.00031 -0.008097 0.007455 0.999939 1.0 1.0 1.0
0.0 0.0256 0.0 0.00031 0.008097 -0.007455 0.999939 1.0 1.0 1.0
0.0 0.03034 0.0 -0.095399 -0.026326 0.020564 0.994878 1.0 1.0 1.0
0.0 0.03034 0.0 -0.095399 0.026326 -0.020564 0.994878 1.0 1.0 1.0
0.0 0.0149 0.0 -0.139529 0.030786 -0.023257 0.989466 1.0 1.0 1.0
0.0 0.0149 0.0 -0.139529 -0.030786 0.023257 0.989466 1.0 1.0 1.0
0.0 0.02547 0.0 -0.063068 -0.021841 0.019247 0.997585 1.0 1.0 1.0
0.0 0.02547 0.0 -0.063068 0.021841 -0.019247 0.997585 1.0 1.0 1.0
0.0 0.03516 0.0 0.000944 -0.037487 0.036005 0.998648 1.0 1.0 1.0
0.0 0.03517 0.0 0.000944 0.037487 -0.036005 0.998648 1.0 1.0 1.0
